66.1696
64.9951
61.5761
56.2293
49.5643
42.5069
35.7337
30.6037
29.3697
31.9376
36.0679
39.8411
42.292
43.031
42.1803
40.2854
38.1146
36.4438
35.8288
36.4443
38.1146
40.2851
42.1811
43.0308
42.2916
39.8409
36.0674
31.9373
29.3694
30.6034
35.7337
42.5041
49.5641
56.2294
61.575
64.9935
66.1695
63.9485
62.0331
57.9581
52.102
45.1649
37.8518
30.953
27.0678
27.5542
30.9409
35.0831
38.6378
40.8816
41.4481
40.4925
38.543
36.3445
34.6681
34.0657
34.69
36.3493
38.5006
40.3388
41.1057
40.2737
37.7412
33.9469
30.233
28.9308
31.5347
36.8769
43.2587
50.0318
56.2017
60.88
63.5501
63.9485
57.7136
55.1772
50.6213
44.5171
37.4915
29.9133
24.0023
22.0843
23.9003
27.4693
31.3422
34.5406
36.4565
36.7967
35.6974
33.6778
31.4543
29.777
29.1825
29.8186
31.4682
33.5639
35.3403
36.0614
35.2036
32.6761
29.0778
26.1108
26.0659
29.2787
34.3012
40.3389
46.6469
52.1634
56.1051
58.0228
57.7137
48.6125
45.6679
40.944
34.9009
27.6728
20.7895
16.9193
16.7721
19.0273
22.3372
25.7387
28.5355
30.1021
30.1689
28.9047
26.8019
24.5609
22.8924
22.3052
22.9294
24.53
26.5373
28.23
28.8975
28.0295
25.6031
22.3675
20.2946
21.0732
24.2933
28.9008
34.5082
40.2074
45.0143
48.2393
49.4865
48.6126
38.3103
35.3827
30.9017
24.7966
18.0794
13.2074
11.3505
11.9092
13.9209
16.719
19.6152
21.9827
23.2078
23.0397
21.6194
19.44
17.1783
15.5081
14.9052
15.4679
16.9629
18.8419
20.4206
21.0235
20.1675
17.8892
15.1314
13.7793
14.8741
17.782
21.9552
27.003
32.0271
36.1384
38.7265
39.4774
38.3104
28.9105
26.4832
22.0953
16.4895
11.7012
8.85032
7.84129
8.23948
9.67452
11.7947
14.217
16.2229
17.1898
16.8458
15.3056
13.0665
10.7649
9.04724
8.41097
8.86487
10.1678
11.8931
13.3406
13.8782
13.0922
11.0377
8.70571
7.73609
8.73501
11.201
14.8402
19.2325
23.5609
27.0509
29.2021
29.8223
28.9103
22.4341
20.1962
16.4613
12.6851
9.66391
7.58365
6.45553
6.30238
6.97199
8.48543
10.5289
12.3261
13.1386
12.6888
11.0705
8.73643
6.35473
4.59292
3.76743
4.06139
5.25972
6.77896
8.13747
8.67759
8.03768
6.26124
4.22556
3.25909
3.87148
5.78986
8.77544
12.4561
16.151
19.2403
21.4188
22.5998
22.4732
19.488
17.9779
15.7793
13.4191
11.0204
8.82964
7.20429
6.31191
6.27552
7.28781
9.09549
10.8473
11.6316
11.0832
9.36419
6.91951
4.4769
2.48882
1.51675
1.65693
2.72446
4.16389
5.52957
6.17636
5.78098
4.30558
2.40611
1.16444
1.17517
2.40677
4.65047
7.65756
10.9594
14.2519
17.2399
19.2861
19.4882
20.5781
20.2964
19.158
17.1392
14.5457
11.8821
9.60458
7.9628
7.32459
8.07368
9.91491
11.7177
12.4763
11.8868
10.0623
7.46997
4.86972
2.71884
1.57982
1.63745
2.60124
4.16496
5.6674
6.53198
6.39672
5.20592
3.32462
1.66152
0.945758
1.39359
2.95135
5.56939
9.17121
13.3917
17.3183
19.7202
20.5776
25.1125
25.4501
24.4434
22.2371
19.2286
15.9636
12.9295
10.5392
9.51384
10.2958
12.2746
14.1564
14.9561
14.2898
12.3456
9.6123
6.79624
4.5433
3.39065
3.3682
4.48724
6.21968
7.96826
9.10836
9.19828
8.16105
6.2939
4.23404
2.82204
2.56057
3.72456
6.62663
11.1752
16.2979
20.5475
23.4434
25.1126
30.8665
31.2342
30.0078
27.4225
23.8624
19.8934
16.0978
13.0872
11.9535
12.9464
15.1349
17.0778
17.8516
17.1341
15.0873
12.2695
9.36781
7.13963
5.95025
6.02636
7.31191
9.31485
11.332
12.7353
13.0244
12.0494
10.0974
7.79062
5.83609
5.14312
6.52936
10.3119
15.7257
21.0922
25.5849
28.9147
30.8665
35.8856
36.0261
34.4783
31.4041
27.2242
22.5533
17.9668
14.6265
13.6869
15.0516
17.3855
19.2913
20.0179
19.2572
17.1671
14.3118
11.4103
9.19868
8.12411
8.43744
9.96703
12.2127
14.5151
16.1295
16.5577
15.6077
13.546
10.9736
8.8011
8.22525
10.3281
14.9343
20.6102
26.003
30.5891
34.019
35.8865
38.9558
38.7701
36.7657
33.1815
28.4278
23.03
17.901
14.6796
14.2466
15.8977
18.1909
19.999
20.649
19.8371
17.765
14.9645
12.1602
10.0679
9.19471
9.74769
11.496
13.9635
16.451
18.2195
18.7414
17.7873
15.6277
12.9226
10.7888
10.7948
13.6817
18.6751
24.1778
29.4562
34.0267
37.3187
38.9553
39.4592
38.9016
36.4959
32.4696
27.1668
21.1895
16.0983
13.4146
13.4559
15.2074
17.3316
18.9724
19.4978
18.6584
16.6525
13.9664
11.3458
9.46758
8.80661
9.53668
11.4877
14.1086
16.686
18.4954
19.0188
18.0581
15.8505
13.1654
11.4759
12.2361
15.6401
20.4432
25.648
30.78
35.1446
38.1554
39.4586
37.6347
36.771
34.0687
29.6722
23.9
17.826
13.267
11.2658
11.6086
13.2255
15.103
16.5471
16.9405
16.0984
14.1644
11.6695
9.26725
7.60358
7.11915
8.0005
10.0128
12.6585
15.2477
17.0398
17.4977
16.511
14.3318
11.9349
10.8727
12.2628
15.7031
20.0479
24.9669
29.8501
33.918
36.6302
37.635
34.3027
33.2922
30.4113
25.6967
19.7413
14.1522
10.3912
8.90693
9.23464
10.5665
12.1743
13.4148
13.7042
12.877
11.0785
8.77589
6.57472
5.08481
4.73855
5.65002
7.62936
10.1954
12.6732
14.3746
14.7925
13.8396
11.7876
9.82441
9.35547
10.9984
14.1172
18.0611
22.6732
27.2473
31.0375
33.4901
34.3027
30.7193
29.7494
26.691
21.76
16.1763
11.3827
8.28085
6.94671
7.00003
7.96432
9.31506
10.4244
10.7046
9.95503
8.28676
6.13566
4.07084
2.66578
2.33478
3.20319
5.07504
7.50019
9.80154
11.3866
11.8007
10.8931
9.11343
7.57307
7.47349
9.00953
11.6599
15.2647
19.597
23.8982
27.4884
29.8655
30.7193
28.1681
27.1696
23.911
19.2624
14.3907
10.2438
7.38183
5.87915
5.54813
6.09604
7.25573
8.33289
8.71824
8.08969
6.5396
4.47401
2.44468
1.02447
0.608013
1.34032
3.05007
5.2897
7.46403
8.95246
9.35891
8.64055
7.15365
5.93959
5.92817
7.11807
9.34153
12.6343
16.6853
20.8272
24.4571
27.0789
28.1681
27.2983
26.1167
23.0628
19.0018
14.7018
10.7726
7.77198
5.94143
5.1695
5.38143
6.46577
7.69957
8.23294
7.74289
6.25586
4.18967
2.09864
0.561962
0
0.561936
2.09875
4.19014
6.25591
7.74305
8.2327
7.69949
6.4654
5.38067
5.16943
5.94161
7.77187
10.7718
14.7011
19.0021
23.0624
26.1161
27.2981
