68.6229
67.2827
63.3834
57.5477
50.5332
42.8847
35.395
28.7512
26.2097
27.977
31.2427
34.3012
36.6063
37.1659
35.5904
33.226
30.7033
28.7944
28.5465
29.6346
31.5468
33.7677
35.8602
37.4499
37.0792
34.9595
32.3548
29.5679
27.9236
29.9664
36.2515
44.6718
52.7371
59.6727
64.7293
68.0128
69.2582
66.7289
64.4649
59.8087
53.2509
45.7623
38.3179
29.4268
24.0449
23.5971
26.2308
29.4497
32.6479
34.8244
34.8839
33.4085
31.2745
28.8152
27.2834
27.2255
28.3679
30.3033
32.5408
34.8898
36.3646
35.5792
33.6164
31.4134
29.452
29.2816
32.209
38.557
45.9838
53.2812
59.3678
63.6713
66.2088
66.6899
60.1802
57.2639
51.993
45.0992
37.5801
29.172
21.568
18.109
18.8851
21.8283
24.977
27.4386
28.9863
29.0482
27.6659
25.7469
23.3802
21.3585
20.4282
20.9161
22.8575
25.6806
28.5164
29.983
29.8524
28.382
26.2157
24.0846
24.4173
28.8065
35.7517
43.3635
50.3043
56.0318
59.9933
61.7486
61.2673
51.6723
48.1768
42.4242
35.0256
26.7638
18.8991
14.0005
12.9578
13.9015
16.0149
18.6375
20.7013
21.7673
21.8143
20.6218
18.6734
16.3617
14.6603
14.2061
15.0474
17.1143
19.5859
21.6426
22.8287
22.6133
21.0964
19.276
18.9801
20.6726
24.8532
30.4679
36.8331
42.9989
47.9911
51.1227
52.0428
50.7564
39.8515
36.1656
30.9963
24.2221
16.0248
9.52946
7.01749
6.6354
7.96291
10.6846
13.142
14.8682
15.7183
15.3982
13.8782
11.4644
9.00754
7.24449
6.80443
7.64073
9.4037
11.7809
14.3335
15.7057
15.5588
14.8399
13.447
13.1423
15.031
18.638
23.4341
28.7614
33.9403
38.2457
40.9709
41.5382
39.4899
28.5359
25.4485
20.7662
14.3824
8.49819
4.55025
3.05532
3.2458
4.10744
5.80338
8.46994
10.6748
11.5905
11.0799
9.4147
6.9136
4.70146
3.39112
3.13978
3.91559
5.44804
7.8216
10.0154
10.8989
11.1256
10.4754
9.18723
8.34158
9.72585
13.0435
17.4025
21.7462
25.4457
28.4648
30.399
30.8883
29.5068
22.1911
19.5393
14.5774
9.66851
5.65249
2.59268
0.508822
-0.12248
0.366126
1.78799
3.81385
5.67859
6.63803
6.19986
4.67084
2.18801
-0.180923
-1.7788
-2.36854
-1.72151
0.165196
2.69332
4.71587
5.94174
6.4299
6.05994
4.56055
3.69206
5.08801
8.00675
11.5872
15.0507
18.3727
20.9466
22.4524
23.1452
22.5948
19.5571
17.2349
13.2028
9.45768
6.64034
4.51723
2.6622
1.23616
0.975268
1.74714
3.5459
5.33801
6.29842
6.037
4.7453
2.68946
0.0609379
-1.9566
-2.85586
-2.42586
-1.07617
0.969571
2.77723
3.76224
3.78193
3.38369
2.95182
1.99593
2.03668
3.41344
5.66315
8.64543
11.6792
14.6809
17.2723
18.7832
18.5382
19.1873
18.2632
16.5831
13.9889
11.0112
8.14099
5.87571
4.40751
3.72094
4.27006
5.95232
7.82924
8.81349
8.43794
6.57465
3.76875
0.917796
-1.30306
-2.32467
-2.30185
-0.851161
1.21684
3.29057
4.51822
4.88886
4.52909
3.5214
2.20639
1.26056
1.39608
2.96534
5.76625
9.2792
13.0399
16.6757
18.688
19.0658
23.6487
23.0384
21.1596
18.6973
15.8304
12.5297
9.48241
7.13703
6.39097
7.47711
9.4686
11.2784
12.1566
11.6905
9.78747
7.11933
4.53119
2.58378
1.592
1.71553
3.00767
5.33263
7.79283
9.19035
9.49783
8.83691
7.10319
4.82866
3.32874
2.91562
3.53245
5.99969
10.5662
15.9067
20.0356
22.7509
23.895
28.7946
28.8807
27.512
24.5775
20.6737
16.621
12.7009
9.68983
8.82068
9.94802
12.2176
14.421
15.2529
14.6891
12.5932
9.78589
7.33192
5.49764
4.22984
4.3561
6.12553
8.6872
11.2037
12.7459
13.335
12.8767
11.0531
8.4465
6.26192
5.20335
6.34095
10.0806
15.3275
20.6523
24.861
27.506
29.0037
34.3378
34.5806
33.2967
30.0973
25.6126
20.7559
15.9816
12.7545
12.0103
13.5234
16.0609
18.0607
18.8386
18.1559
16.1274
13.4223
10.9928
9.1506
8.39771
8.7441
10.1726
12.5672
15.2386
17.029
17.3113
16.2722
14.3304
11.85
9.38474
8.47609
10.4292
14.7885
20.207
25.2534
29.4612
32.7603
34.492
37.9202
37.8856
35.8773
32.0312
26.8131
21.2212
15.8904
12.7065
12.5538
14.4409
16.9968
18.9456
19.6669
18.8938
16.783
14.0733
11.6496
9.86146
8.9209
9.48622
11.6239
14.4793
17.0205
18.8515
19.4971
18.6294
16.4871
13.6572
11.25
11.0214
13.7323
18.6744
24.431
29.9442
34.3885
37.2295
38.263
38.6873
37.6149
35.0169
30.9246
25.5317
19.4833
14.451
12.1789
12.7291
14.6974
16.8292
18.7031
19.6016
19.1062
16.9326
14.1439
11.7319
9.99614
9.36608
10.1649
12.5269
15.4462
17.9265
19.4284
19.7526
18.9468
16.55
13.344
11.2668
11.8034
14.9278
19.3594
24.4593
29.5693
33.9784
36.9747
38.1237
36.2163
35.5498
33.0024
28.6847
23.1623
17.3425
12.7406
10.6541
10.9978
12.7833
14.8846
16.5812
17.0047
16.1359
14.1853
11.8759
9.90562
8.48585
8.1072
9.18639
11.2006
13.8386
16.5634
18.3297
18.479
17.179
14.5107
11.7232
10.3209
11.3429
14.5669
19.0802
24.4108
29.3593
33.0683
35.3437
36.0872
32.8727
31.6683
28.4973
23.8289
18.3066
12.9618
9.37264
8.1396
8.72367
10.0943
11.8448
13.286
13.8644
13.095
11.4039
9.05044
6.54246
4.81328
4.52182
5.82984
8.12369
10.7005
13.0706
14.7314
14.8888
13.7684
11.5613
9.46516
8.71041
10.0274
12.9781
16.6795
21.1373
25.8968
29.9796
32.5055
33.1485
29.4367
28.2043
25.128
20.4192
15.0793
10.5096
7.67641
6.61999
6.77295
7.59943
9.31005
10.8335
11.1409
10.2714
8.5935
6.45148
4.34504
2.71235
2.34507
3.59707
5.79973
8.29296
10.5812
12.183
12.5114
11.1964
8.99313
7.12737
6.74861
8.22826
10.6295
14.1705
18.5924
23.0423
26.7023
28.9843
29.5555
26.9854
25.9822
22.7813
18.331
13.7815
9.91134
7.16066
5.70918
5.31459
5.85773
7.13543
8.18395
8.55293
8.14288
6.98144
5.10563
2.90472
1.48157
1.28463
1.98509
3.44072
5.53261
7.75796
9.34515
9.67615
8.77999
7.05561
5.66622
5.33467
6.41972
8.56475
11.8213
15.8336
20.1154
23.946
26.5656
27.4149
26.4992
25.0693
21.839
17.5978
13.4483
9.8958
7.12516
5.36311
4.63083
4.63808
5.865
7.34371
8.00875
7.73409
6.36744
4.15698
1.89131
0.3661
0
0.614682
2.08302
4.10473
6.25168
7.60077
7.91045
7.18358
5.79529
4.49171
4.10867
4.88915
6.73228
9.54624
13.4725
18.0124
22.2284
25.2583
26.258
