66.8521
65.5945
61.9224
56.094
48.7181
40.9833
34.5589
28.8484
26.9753
29.6651
34.3647
38.5761
40.6718
41.0689
39.8416
37.6214
35.1801
33.3201
32.6355
33.3197
35.1801
37.6211
39.8417
41.0688
40.6717
38.5757
34.3648
29.6649
26.9751
28.8483
34.5582
40.983
48.718
56.0937
61.922
65.5924
66.8514
64.6457
62.5774
58.1226
51.6472
43.9318
36.445
29.7186
24.8521
25.1612
29.0581
33.9859
37.502
39.4835
39.6895
38.344
36.0298
33.5353
31.6685
31.0005
31.6852
33.5015
35.8822
38.0299
39.1375
38.5859
36.1398
31.75
27.7463
26.706
30.135
35.2799
41.9866
49.5275
56.3009
61.3643
64.2201
64.6459
58.4016
55.5533
50.4365
43.5978
36.1183
28.9382
21.9817
19.5574
21.7737
26.2539
30.7372
33.7409
35.4238
35.3981
33.8963
31.5069
28.9843
27.1291
26.466
27.1294
28.8848
31.1791
33.2334
34.2651
33.747
30.8066
26.6586
23.7112
23.9743
27.9356
32.7542
39.4237
46.4537
52.5011
56.7608
58.7975
58.4016
49.0859
45.6371
40.3001
33.8554
26.9007
18.9786
14.3411
14.4436
17.5618
21.7486
25.5064
28.1134
29.4778
29.205
27.5617
25.0928
22.5738
20.7436
20.0731
20.6935
22.3702
24.5536
26.4959
27.6021
26.6788
23.6527
20.113
18.2152
19.6979
22.9357
27.7159
34.0029
40.3446
45.5901
49.0167
50.2319
49.0863
38.3241
34.9209
30.291
24.4467
16.6372
10.7657
8.9418
10.3348
13.3464
16.5751
19.4716
21.9078
23.0012
22.5369
20.7609
18.2658
15.7651
13.9405
13.257
13.7914
15.3286
17.3575
19.1604
20.1295
19.0125
16.2122
13.2576
12.2674
14.0206
16.7765
21.2511
26.8922
32.4261
36.8135
39.4268
39.9255
38.324
28.5649
26.2669
22.1627
15.5194
9.70776
6.65906
6.29345
7.77733
9.73714
11.7561
14.2678
16.4402
17.3773
16.7953
14.9644
12.4519
9.94366
8.09562
7.31798
7.73018
9.11592
10.9717
12.635
13.4711
12.2857
9.78204
7.42
6.94201
8.44663
10.7531
14.6078
19.3865
24.0093
27.5409
29.4853
29.7417
28.5644
22.4683
20.5108
15.8425
11.2586
8.08347
6.38587
6.12196
6.61587
7.45054
8.66743
10.7971
12.8338
13.7309
13.1102
11.2311
8.66452
6.20757
4.2567
3.23874
3.47467
4.69048
6.40835
7.99144
8.79847
7.751
5.55986
3.68744
3.22556
4.13976
5.91005
8.84754
12.5959
16.2655
19.1671
21.1064
22.21
22.4682
19.7254
17.5407
14.9013
12.4247
10.3716
8.69802
7.52334
6.76121
6.65244
7.56995
9.59148
11.7602
12.6697
12.032
10.0897
7.42812
4.72706
2.61699
1.5402
1.5293
2.62521
4.28069
5.90701
6.68547
6.18581
4.36647
2.53957
1.67982
1.9398
2.78631
4.67286
7.31727
10.3433
13.4789
16.6331
19.3825
19.7256
20.1734
19.703
18.5936
17.0045
14.76
12.253
9.98118
8.49683
7.67494
8.44327
10.6823
12.8385
13.744
13.0466
10.9985
8.18662
5.33809
3.08496
1.87747
1.88836
2.87272
4.62884
6.43124
7.53232
7.47104
5.95755
4.02371
2.53269
1.86539
1.7108
2.35815
4.39141
7.77447
12.3814
17.1559
19.7386
20.1736
24.5178
25.1673
24.5604
22.6039
19.4329
16.1666
13.2924
10.9659
9.71881
10.7441
13.1376
15.3693
16.1933
15.4029
13.2328
10.2912
7.30388
4.95839
3.71718
3.75743
4.96107
6.78849
8.84313
10.2904
10.4931
9.45007
7.32693
5.15556
3.45413
2.34917
2.41399
4.85565
9.70965
15.5933
20.0721
22.8307
24.5178
30.6821
31.3878
30.1606
27.5821
23.9827
20.0029
16.4697
13.3367
12.0513
13.3693
16.0138
18.2078
18.942
18.2431
15.9749
12.9328
9.68006
7.31265
6.12125
6.29642
7.7024
9.88787
12.2059
13.8461
14.3688
13.3783
11.1148
8.54595
5.93917
4.35767
4.95836
8.67119
14.6786
20.2592
24.7647
28.36
30.6822
35.783
36.0417
34.5084
31.4009
27.2747
22.6576
18.1443
14.493
13.6519
15.4781
18.456
20.5216
21.108
20.134
17.8119
14.7412
11.7035
9.40722
8.35334
8.50108
10.1392
12.5842
15.1442
17.091
17.6934
16.8849
14.5896
11.3633
8.50982
7.21865
9.13755
14.1037
19.6798
25.0935
30.0279
33.8478
35.7835
38.7964
38.7526
36.7353
33.0831
28.295
23.0086
17.7062
14.2699
14.1638
16.5962
19.3161
21.1459
21.6251
20.5794
18.2519
15.2348
12.2839
10.1149
9.253
9.82593
11.6858
14.1386
16.869
18.9357
19.7364
18.8408
16.5189
13.1325
10.4346
10.0461
13.2619
18.1759
23.3818
28.9123
33.5835
37.0543
38.796
39.262
38.6809
36.2158
32.1278
26.8821
20.8775
15.3976
13.0124
13.6331
16.0302
18.5032
20.1193
20.4685
19.3628
16.9691
14.0808
11.3942
9.42308
8.73551
9.49473
11.5409
14.3252
16.9334
19.0486
19.8313
18.9896
16.4604
13.2211
10.9464
11.6567
15.3155
19.7517
24.8548
30.1827
34.7117
37.934
39.2621
37.1954
36.2751
33.5385
29.1888
23.5739
17.1113
12.4389
10.8835
11.9238
14.1497
16.3123
17.6106
17.8289
16.7233
14.5269
11.8005
9.20915
7.4351
6.92242
7.92604
10.0244
12.8442
15.6448
17.7046
18.224
17.2947
14.831
11.9356
10.3932
11.9272
15.4266
19.3237
24.2371
29.3677
33.5135
36.2381
37.1951
33.6113
32.6179
30.0592
25.327
18.9409
13.0219
9.54703
8.75434
9.76192
11.5398
13.3651
14.5284
14.6753
13.607
11.5357
8.96986
6.56766
4.95072
4.55254
5.50066
7.67799
10.4131
13.1249
15.0942
15.7327
14.7404
12.168
9.76129
9.13396
10.9396
13.7389
17.4213
22.0413
26.6763
30.4632
32.8591
33.6114
30.1374
29.3641
26.4008
21.0885
15.0551
10.247
7.672
7.10922
7.71301
8.92694
10.4534
11.5224
11.7462
10.771
8.82927
6.4261
4.16509
2.63325
2.25478
3.14981
5.10689
7.68899
10.35
12.2035
12.783
11.8243
9.68925
7.61558
7.4999
9.08197
11.3111
14.6745
18.9228
23.1744
26.6837
29.0064
30.1373
27.7893
26.9521
23.3924
18.3091
13.2844
9.34439
7.05766
6.24386
6.29737
6.94663
8.23646
9.52503
9.78411
8.95532
7.15037
4.82052
2.58851
1.03883
0.58336
1.35195
3.1585
5.57987
7.99163
9.85736
10.4622
9.62078
7.82515
6.37855
6.39774
7.47317
9.22443
12.1958
15.849
19.862
23.6622
26.3996
27.7893
27.1283
25.6924
22.2734
18.05
13.8251
10.172
7.637
6.34788
5.83759
6.04716
7.29117
8.78214
9.39464
8.60019
6.85586
4.54015
2.2552
0.597853
0
0.597905
2.2552
4.54012
6.85573
8.60006
9.39472
8.7819
7.2912
6.04721
5.83759
6.34778
7.63705
10.1726
13.8251
18.0499
22.2734
25.6924
27.1285
