66.628
64.44
58.268
49.193
38.844
29.362
22.783
19.727
20.818
25.355
31.134
36.192
39.309
39.871
38.092
34.775
31.166
28.54
27.618
28.54
31.166
34.776
38.091
39.871
39.309
36.192
31.134
25.356
20.819
19.727
22.783
29.362
38.844
49.192
58.268
64.44
66.626
65.448
62.531
55.719
46.206
35.863
26.872
20.499
18.255
20.578
25.752
31.561
36.374
39.153
39.323
37.223
33.772
30.159
27.503
26.453
27.478
30.343
33.972
37.083
38.551
37.627
34.275
29.122
23.637
19.955
19.577
23
30.31
40.049
50.081
58.565
64.024
65.448
62.018
58.44
51.125
41.418
31.304
22.409
16.746
16.073
19.493
24.805
30.379
34.859
37.163
36.913
34.494
30.821
27.039
24.237
23.417
24.863
27.952
31.515
34.361
35.508
34.299
30.788
25.731
20.697
17.504
17.564
21.836
29.715
39.313
48.817
56.613
61.325
62.018
56.643
52.54
44.954
35.293
25.108
16.753
12.963
13.756
17.527
22.645
27.822
31.797
33.571
32.855
30.057
26.025
22.069
19.586
19.355
21.225
24.368
27.7
30.257
31.094
29.668
26.132
21.187
16.414
13.608
14.57
19.648
27.562
36.704
45.543
52.616
56.608
56.643
49.925
45.533
37.845
27.972
18.321
11.943
9.9651
11.409
14.976
19.664
24.277
27.613
28.788
27.488
24.187
20.012
16.462
14.699
15.034
17.058
20.03
23.087
25.316
25.9
24.321
20.691
15.785
11.284
9.3664
11.238
16.534
24.039
32.527
40.657
47.031
50.386
49.925
42.8
38.152
30.181
21.017
13.426
9.1154
7.9415
9.2613
12.329
16.414
20.32
22.934
23.352
21.481
18.067
14.393
11.641
10.521
11.069
12.97
15.65
18.414
20.334
20.634
18.791
15.003
10.356
6.7036
5.7138
7.8852
12.789
19.638
27.408
34.868
40.654
43.554
42.8
35.974
31.177
24.217
17.143
11.608
8.1739
6.8767
7.6777
10.103
13.405
16.544
18.33
18.189
16.336
13.484
10.611
8.5095
7.6175
8.0265
9.6311
11.984
14.415
15.927
15.792
13.788
10.371
6.5549
3.7701
3.0468
4.8263
9.0361
15.151
22.261
29.185
34.567
37.134
35.974
30.768
27.255
22.321
17.047
12.245
8.6436
6.7674
6.8129
8.4784
11.041
13.522
14.963
14.944
13.629
11.462
9.1015
7.1365
6.0663
6.1467
7.3538
9.2735
11.24
12.446
12.342
10.848
8.2406
5.146
2.5783
1.4599
2.5401
5.9855
11.435
18.03
24.539
29.512
31.718
30.768
29.522
27.766
24.182
19.382
14.337
10.137
7.4641
6.7966
7.8614
10.018
12.373
14.015
14.495
13.654
11.788
9.3997
7.1466
5.6796
5.311
6.1001
7.6753
9.5472
11.024
11.567
10.825
8.8049
5.8266
2.8197
0.97658
1.2582
4.0056
8.9074
15.069
21.262
26.219
29.058
29.522
32.138
31.22
27.838
22.785
17.215
12.31
9.0129
7.8473
8.6374
10.811
13.371
15.387
16.148
15.406
13.4
10.717
8.0832
6.1928
5.4867
6.0796
7.7439
9.9973
12.074
13.254
12.968
10.992
7.7973
4.2513
1.7117
1.2647
3.4017
7.9075
13.981
20.478
26.265
30.387
32.138
36.357
35.456
31.808
26.275
20.179
14.782
11.104
9.6824
10.495
12.813
15.583
17.734
18.455
17.538
15.28
12.321
9.429
7.3487
6.5637
7.2857
9.287
11.967
14.489
15.963
15.699
13.599
10.158
6.3882
3.4786
2.6228
4.468
8.9587
15.371
22.59
29.295
34.183
36.356
40.238
39.105
35.087
29.131
22.591
16.828
12.938
11.463
12.286
14.69
17.524
19.645
20.271
19.189
16.72
13.565
10.543
8.4295
7.8059
8.7854
11.088
14.046
16.703
18.2
17.888
15.707
12.189
8.3708
5.4939
4.6446
6.5885
11.339
18.181
25.909
33
38.092
40.238
42.776
41.417
37.048
30.733
23.842
17.817
13.764
12.217
13.051
15.477
18.295
20.371
20.919
19.717
17.13
13.86
10.831
8.819
8.3433
9.5465
12.017
15.037
17.72
19.188
18.877
16.708
13.26
9.5329
6.8138
6.2258
8.4337
13.463
20.558
28.46
35.654
40.734
42.776
43.564
42.021
37.415
30.814
23.681
17.471
13.3
11.673
12.443
14.792
17.559
19.597
20.104
18.876
16.283
13.037
10.078
8.1848
7.846
9.1029
11.609
14.635
17.278
18.689
18.391
16.336
13.051
9.5379
7.0556
6.6913
9.1394
14.33
21.517
29.445
36.598
41.631
43.564
42.734
41.076
36.317
29.542
22.25
15.917
11.657
9.9285
10.588
12.818
15.501
17.49
18.02
16.868
14.351
11.238
8.4047
6.6238
6.3402
7.6002
10.007
12.918
15.488
16.897
16.654
14.768
11.693
8.442
6.2093
6.067
8.6315
13.844
20.971
28.81
35.912
40.892
42.734
40.84
39.118
34.286
27.427
20.057
13.66
9.3021
7.458
7.9723
10.062
12.649
14.621
15.212
14.175
11.852
8.9291
6.2435
4.539
4.2506
5.4004
7.687
10.424
12.896
14.331
14.191
12.492
9.6959
6.6968
4.6887
4.6826
7.2759
12.415
19.412
27.131
34.147
39.063
40.84
38.658
36.903
32.047
25.174
17.785
11.346
6.9054
4.9202
5.2742
7.2343
9.7391
11.707
12.402
11.551
9.4464
6.7213
4.1672
2.4906
2.134
3.1338
5.2327
7.8404
10.237
11.711
11.737
10.259
7.6916
4.9252
3.0903
3.1501
5.6938
10.698
17.538
25.124
32.052
36.908
38.658
36.973
35.214
30.359
23.495
16.104
9.6159
5.0733
2.9353
3.1295
4.9709
7.4382
9.481
10.308
9.6718
7.7854
5.231
2.7567
1.0553
0.57286
1.3957
3.3334
5.8363
8.2106
9.754
9.9927
8.7309
6.3998
3.8042
2.0343
2.0856
4.5144
9.3578
16.045
23.521
30.396
35.239
36.973
36.351
34.609
29.756
22.899
15.49
8.9208
4.2395
1.9595
1.9941
3.7648
6.2591
8.4316
9.4397
9.0154
7.3116
4.8991
2.4388
0.64141
0
0.64144
2.4388
4.8995
7.3119
9.0155
9.4393
8.4312
6.26
3.7647
1.9944
1.9595
4.2395
8.9208
15.49
22.899
29.756
34.608
36.351
