65.6442
64.4442
60.915
55.3257
48.2364
40.8116
34.6474
29.1353
27.5926
30.5236
35.5132
40.1868
42.9079
43.4237
42.3642
40.3493
38.1165
36.4412
35.8408
36.4409
38.116
40.3493
42.3638
43.4236
42.8921
40.1861
35.5131
30.5235
27.5924
29.1351
34.6469
40.8113
48.236
55.3256
60.9141
64.4424
65.6437
63.4608
61.4853
57.2135
50.9969
43.6097
36.4548
29.9476
25.4335
26.0278
30.3945
35.5955
39.684
41.7955
42.1025
40.917
38.8158
36.5401
34.8222
34.1976
34.7935
36.4028
38.528
40.4823
41.4261
40.4493
37.6489
32.9139
28.5248
27.1071
30.2793
35.2969
41.7367
48.9597
55.4731
60.3356
63.0707
63.4605
57.3048
54.5789
49.6875
43.166
36.038
29.1179
22.5281
20.4729
22.9202
27.6087
32.4768
36.0398
37.7826
37.869
36.5435
34.3473
32.0261
30.323
29.6848
30.2226
31.7662
33.8291
35.6479
36.4966
35.3003
32.3225
27.446
24.1904
24.5356
28.0259
32.7123
39.116
45.8663
51.6621
55.7531
57.7019
57.3046
48.1396
44.8686
39.7845
33.6583
27.0183
19.4172
15.1675
15.7171
19.1894
23.6619
27.376
30.4587
31.8997
31.7463
30.256
27.9709
25.6345
23.9129
23.2814
23.7773
25.2521
27.1668
28.8766
29.3043
28.1452
24.7111
20.8363
18.6245
19.8826
23.1832
27.6511
33.6787
39.7649
44.8018
48.0946
49.2451
48.1398
37.5896
34.3548
29.9518
24.421
16.8491
11.3441
9.95655
12.0541
14.9672
18.6301
21.8751
24.2494
25.4006
25.0739
23.4629
21.1341
18.801
17.1053
16.4087
16.8401
18.2023
19.975
21.544
21.7777
20.4734
16.854
13.934
12.6167
14.1702
17.0252
21.1952
26.6165
31.9132
36.13
38.614
39.099
37.5897
27.9884
25.7965
21.8725
15.3782
9.91985
7.37742
7.83625
9.31556
11.3806
14.0749
16.6962
18.7321
19.7301
19.2623
17.5865
15.2555
12.8863
11.1519
10.43
10.7213
11.9033
13.5291
14.9425
15.037
13.7483
10.4458
8.08812
7.25785
8.76481
11.0226
14.601
19.2058
23.6178
26.9984
28.8643
29.1357
27.988
21.9271
19.9917
15.4386
11.1443
8.35426
7.52114
7.34762
8.0042
9.42197
11.186
13.1608
15.0323
15.9487
15.459
13.716
11.2949
8.68526
7.08223
6.20442
6.36209
7.41402
8.89304
10.2095
10.3166
9.18907
6.66953
4.33507
3.52725
4.95043
6.2316
8.92326
12.5283
16.0345
18.8304
20.6668
21.676
21.9275
18.9545
16.9298
14.4703
12.5477
11.1079
9.58476
9.09345
8.73215
8.99536
9.92413
11.7684
13.4807
14.4004
13.8453
12.0175
8.99604
7.02198
5.05787
4.07052
4.27951
5.21093
6.67281
8.02484
8.30776
7.52621
5.36117
3.56469
2.61923
2.78109
3.64585
4.86124
7.26142
10.1514
13.0913
16.0666
18.6842
19.1184
19.2746
18.9272
18.6572
17.1379
15.5256
13.287
11.7254
10.3884
9.85174
10.6095
12.3409
14.3748
14.5837
13.9555
12.0279
9.3801
6.72658
4.80065
4.21311
4.18289
5.32843
6.84612
8.38151
9.27857
8.64157
6.75305
4.943
3.30133
2.59163
2.43933
2.60093
4.50336
7.60185
11.9521
16.5687
18.9775
19.2748
24.3175
24.9727
24.4322
23.0515
20.6113
17.616
14.8715
12.6568
11.534
12.2308
13.9261
16.0159
16.8878
16.1676
14.1138
11.317
8.54947
6.36789
5.20038
5.22152
6.76941
8.72204
10.5231
11.7225
11.8011
10.3139
7.92266
5.86101
4.21209
3.20529
2.75441
4.92384
9.50704
15.4401
19.6593
22.213
24.3172
30.0789
31.207
30.5889
28.1998
24.9895
21.2517
17.6064
14.6433
13.4691
14.2333
16.622
18.7313
19.5245
18.6996
15.9471
13.6744
10.8102
8.61999
7.5114
7.63482
8.85014
11.3511
13.663
15.193
15.6134
14.5726
12.42
9.14057
6.73152
5.25184
5.72719
9.2598
15.072
20.3354
24.6384
28.0656
30.0643
35.946
36.2867
34.8184
31.8707
27.6369
23.2461
18.9873
15.4997
14.2361
15.8972
18.0484
20.0812
20.6012
19.6718
17.4632
14.5832
11.7181
9.78393
9.02269
9.75428
11.2071
13.4176
16.2735
18.0362
18.5751
17.6467
15.5183
12.4752
9.44067
7.75053
9.46031
14.2558
19.6445
24.7329
29.8918
33.5452
35.946
38.855
38.7483
36.6231
33.1485
28.6178
23.5757
18.5246
14.799
14.6961
16.2427
18.8198
20.5267
21.0497
20.0888
17.8823
15.0353
12.2798
10.2763
9.63167
10.1237
12.2221
14.6346
17.1662
19.5865
20.2554
19.6236
17.2757
14.2219
11.3076
10.818
13.8566
18.5766
23.5292
28.7758
33.7725
37.1888
38.8549
38.9561
38.4032
36.1102
32.2176
27.2538
21.4975
16.2936
13.002
13.4827
15.5692
17.806
19.4929
19.8824
18.8665
16.6311
13.8903
11.3944
9.57058
8.91441
9.60791
11.6228
14.1617
17.2142
19.1489
19.8756
19.4652
17.3053
14.3076
12.2445
12.828
16.3596
20.5217
25.373
30.5178
34.8613
37.6329
38.956
36.6033
35.7402
33.2178
29.4274
23.4875
17.7011
12.8453
10.9066
11.7561
13.7335
15.6549
17.111
17.2852
16.2873
14.2305
11.6473
9.23604
7.58678
7.11978
8.05188
9.95146
12.69
15.2947
17.2246
18.2686
17.3146
15.4385
12.8251
11.6425
13.0857
16.2323
20.0131
24.4
28.9916
33.034
35.6476
36.6034
33.1333
32.253
29.3045
24.8438
18.6653
13.0204
9.27337
8.46325
9.31173
11.2311
12.7895
13.953
14.181
13.2328
11.2883
8.89414
6.65722
5.16247
4.79634
5.66029
7.65751
10.1698
12.6888
14.6619
15.1801
14.6391
12.3894
10.439
9.73207
11.4213
14.0687
17.539
21.9389
26.3813
30.0435
32.346
33.1333
29.648
28.5915
25.831
20.683
14.9007
10.3208
7.33901
6.78077
7.34709
8.45114
9.81506
10.7002
10.973
10.1429
8.63606
6.07184
3.9586
2.54193
2.49039
3.31871
5.13062
7.22503
9.68287
11.5573
12.0427
11.0596
9.139
8.32677
8.15383
9.12275
11.7094
14.8686
18.9453
23.0313
26.4108
28.6961
29.648
27.0455
26.3052
22.8688
17.9426
13.1422
9.36035
6.6381
5.89574
5.97653
6.57008
7.7024
8.72546
9.02502
8.3367
6.6438
4.48601
2.42184
0.995038
0.56015
1.27935
2.94382
5.17407
7.43072
9.16163
9.76179
8.93851
7.34838
6.00945
5.97335
6.96288
8.62327
12.3472
16.0124
19.8956
23.3723
26.0368
27.0455
26.4372
25.0291
21.7115
17.6297
13.5476
10.0621
7.11253
5.94458
5.48404
5.6892
6.80742
8.12235
8.62668
7.96033
6.33399
4.18379
2.06929
0.549858
0
0.549937
2.06934
4.18373
6.33394
7.96128
8.628
8.12309
6.80755
5.68925
5.48417
5.94405
7.11235
9.56604
13.5475
17.6298
21.7116
25.0294
26.4382
