67.0669
65.8046
62.0972
56.2987
48.8914
41.1194
34.7216
29.2224
27.3599
30.4377
35.6672
40.7722
43.6322
44.1064
42.8742
40.6402
38.1811
36.3178
35.6354
36.3175
38.1805
40.6401
42.874
44.1067
43.6322
40.7714
35.6673
30.4376
27.3599
29.2222
34.7202
41.1194
48.8912
56.2984
62.0969
65.8029
67.0524
64.8325
62.7675
58.3067
51.8222
44.0884
36.5741
30.1179
25.2261
25.5397
30.3328
36.1493
39.8644
42.5051
42.7131
41.3404
39.0521
36.5545
34.6538
33.9967
34.6954
36.4872
38.8442
41.0364
42.142
40.9708
38.308
33.0193
28.5379
27.099
30.2681
35.4428
42.1568
49.7073
56.5116
61.5672
64.4216
64.8326
58.5751
55.7154
50.6167
43.7636
36.2515
29.0778
22.1119
19.936
22.5605
27.5677
32.9618
36.7332
38.426
38.3942
36.9278
34.5461
32.0235
30.1817
29.4996
30.1461
31.9007
34.1886
36.2207
37.2896
35.9414
33.0185
27.5213
24.0933
24.6782
28.0807
32.9279
39.5911
46.6376
52.6699
56.9492
58.9737
58.575
49.2446
45.7951
40.4468
34.0132
27.0543
19.1086
14.4282
14.5365
18.1373
23.6873
27.4543
30.8519
32.4639
31.9312
30.2821
28.1281
25.6207
23.7637
23.1341
23.7219
25.3923
27.5401
29.485
29.8058
28.8619
24.9798
20.6753
18.3527
19.8305
23.5315
27.8716
34.1497
40.5099
45.768
49.1943
50.4021
49.2449
38.4473
35.0772
30.4452
24.6116
16.7461
10.8698
9.03926
10.9397
14.385
18.5349
22.1972
24.6485
25.7014
25.2693
23.512
21.0165
18.505
16.7037
15.9868
16.5262
18.0897
20.086
21.8955
22.0826
20.97
16.7903
13.8247
12.4055
14.1566
17.3599
21.4032
27.0627
32.5704
36.9881
39.5818
40.0692
38.4474
28.7145
26.4078
22.271
15.584
9.78568
6.78301
7.33019
8.81144
10.8117
13.9291
16.9907
19.1251
20.0737
19.4938
17.6831
15.201
12.6746
10.8343
10.0986
10.4824
11.8236
13.6764
15.3611
15.4445
14.2761
10.3872
8.00946
7.07704
9.04905
11.3409
14.7311
19.5598
24.1653
27.6815
29.6222
29.8781
28.7142
22.5991
20.5726
15.9369
11.3807
8.17575
7.4042
7.11723
7.61944
9.35195
11.3967
13.4946
15.5293
16.4083
15.8024
13.9384
11.3738
8.82512
6.8635
5.95794
6.17415
7.40215
9.11119
10.6836
10.7963
9.73428
6.66134
4.28629
3.33326
5.26337
6.51232
8.96548
12.7219
16.4007
19.2845
21.2711
22.3527
22.5991
19.8247
17.6675
14.9731
13.0515
11.4701
9.78784
9.46729
8.9393
9.39189
10.2841
12.2332
14.2901
15.186
14.5373
12.6449
9.94865
7.26933
5.17481
4.1104
4.21506
5.332
7.00213
8.59998
8.8764
8.17715
5.47805
3.63692
2.77101
3.03944
3.88563
4.78723
7.24835
10.313
13.6236
16.7987
19.4571
19.6715
20.1028
20.0936
19.5432
17.8754
16.5452
14.0532
12.5621
11.053
10.4112
11.1581
13.1705
15.3692
15.3921
14.5167
12.4827
9.65785
6.82076
4.74872
4.41118
4.4073
5.5528
7.28904
9.08982
10.2749
9.46871
7.07278
5.13918
3.65808
2.80154
2.58079
2.35048
4.32864
7.74803
12.3425
17.0884
19.7185
20.1028
25.4935
26.0776
25.5407
24.3869
21.9955
18.7857
15.8296
13.475
12.2441
13.0596
15.4656
16.8471
17.6725
16.8816
14.7076
11.7467
8.78865
6.44676
5.19978
6.0957
7.29758
9.29506
11.3385
12.8671
13.0721
11.2242
8.27628
6.06824
4.37119
3.27135
2.88968
4.77568
9.63178
16.1
20.5995
23.3312
25.4932
31.645
33.2127
32.7604
30.1473
26.4743
22.508
18.7914
15.7382
14.3766
14.8686
17.4767
19.6796
20.4268
19.5184
17.2412
14.2043
11.1577
8.79241
7.61432
7.7887
10.0035
12.1944
14.5815
16.3167
16.9494
15.9337
13.0836
9.46375
6.86902
5.28713
5.85993
9.5931
15.6258
21.1936
25.7724
29.263
31.6454
38.3749
38.6321
37.0986
33.9552
29.6114
24.9742
20.5311
16.8674
15.122
16.9478
19.0991
21.211
21.4178
20.4163
18.085
15.0306
11.9729
10.0727
9.62718
10.003
11.6247
14.0567
17.4237
19.4166
20.1535
19.3308
17.2075
13.3732
10.2958
8.18983
10.1047
15.0839
20.7071
26.0366
31.866
35.6474
38.3751
41.314
41.1684
39.0725
35.3885
30.6035
25.3206
20.0842
16.6487
15.7124
17.2836
20.0065
21.443
21.9193
20.8783
18.5395
15.5241
12.583
10.415
9.95789
10.5421
13.0216
15.6505
18.3723
21.2822
22.0497
21.3455
19.0087
15.7511
12.2425
11.8233
15.11
19.9716
25.1746
30.6999
36.1681
39.6454
41.3139
41.5678
40.9747
38.5453
34.4028
29.1749
23.2046
17.792
14.3903
14.342
16.7028
18.7591
20.4268
20.7797
19.6548
17.3833
14.4844
11.6974
9.72091
8.99916
9.78169
12.2374
15.0152
18.4715
20.5478
21.3707
21.2998
18.9599
15.7377
13.5535
14.2371
17.9419
22.3564
27.4362
32.7749
37.2632
40.3081
41.5681
39.6195
38.6815
35.8588
31.4633
25.704
19.2881
13.9723
11.599
12.6364
14.8424
16.5857
18.0236
17.8595
16.7374
14.5493
11.8079
9.2212
7.42904
7.32008
8.23115
10.307
13.5345
16.3252
18.375
19.7286
18.8109
17.1338
14.3296
12.949
14.4966
17.84
21.8448
26.735
31.7692
35.9344
38.635
39.6193
36.0216
35.0271
32.2542
26.9151
20.5214
14.6602
10.2769
9.45159
10.4444
12.2156
13.6358
14.9232
14.6917
13.635
11.542
8.99719
6.58943
4.96046
4.54794
5.5267
7.98659
10.7228
13.8224
15.7518
16.3702
16.0755
13.6329
12.1069
11.4568
13.3741
16.1972
19.872
24.4605
29.0933
32.8769
35.2463
36.0213
32.3582
31.5695
27.9795
22.6607
16.6717
11.8659
8.44319
7.91572
8.536
9.73787
11.2529
12.0835
11.7655
10.7812
8.84696
6.42189
4.14606
2.60699
2.22572
3.12828
5.12146
8.10508
10.634
12.8836
13.5765
12.6048
10.5065
10.0917
9.94663
11.5099
13.7622
17.1207
21.3866
25.635
29.1071
31.4273
32.3582
29.3719
28.5172
24.9876
19.9231
14.916
10.9474
7.82286
7.0626
7.11904
7.7568
9.04918
10.325
9.91531
9.08515
7.28374
4.82055
2.57583
1.01651
0.548808
1.33664
3.16325
5.71143
8.1264
10.2719
11.2303
10.4114
8.64412
7.18182
7.19676
8.24021
10.0332
14.4799
18.3153
22.3187
25.889
28.6176
29.3718
28.6664
27.2632
24.5117
20.2954
15.4442
11.8151
8.41599
7.15517
6.63905
6.85466
8.0998
9.56643
9.81113
8.74951
6.97186
4.67179
2.37986
0.58483
0
0.585093
2.37983
4.67197
6.97128
8.75035
10.203
9.56882
8.10019
6.85476
6.6391
7.15517
8.41604
11.815
15.444
20.2957
24.5141
27.2651
28.6665
