67.535
66.437
63.365
58.707
52.951
46.637
40.489
35.258
31.343
29.822
30.873
32.583
33.534
33.342
32.073
30.029
27.771
26.034
25.374
26.034
27.771
30.029
32.073
33.342
33.534
32.583
30.873
29.822
31.343
35.258
40.489
46.637
52.951
58.707
63.365
66.437
67.533
66.438
64.737
61.291
56.461
50.607
44.273
37.99
32.076
28.219
28.134
30.196
32.18
33.246
33.058
31.723
29.532
27.08
25.104
24.267
24.846
26.631
28.933
31.002
32.342
32.612
31.8
30.525
30.351
32.08
35.692
41.078
47.39
53.731
59.345
63.65
66.118
66.437
63.365
61.291
57.66
52.678
46.68
39.991
32.689
26.321
24.3
25.945
28.547
30.669
31.692
31.374
29.764
27.164
24.282
22.069
21.27
22.129
24.168
26.635
28.798
30.222
30.547
29.828
28.882
28.777
30.356
34.447
40.285
46.75
52.982
58.275
61.967
63.651
63.365
58.707
56.461
52.678
47.501
41.036
33.165
24.771
20.365
20.718
23.327
26.092
28.179
28.97
28.285
26.112
22.923
19.727
17.629
17.273
18.585
20.906
23.501
25.781
27.221
27.465
26.635
25.463
25.182
27.467
32.328
38.399
44.814
50.715
55.378
58.274
59.345
58.707
52.951
50.607
46.68
41.036
33.337
23.984
17.446
15.93
17.659
20.391
23.052
24.842
25.197
23.873
21.052
17.541
14.492
12.936
13.164
14.831
17.33
20.013
22.266
23.551
23.462
22.172
20.708
21.035
24.395
29.613
35.622
41.642
46.879
50.715
52.982
53.731
52.951
46.637
44.273
39.991
33.165
23.984
16.383
13.091
13.206
15.011
17.42
19.672
20.912
20.637
18.723
15.68
12.395
9.9541
9.0283
9.6217
11.426
13.934
16.528
18.555
19.434
18.841
17.224
16.156
17.586
21.473
26.54
32.035
37.285
41.643
44.814
46.75
47.39
46.637
40.489
37.99
32.689
24.771
17.446
13.091
11.589
11.751
12.855
14.58
16.144
16.804
16.123
14.212
11.553
8.9361
7.116
6.4722
7.0819
8.7338
11.021
13.271
14.879
15.349
14.645
13.409
13.273
15.33
18.939
23.266
27.804
32.035
35.622
38.399
40.285
41.078
40.489
35.259
32.076
26.321
20.365
15.929
13.206
11.752
11.144
11.333
12.12
13.077
13.555
13.109
11.759
9.8041
7.774
6.1504
5.3923
5.6691
6.9009
8.7281
10.585
11.948
12.559
12.361
11.953
12.458
14.193
16.848
19.974
23.266
26.539
29.613
32.328
34.447
35.692
35.258
31.343
28.219
24.3
20.718
17.66
15.012
12.855
11.333
10.49
10.665
11.541
12.377
12.508
11.786
10.307
8.4602
6.7411
5.6287
5.4022
6.1354
7.5658
9.3082
10.952
12.071
12.522
12.635
12.929
13.778
15.154
16.848
18.939
21.473
24.394
27.468
30.356
32.08
31.343
29.822
28.134
25.945
23.326
20.391
17.42
14.581
12.12
10.665
10.737
11.99
13.305
13.862
13.418
12.104
10.267
8.4017
6.9466
6.3318
6.685
8.0144
9.9632
11.99
13.544
14.292
14.25
13.948
13.754
13.778
14.194
15.331
17.586
21.035
25.183
28.777
30.351
29.822
30.873
30.196
28.546
26.092
23.052
19.672
16.144
13.077
11.542
11.99
13.622
15.14
15.833
15.476
14.234
12.405
10.429
8.8021
7.9663
8.233
9.6513
11.776
13.967
15.581
16.254
15.989
15.09
13.948
12.929
12.458
13.274
16.156
20.708
25.463
28.882
30.525
30.874
32.583
32.18
30.669
28.179
24.843
20.912
16.805
13.555
12.378
13.304
15.14
16.739
17.479
17.201
16.013
14.173
12.089
10.329
9.4339
9.7649
11.235
13.382
15.501
17.034
17.647
17.244
15.989
14.25
12.635
11.953
13.409
17.224
22.172
26.635
29.828
31.8
32.583
33.534
33.246
31.692
28.97
25.197
20.636
16.123
13.109
12.509
13.863
15.833
17.479
18.303
18.101
16.904
14.953
12.742
10.858
9.9404
10.329
11.836
13.912
15.97
17.47
18.088
17.646
16.254
14.292
12.523
12.361
14.645
18.841
23.462
27.465
30.547
32.612
33.534
33.342
33.058
31.374
28.285
23.873
18.724
14.212
11.759
11.786
13.419
15.476
17.201
18.101
17.904
16.612
14.472
12.042
10.07
9.1913
9.6349
11.17
13.243
15.289
16.821
17.47
17.034
15.581
13.544
12.071
12.56
15.348
19.433
23.551
27.221
30.223
32.343
33.342
32.073
31.723
29.764
26.112
21.051
15.68
11.553
9.8043
10.307
12.104
14.234
16.013
16.904
16.612
15.097
12.722
10.123
8.138
7.3347
7.8649
9.4448
11.559
13.683
15.289
15.97
15.501
13.967
11.99
10.952
11.947
14.879
18.555
22.266
25.781
28.798
31.003
32.073
30.029
29.532
27.163
22.925
17.541
12.394
8.9362
7.7741
8.4602
10.267
12.405
14.174
14.954
14.472
12.722
10.14
7.4779
5.5411
4.8515
5.491
7.1293
9.33
11.559
13.242
13.912
13.382
11.775
9.9632
9.3083
10.585
13.271
16.528
20.014
23.501
26.635
28.933
30.029
27.772
27.08
24.281
19.727
14.492
9.9546
7.1161
6.1505
6.7412
8.4021
10.429
12.089
12.742
12.042
10.123
7.4778
4.8591
3.0044
2.4138
3.104
4.821
7.1289
9.4448
11.17
11.836
11.235
9.6513
8.0144
7.5659
8.7288
11.021
13.934
17.329
20.906
24.168
26.631
27.771
26.034
25.104
22.069
17.629
12.936
9.027
6.4726
5.3923
5.629
6.9468
8.8021
10.329
10.858
10.07
8.138
5.5416
3.0049
1.2268
0.64703
1.3395
3.1042
5.4911
7.8649
9.6351
10.329
9.7645
8.2332
6.6851
6.1354
6.9005
8.7338
11.426
14.831
18.585
22.129
24.846
26.034
25.374
24.267
21.269
17.273
13.164
9.6218
7.0824
5.6691
5.4024
6.3317
7.9664
9.4339
9.9411
9.1915
7.3347
4.8515
2.4138
0.6465
0
0.64653
2.4138
4.8514
7.3346
9.1914
9.9405
9.4339
7.9664
6.3317
5.4024
5.6692
7.0826
9.6218
13.164
17.273
21.27
24.267
25.374
