54.24
53.503
50.878
46.119
39.517
32.032
25.226
21.069
21.233
24.706
28.857
32.157
33.649
33.151
30.963
27.766
24.388
21.837
20.89
21.837
24.388
27.766
30.963
33.151
33.649
32.158
28.857
24.706
21.233
21.071
25.227
32.032
39.517
46.118
50.878
53.503
54.239
52.584
51.792
48.696
43.142
35.722
27.799
21.347
18.616
20.215
24.113
28.186
31.285
32.607
31.964
29.625
26.293
22.864
20.407
19.6
20.656
23.226
26.495
29.547
31.597
31.967
30.249
26.901
22.813
20.295
21.575
26.42
33.015
39.749
45.487
49.489
51.763
52.585
47.936
46.951
43.236
36.902
28.889
21.068
15.808
14.835
17.361
21.24
25.189
27.982
29.084
28.282
25.773
22.351
18.987
16.678
16.04
17.217
19.726
22.878
25.762
27.65
27.844
26.024
22.629
18.971
17.588
19.851
24.781
30.796
36.633
41.448
44.853
46.974
47.937
41.197
39.854
35.454
28.497
20.398
13.506
10.08
10.497
13.236
16.923
20.553
23.031
23.896
22.892
20.275
16.912
13.713
11.608
11.139
12.344
14.774
17.771
20.464
22.221
22.202
20.321
17.018
14.071
13.652
16.273
20.829
26.064
30.92
34.916
37.9
40.122
41.197
33.547
31.721
26.74
19.596
12.289
7.3041
5.5791
6.4613
8.9024
12.205
15.371
17.576
18.229
17.093
14.526
11.35
8.395
6.4874
6.0982
7.2438
9.5143
12.323
14.835
16.414
16.299
14.453
11.448
9.1828
9.2522
11.678
15.563
19.852
23.798
27.136
30.032
32.528
33.547
26.288
24.015
18.897
12.505
7.0786
4.0072
2.9716
3.5553
5.403
8.1406
10.928
12.91
13.461
12.393
10.044
7.1495
4.3911
2.5561
2.0892
3.0553
5.1301
7.7385
10.138
11.569
11.501
9.8736
7.2911
5.3654
5.3296
7.0941
10.047
13.35
16.543
19.57
22.682
25.447
26.288
21.006
18.699
14.302
9.5896
6.0279
3.7512
2.528
2.4473
3.5344
5.7213
8.2507
10.169
10.844
10.027
7.9757
5.3284
2.645
0.74141
0.021608
0.7013
2.567
5.028
7.3706
8.8966
9.0645
7.7725
5.4892
3.4462
2.7125
3.4878
5.4062
7.8241
10.522
13.634
17.281
20.314
21.006
19.267
17.538
14.309
10.97
8.1655
5.8771
4.1327
3.2844
3.7245
5.5206
8.0218
10.095
10.997
10.462
8.615
6.0096
3.2754
1.1853
0.26024
0.68715
2.3591
4.7931
7.2659
8.9881
9.5354
8.4799
6.2554
3.738
2.0262
1.7039
2.5874
4.3372
6.9858
10.776
15.181
18.462
19.267
21.502
20.26
17.824
15.095
12.326
9.5558
7.1319
5.6439
5.6455
7.4082
10.079
12.444
13.605
13.241
11.41
8.7362
5.8598
3.5688
2.4422
2.7584
4.3822
6.9137
9.626
11.646
12.393
11.498
9.1573
6.12
3.5058
2.1158
2.1748
3.6988
6.9882
11.877
16.954
20.465
21.502
26.119
25.172
23.122
20.455
17.302
13.877
10.71
8.691
8.6839
10.678
13.682
16.357
17.681
17.323
15.408
12.598
9.5269
7.0448
5.7796
6.0563
7.7933
10.489
13.469
15.785
16.676
15.797
13.253
9.8726
6.6211
4.497
4.1433
6.1195
10.554
16.316
21.653
25.089
26.119
31.212
30.464
28.544
25.675
21.952
17.659
13.855
11.615
11.792
14.246
17.694
20.543
22.008
21.616
19.548
16.522
13.246
10.592
9.2182
9.5487
11.462
14.406
17.61
20.033
21.047
20.117
17.462
13.797
10.215
7.812
7.6701
10.552
15.89
21.945
27.067
30.21
31.212
35.241
34.726
32.804
29.5
25.013
19.998
15.7
13.459
14.19
17.159
20.865
23.919
25.34
24.842
22.585
19.315
15.851
13.112
11.797
12.229
14.362
17.552
20.839
23.316
24.258
23.304
20.56
16.781
13.053
10.815
11.401
15.149
20.784
26.647
31.349
34.231
35.241
37.279
36.891
34.843
31.014
25.743
20.088
15.61
13.824
15.241
18.605
22.429
25.447
26.776
26.11
23.657
20.231
16.634
13.883
12.696
13.391
15.68
18.946
22.287
24.733
25.569
24.489
21.708
17.887
14.327
12.672
14.124
18.307
23.818
29.203
33.441
36.096
37.278
36.877
36.634
34.308
29.824
23.892
17.948
13.746
12.673
14.626
18.168
21.965
24.834
25.963
25.063
22.453
18.916
15.348
12.753
11.814
12.72
15.159
18.415
21.623
23.981
24.649
23.441
20.624
16.944
13.801
13.025
15.074
19.295
24.357
29.122
32.887
35.529
36.878
34.449
34.164
31.427
26.376
20.055
14.229
10.744
10.418
12.636
16.136
19.681
22.246
23.121
22.05
19.342
15.833
12.452
10.126
9.4552
10.52
12.943
16.126
19.164
21.277
21.83
20.511
17.763
14.401
11.962
11.847
14.173
18.089
22.587
26.702
30.182
32.902
34.448
30.751
30.293
27.056
21.584
15.35
10.184
7.5572
7.7015
9.8525
13.073
16.282
18.532
19.124
17.911
15.232
11.925
8.8421
6.8093
6.335
7.4234
9.7785
12.759
15.591
17.494
17.923
16.657
14.067
11.146
9.3785
9.6503
11.867
15.257
19.048
22.772
26.168
29.059
30.751
26.921
26.095
22.469
16.966
11.278
7.0159
5.0293
5.2285
7.0613
9.8387
12.69
14.604
14.999
13.766
11.274
8.2832
5.5249
3.7061
3.284
4.2941
6.4976
9.2822
11.884
13.674
14.038
12.916
10.699
8.2381
6.8189
7.0381
8.8446
11.659
14.935
18.454
22.005
25.179
26.921
23.998
22.829
19.021
13.868
9.0661
5.6102
3.8504
3.6964
5.0064
7.2735
9.7322
11.463
11.82
10.747
8.5598
5.8928
3.3574
1.5836
1.0857
1.9514
3.9529
6.5633
9.0276
10.783
11.303
10.428
8.5625
6.3606
4.915
4.8121
6.0734
8.3532
11.337
14.958
18.894
22.365
23.998
22.91
21.466
17.732
13.199
9.1275
6.153
4.2346
3.5323
4.2039
6.0433
8.2267
9.877
10.441
9.6888
7.7901
5.3304
2.821
0.96645
0.29437
0.96647
2.8205
5.3306
7.7898
9.6887
10.441
9.877
8.2267
6.0437
4.2038
3.5326
4.2347
6.153
9.1274
13.2
17.731
21.466
22.91
