73.866
72.212
67.847
61.378
53.295
44.305
36.317
31.882
30.657
32.393
36.718
40.887
42.778
41.973
38.825
34.419
30.029
26.932
25.801
26.932
30.029
34.419
38.824
41.973
42.778
40.886
36.718
32.392
30.657
31.882
36.317
44.305
53.295
61.377
67.846
72.211
73.865
72.539
70.342
65.656
58.73
49.981
40.713
33.545
29.344
28.082
31.316
36.464
40.544
42.17
41.043
37.7
33.244
28.947
25.818
24.708
25.948
29.3
33.795
38.141
41.035
41.565
39.41
35.555
32.172
30.604
32.005
37.697
45.907
54.328
61.809
67.802
71.685
72.54
68.786
66.373
61.379
53.851
44.512
35.529
28.702
23.802
24.635
29.324
34.664
38.459
39.756
38.341
34.838
30.236
25.785
22.655
21.772
23.424
27.1
31.594
35.762
38.35
38.649
36.429
32.931
29.633
28.25
31.038
37.536
45.422
53.13
60.023
65.47
68.599
68.786
63.146
60.605
55.179
46.983
37.435
28.885
20.576
17.994
21.021
26.365
31.473
34.923
35.843
34.08
30.241
25.424
20.949
18.174
17.831
19.928
23.716
28.104
31.977
34.318
34.297
32.091
28.443
25.169
25.114
29.167
35.705
42.944
49.931
56.143
60.852
63.199
63.146
56.18
53.447
47.454
38.787
29.621
18.896
12.909
13.326
17.44
22.649
27.374
30.388
30.832
28.63
24.421
19.593
15.586
13.469
13.657
15.981
19.664
23.812
27.373
29.425
29.089
26.521
22.737
20.487
21.888
26.409
32.434
38.798
44.998
50.41
54.234
56.214
56.18
48.577
45.536
39.083
30.607
18.775
10.325
7.8349
9.8528
14
18.824
23.045
25.467
25.332
22.697
18.574
14.257
10.99
9.4921
9.9579
12.192
15.664
19.5
22.703
24.253
23.521
20.686
17.538
16.699
18.83
22.997
28.137
33.532
38.801
43.274
46.547
48.557
48.577
41.324
38.002
31.68
24.094
10.638
5.8611
5.2818
7.5123
11.2
15.523
19.081
20.891
20.395
17.871
14.337
10.753
8.0709
6.8215
7.2779
9.2497
12.387
15.828
18.547
19.629
18.7
16.398
14.368
14.27
16.115
19.375
23.391
27.769
32.059
35.786
39.022
41.275
41.324
35.545
30.93
22.014
13.541
7.5851
4.7593
4.4305
6.2008
9.3509
13.066
16.128
17.727
17.42
15.536
12.667
9.5744
7.0243
5.6363
5.819
7.4767
10.176
13.165
15.527
16.665
16.239
14.861
13.587
13.244
14.123
16.179
19.049
22.378
25.782
29.323
32.922
35.484
35.545
29.565
24.406
18.113
12.423
8.201
5.5413
4.7591
5.9986
8.6425
12.064
15.139
16.994
17.206
15.867
13.312
10.232
7.4609
5.7305
5.5191
6.8273
9.2364
12.098
14.681
16.338
16.631
15.826
14.442
13.26
13.006
13.815
15.525
17.769
20.722
24.651
28.694
31.163
29.565
26.171
22.975
18.801
14.426
10.407
7.3518
6.0619
6.8622
9.427
12.929
16.3
18.564
19.171
17.965
15.322
12.025
8.9417
6.8806
6.3436
7.4658
9.9085
13.038
16.095
18.248
18.924
17.961
16.001
13.826
12.318
11.766
12.124
13.716
17.038
21.521
25.627
27.334
26.171
26.556
24.728
21.45
17.246
12.926
9.509
7.9379
8.6239
11.341
15.066
18.675
21.166
21.761
20.448
17.6
14.071
10.791
8.5736
7.9843
9.1286
11.804
15.267
18.615
20.96
21.595
20.257
17.543
14.413
11.611
9.8114
9.5266
11.317
15.189
20.066
24.194
26.467
26.556
28.459
27.187
23.978
19.528
14.88
11.232
9.5549
10.347
13.14
17.018
20.775
23.257
23.773
22.315
19.314
15.641
12.266
10.036
9.5361
10.836
13.661
17.28
20.743
23.046
23.524
21.934
18.691
14.808
11.186
8.84
8.5669
10.751
15.059
20.167
24.671
27.573
28.459
29.872
28.644
25.296
20.606
15.703
11.886
10.188
11.022
13.889
17.825
21.609
24.064
24.518
22.976
19.885
16.159
12.77
10.571
10.09
11.536
14.432
18.064
21.518
23.787
24.128
22.415
18.985
14.775
10.885
8.4918
8.4803
10.999
15.437
20.674
25.426
28.713
29.872
29.815
28.574
25.096
20.225
15.168
11.244
9.5408
10.342
13.202
17.096
20.866
23.289
23.72
22.147
19.081
15.37
12.021
9.8691
9.4484
10.844
13.737
17.345
20.711
22.894
23.205
21.479
18.08
13.895
10.075
7.7861
7.8876
10.499
15.005
20.298
25.164
28.567
29.815
28.329
27.077
23.526
18.543
13.417
9.4459
7.6529
8.4526
11.233
15.067
18.705
21.115
21.576
20.067
17.082
13.461
10.185
8.0637
7.6431
8.9833
11.781
15.257
18.524
20.666
21.042
19.36
16.088
12.059
8.3932
6.2347
6.4005
8.987
13.418
18.679
23.595
27.059
28.328
25.956
24.682
21.109
16.094
10.945
6.9774
5.1423
5.8163
8.4872
12.197
15.754
18.141
18.67
17.268
14.428
10.944
7.7563
5.6618
5.1847
6.4225
9.0801
12.41
15.592
17.721
18.14
16.675
13.594
9.7053
6.1934
4.1227
4.269
6.7695
11.082
16.274
21.179
24.676
25.957
23.461
22.163
18.583
13.601
8.473
4.5087
2.6326
3.1905
5.6789
9.2079
12.708
15.122
15.743
14.507
11.822
8.4899
5.3838
3.2938
2.7383
3.8213
6.312
9.5315
12.639
14.788
15.323
14.04
11.16
7.5181
4.0859
2.0266
2.0933
4.4665
8.6494
13.758
18.645
22.178
23.46
21.591
20.28
16.703
11.777
6.6981
2.7201
0.75908
1.1693
3.4904
6.9075
10.365
12.82
13.565
12.501
9.9852
6.781
3.7294
1.6084
0.94602
1.8829
4.2076
7.316
10.42
12.645
13.362
12.23
9.544
6.0342
2.708
0.623
0.51667
2.7459
6.8206
11.869
16.754
20.305
21.59
20.891
19.6
16.04
11.138
6.099
2.089
0.0033869
0.26092
2.4433
5.7798
9.2187
11.798
12.696
11.814
9.4545
6.3341
3.2835
1.0868
0.29458
1.0862
3.2834
6.334
9.4541
11.814
12.696
11.797
9.2182
5.7802
2.4421
0.26037
0
2.089
6.0982
11.138
16.04
19.599
20.89
