74.131
72.288
67.211
60.047
51.981
44.274
37.955
33.421
31.601
33.626
38.053
42.05
43.813
42.87
39.631
35.115
30.533
27.162
25.922
27.163
30.534
35.115
39.631
42.871
43.813
42.049
38.053
33.626
31.601
33.421
37.954
44.273
51.98
60.048
67.211
72.288
74.131
73.207
70.936
65.813
58.714
50.603
42.612
35.679
30.333
29.039
32.316
37.457
41.63
43.351
42.336
38.974
34.274
29.507
26.034
24.802
26.121
29.588
34.233
38.823
42.054
42.962
41.119
37.24
33.282
31.704
33.239
37.374
43.855
51.929
60.294
67.495
72.065
73.207
70.733
68.238
62.89
55.336
46.598
37.94
29.861
24.595
25.408
30.266
35.842
39.995
41.506
40.158
36.363
31.238
26.256
22.822
21.851
23.555
27.356
32.211
36.839
39.988
40.683
38.583
34.468
30.661
29.19
30.865
35.547
42.701
51.251
59.575
66.142
69.998
70.734
66.646
63.645
57.554
49.12
39.63
29.971
21.177
18.751
21.994
27.731
33.279
37.063
38.061
36.017
31.641
26.218
21.356
18.391
18.074
20.335
24.456
29.381
33.854
36.641
36.79
34.133
29.76
26.126
25.322
28.029
33.684
41.351
49.653
57.196
63.003
66.363
66.646
60.464
56.565
49.512
40.322
30.146
19.247
13.502
14.351
18.935
24.62
29.694
32.746
32.939
30.192
25.511
20.273
16.07
13.951
14.346
17.004
21.148
25.821
29.806
31.885
31.352
28.169
23.887
21.166
21.93
25.859
31.922
39.065
46.441
53.127
58.255
60.942
60.464
52.09
47.302
39.63
30.094
18.736
10.578
8.6442
11.201
15.791
20.904
25.201
27.39
26.862
23.85
19.418
14.937
11.646
10.306
11.1
13.719
17.536
21.658
24.897
26.256
25.234
22.057
18.698
17.7
19.806
23.975
29.238
35.324
41.728
47.526
51.772
53.502
52.091
42.523
37.399
29.771
19.521
10.446
6.0922
6.0924
8.6496
12.633
17.008
20.511
22.092
21.38
18.717
14.996
11.38
8.7918
7.7367
8.4073
10.651
13.934
17.385
20.002
20.998
20.027
17.656
15.74
16.019
18.274
21.355
25.426
30.405
35.729
40.495
43.764
44.62
42.523
33.815
29.083
21.263
12.977
7.3065
4.8062
4.8335
6.7443
10.076
13.83
16.914
18.464
18.117
16.105
13.14
10.044
7.5704
6.289
6.5365
8.2767
11.031
14.062
16.504
17.699
17.351
16.025
15.101
15.357
16.403
18.086
20.88
24.7
28.94
32.772
35.318
35.83
33.815
27.95
23.497
17.425
11.828
7.7704
5.3088
4.6513
5.9821
8.8501
12.389
15.558
17.471
17.688
16.253
13.644
10.539
7.7653
6.0623
5.8439
7.1898
9.7058
12.717
15.451
17.195
17.583
16.84
15.772
14.928
14.464
14.729
16.238
18.972
22.361
25.741
28.316
29.312
27.949
25.336
22.243
18.128
13.812
9.825
6.8326
5.6456
6.6081
9.3469
13.021
16.518
18.871
19.467
18.215
15.528
12.165
9.0439
6.9715
6.4718
7.653
10.225
13.496
16.681
18.974
19.745
18.885
17.021
14.838
12.922
11.893
12.295
14.236
17.337
20.992
24.367
26.189
25.336
25.871
24.077
20.791
16.538
12.193
8.8218
7.3673
8.2202
11.073
15.007
18.769
21.336
21.981
20.651
17.743
14.15
10.813
8.5688
7.9747
9.2081
11.971
15.578
19.12
21.603
22.342
21.114
18.408
15.083
12.007
9.9878
9.6761
11.326
14.802
19.318
23.436
25.742
25.871
27.86
26.564
23.259
18.756
14.089
10.487
8.9305
9.8555
12.856
16.942
20.817
23.407
23.995
22.521
19.468
15.715
12.284
9.996
9.4645
10.814
13.754
17.536
21.183
23.667
24.271
22.743
19.488
15.453
11.622
9.0796
8.5547
10.481
14.563
19.588
24.043
26.967
27.86
29.32
28.012
24.56
19.815
14.905
11.142
9.5643
10.533
13.642
17.767
21.665
24.264
24.781
23.221
20.078
16.258
12.786
10.536
10.049
11.507
14.517
18.305
21.943
24.389
24.887
23.202
19.743
15.389
11.278
8.6163
8.2762
10.604
14.937
20.099
24.843
28.153
29.32
29.283
27.948
24.38
19.455
14.392
10.541
8.9538
9.9491
13.045
17.142
21.019
23.568
24.095
22.5
19.353
15.543
12.087
9.873
9.4293
10.88
13.862
17.63
21.171
23.552
24.016
22.27
18.793
14.442
10.368
7.8253
7.6799
10.112
14.468
19.673
24.579
28.052
29.283
27.846
26.5
22.857
17.851
12.719
8.8348
7.2275
8.1853
11.198
15.206
19.021
21.525
22.073
20.531
17.466
13.732
10.345
8.165
7.7064
9.1114
11.979
15.624
19.091
21.402
21.855
20.187
16.784
12.554
8.6544
6.244
6.1918
8.6191
12.914
18.101
23.038
26.573
27.846
25.528
24.182
20.528
15.505
10.385
6.4979
4.8363
5.7082
8.589
12.482
16.205
18.694
19.289
17.876
14.936
11.325
8.0308
5.8673
5.3637
6.6572
9.3862
12.871
16.24
18.516
19.014
17.484
14.281
10.22
6.4475
4.1611
4.0941
6.4297
10.643
15.778
20.703
24.261
25.529
23.108
21.764
18.131
13.124
8.0515
4.1868
2.4497
3.1784
5.9014
9.658
13.307
15.809
16.509
15.248
12.474
9.0135
5.8015
3.6335
3.049
4.1914
6.7545
10.109
13.363
15.665
16.27
14.916
11.893
8.0164
4.3926
2.13
2.0011
4.1812
8.251
13.34
18.268
21.825
23.108
21.31
19.981
16.358
11.39
6.3751
2.523
0.70558
1.249
3.8107
7.4507
11.069
13.625
14.449
13.371
10.77
7.412
4.2395
2.0427
1.3503
2.3343
4.7447
7.9953
11.244
13.561
14.316
13.153
10.327
6.5989
3.0359
0.72968
0.49769
2.532
6.4806
11.52
16.441
20.008
21.31
20.648
19.331
15.734
10.802
5.7939
1.9217
0
0.37959
2.7935
6.3633
10.002
12.659
13.653
12.746
10.301
7.0269
3.8444
1.5637
0.7286
1.5637
3.8445
7.0269
10.301
12.746
13.653
12.659
10.002
6.3626
2.7936
0.37975
0.00055135
1.9217
5.7939
10.802
15.734
19.331
20.648
