68.386
67.494
65.209
61.767
56.862
50.26
42.802
36.172
31.368
29.615
30.695
32.559
33.594
33.519
32.334
30.388
28.226
26.535
25.941
26.535
28.226
30.389
32.335
33.519
33.594
32.555
30.693
29.612
31.365
36.173
42.802
50.26
56.862
61.767
65.21
67.493
68.386
67.267
65.972
63.664
60.007
54.492
47.267
39.482
32.36
28.051
27.91
30.122
32.207
33.315
33.233
31.987
29.906
27.523
25.612
24.792
25.365
27.095
29.297
31.27
32.474
32.64
31.7
30.311
30.286
32.562
37.239
44.073
51.297
57.329
61.881
65.153
67.09
67.267
64.195
62.963
60.592
56.438
50.107
42.086
33.338
26.263
24.151
25.838
28.545
30.693
31.797
31.564
30.027
27.528
24.735
22.571
21.81
22.654
24.623
26.985
29.035
30.341
30.558
29.661
28.762
28.958
31.269
36.566
43.711
50.56
56.13
60.376
63.285
64.508
64.195
59.773
58.673
56.031
51.023
43.646
34.265
24.93
20.317
20.682
23.321
26.111
28.203
29.082
28.45
26.373
23.307
20.2
18.143
17.825
19.111
21.355
23.851
25.995
27.299
27.432
26.506
25.452
25.591
28.692
34.827
41.918
48.3
53.449
57.234
59.412
60.026
59.773
54.438
53.361
50.011
43.887
34.899
24.416
17.702
16.098
17.75
20.43
23.065
24.886
25.276
24.014
21.297
17.938
14.977
13.468
13.721
15.351
17.781
20.349
22.483
23.624
23.437
22.077
20.749
21.541
25.801
32.245
38.976
44.809
49.339
52.346
53.769
54.363
54.438
48.639
47.124
42.729
34.949
24.763
16.951
13.687
13.687
15.239
17.507
19.662
20.934
20.652
18.832
15.913
12.801
10.455
9.5819
10.19
11.95
14.385
16.88
18.752
19.501
18.817
17.113
16.223
18.168
22.97
29.123
35.111
40.195
43.86
45.953
47.202
48.256
48.639
42.725
40.267
34.3
25.713
18.308
14.146
12.568
12.443
13.23
14.692
16.116
16.768
16.148
14.312
11.803
9.3371
7.6606
7.0872
7.6571
9.2744
11.481
13.636
15.114
15.436
14.587
13.288
13.365
15.899
20.348
25.655
30.69
34.74
37.324
38.994
40.727
42.352
42.725
36.898
33.284
27.219
21.323
17.181
14.707
13.018
11.978
11.689
12.205
13.05
13.536
13.151
11.905
10.078
8.1754
6.665
5.9959
6.288
7.4723
9.223
10.968
12.213
12.67
12.319
11.847
12.52
14.728
18.211
22.232
25.951
28.688
30.528
32.651
35.221
37.216
36.898
32.236
29.036
25.148
21.874
19.263
16.805
14.303
12.146
10.822
10.725
11.51
12.36
12.56
11.985
10.628
8.908
7.2772
6.2271
6.0488
6.7402
8.1225
9.7276
11.204
12.153
12.519
12.576
13.03
14.339
16.441
18.879
21.008
22.687
24.806
27.981
31.355
33.167
32.236
30.701
28.951
26.912
24.783
22.326
19.324
15.942
12.799
10.92
10.785
11.959
13.273
13.958
13.651
12.461
10.739
8.9487
7.5787
6.9859
7.3452
8.5708
10.39
12.242
13.678
14.29
14.27
14.112
14.266
14.845
15.613
16.484
18.185
21.491
25.846
29.569
31.205
30.702
31.852
31.072
29.741
27.815
25.115
21.473
17.288
13.654
11.782
12.035
13.607
15.218
15.963
15.73
14.613
12.9
11.034
9.4634
8.659
8.9029
10.225
12.234
14.265
15.721
16.307
16.004
15.223
14.338
13.554
13.169
13.866
16.577
21.294
26.279
29.928
31.68
31.852
33.579
33.194
32.07
30.043
26.813
22.444
17.705
14.041
12.556
13.319
15.174
16.794
17.653
17.487
16.412
14.694
12.714
11.017
10.152
10.445
11.841
13.846
15.83
17.214
17.714
17.253
16.032
14.411
12.879
12.287
13.825
17.82
23.154
28.008
31.401
33.085
33.579
34.483
34.324
33.211
30.832
26.903
21.872
16.855
13.482
12.648
13.889
15.881
17.605
18.505
18.408
17.301
15.477
13.372
11.582
10.679
11.034
12.466
14.412
16.331
17.709
18.185
17.663
16.227
14.286
12.611
12.649
15.205
19.849
25.052
29.38
32.251
33.85
34.483
34.278
34.24
32.936
29.963
25.24
19.671
14.789
12.067
11.915
13.499
15.582
17.354
18.332
18.204
17.013
15.009
12.699
10.806
9.9451
10.363
11.802
13.755
15.648
17.057
17.62
17.06
15.535
13.499
12.177
12.95
16.149
20.854
25.534
29.266
31.82
33.436
34.277
32.965
32.913
31.204
27.463
22.147
16.459
12.092
10.111
10.472
12.215
14.353
16.166
17.116
16.906
15.507
13.258
10.775
8.86
8.102
8.5958
10.073
12.086
14.076
15.537
16.107
15.536
13.908
11.957
11.143
12.484
15.956
20.327
24.45
27.717
30.145
31.938
32.965
30.868
30.64
28.341
23.986
18.467
13.169
9.5481
8.1709
8.6871
10.404
12.521
14.291
15.148
14.754
13.127
10.677
8.1093
6.2589
5.6229
6.2059
7.7716
9.8638
11.942
13.493
14.041
13.408
11.741
9.9939
9.5816
11.278
14.61
18.531
22.142
25.176
27.683
29.693
30.868
28.518
27.941
25.15
20.561
15.345
10.848
7.9232
6.7345
7.0517
8.5169
10.516
12.189
12.905
12.321
10.529
8.0056
5.4893
3.7435
3.1746
3.8131
5.4493
7.6507
9.8335
11.409
11.932
11.251
9.6319
8.1201
7.9488
9.5428
12.499
15.924
19.204
22.221
24.995
27.282
28.518
26.638
25.74
22.707
18.346
13.856
10.152
7.5397
6.1325
6.0194
7.1002
8.8391
10.397
10.998
10.324
8.5222
6.0624
3.6458
1.9477
1.3794
2.04
3.7406
6.0142
8.2607
9.8731
10.445
9.7661
8.2274
6.8287
6.5578
7.8078
10.229
13.227
16.392
19.602
22.787
25.419
26.638
25.923
24.802
21.852
18.075
14.346
11.101
8.4088
6.5365
5.8443
6.4721
7.9753
9.4649
10.05
9.4299
7.7067
5.3635
3.0498
1.3508
0.72905
1.351
3.0497
5.3635
7.707
9.4301
10.05
9.4649
7.9752
6.4724
5.8444
6.537
8.4081
11.101
14.346
18.075
21.852
24.802
25.922
