22.2874 0 0 81.7864 8.88141 -79.8919 
21.5414 0 0 81.9091 8.76537 -79.9039 
19.3982 0 0 82.3194 8.42029 -79.947 
16.2169 0 0 82.9916 7.72843 -79.9837 
12.3667 0 0 83.9339 6.64921 -79.9889 
8.29251 0 0 85.1895 5.2699 -79.9873 
4.76546 0 0 86.68 3.55447 -79.8861 
2.25976 0 0 88.1979 1.60035 -79.5115 
0.871691 0 0 89.5011 -0.173238 -78.7755 
0.337119 0 0 90.2582 -1.41709 -77.6026 
0.15842 0 0 90.4771 -2.05231 -76.1381 
0.115735 0 0 90.2989 -2.25138 -74.6325 
0.119419 0 0 89.9827 -2.23856 -73.2815 
0.124047 0 0 89.6816 -2.15099 -72.1482 
0.134064 0 0 89.4171 -2.05233 -71.2621 
0.141782 0 0 89.1863 -1.96702 -70.575 
0.162226 0 0 89.0178 -1.90407 -70.0959 
0.163173 0 0 88.9297 -1.86592 -69.8229 
0.166402 0 0 88.8829 -1.85266 -69.7162 
0.169033 0 0 88.8928 -1.86454 -69.7969 
0.157413 0 0 88.9956 -1.9024 -70.0806 
0.143169 0 0 89.1861 -1.96585 -70.57 
0.138562 0 0 89.3846 -2.05137 -71.2449 
0.121354 0 0 89.68 -2.15048 -72.154 
0.109889 0 0 89.9947 -2.23837 -73.28 
0.116802 0 0 90.3065 -2.25151 -74.6292 
0.157991 0 0 90.4522 -2.0544 -76.1275 
0.345618 0 0 90.2421 -1.42585 -77.5825 
0.895678 0 0 89.497 -0.167585 -78.7783 
2.26013 0 0 88.2158 1.60606 -79.5188 
4.7229 0 0 86.6778 3.54994 -79.8852 
8.32632 0 0 85.202 5.30569 -80.0096 
12.3173 0 0 83.9648 6.71034 -80.0204 
16.233 0 0 82.9904 7.70027 -79.9735 
19.4302 0 0 82.2963 8.38482 -79.9307 
21.5473 0 0 81.9137 8.76763 -79.9064 
22.2213 0 0 81.7676 8.85936 -79.8777 
21.5549 0 0 81.8382 8.79867 -79.8547 
20.2424 0 0 82.1372 8.54578 -79.8427 
17.5572 0 0 82.6951 8.00499 -79.8394 
13.959 0 0 83.5661 7.20675 -79.8694 
10.0116 0 0 84.6786 5.92133 -79.825 
6.16553 0 0 86.088 4.32622 -79.7394 
3.18102 0 0 87.6365 2.46145 -79.4962 
1.34726 0 0 89.07 0.5244 -78.9061 
0.510513 0 0 90.0187 -1.02137 -77.8569 
0.223865 0 0 90.3934 -1.89523 -76.4732 
0.130675 0 0 90.3403 -2.23606 -74.9847 
0.121271 0 0 90.0204 -2.28126 -73.5634 
0.12681 0 0 89.6987 -2.2076 -72.3694 
0.138157 0 0 89.3773 -2.1042 -71.3921 
0.14798 0 0 89.1374 -2.00749 -70.6564 
0.159026 0 0 88.8896 -1.92774 -70.0846 
0.160925 0 0 88.776 -1.87599 -69.756 
0.16162 0 0 88.6873 -1.8478 -69.597 
0.157915 0 0 88.6861 -1.84569 -69.6235 
0.147351 0 0 88.7239 -1.86771 -69.8367 
0.14147 0 0 88.8272 -1.91488 -70.2295 
0.132984 0 0 89.0301 -1.98812 -70.8417 
0.112931 0 0 89.2555 -2.07868 -71.6581 
0.0995253 0 0 89.5582 -2.17354 -72.7031 
0.0935451 0 0 89.8534 -2.23367 -73.9744 
0.10594 0 0 90.1077 -2.16153 -75.4465 
0.190005 0 0 90.0925 -1.78319 -76.9661 
0.49366 0 0 89.6441 -0.862173 -78.3405 
1.33545 0 0 88.6055 0.649221 -79.3082 
3.17876 0 0 87.1883 2.4911 -79.8266 
6.14077 0 0 85.7027 4.36119 -80.0529 
9.80985 0 0 84.3807 5.96347 -80.1089 
13.8127 0 0 83.2992 7.1417 -80.0554 
17.442 0 0 82.5234 7.97486 -79.9879 
20.1279 0 0 82.0175 8.49128 -79.9137 
21.5358 0 0 81.8141 8.80585 -79.8927 
21.6033 0 0 81.8435 8.78939 -79.8557 
19.6183 0 0 81.9805 8.42639 -79.6984 
17.6859 0 0 82.4602 8.03534 -79.6658 
14.7027 0 0 83.1996 7.36668 -79.6441 
10.9941 0 0 84.1918 6.28793 -79.5837 
7.20274 0 0 85.4875 4.86274 -79.4908 
3.9887 0 0 86.9577 3.06488 -79.2645 
1.7965 0 0 88.3961 1.10474 -78.7587 
0.687476 0 0 89.49 -0.614771 -77.845 
0.282136 0 0 89.9747 -1.71225 -76.525 
0.14852 0 0 89.9767 -2.19895 -75.0279 
0.120623 0 0 89.7106 -2.30896 -73.5905 
0.116825 0 0 89.3418 -2.25209 -72.3253 
0.121924 0 0 89.0047 -2.14518 -71.2948 
0.138489 0 0 88.6874 -2.03644 -70.4685 
0.143665 0 0 88.4442 -1.9454 -69.8687 
0.15212 0 0 88.2387 -1.87692 -69.4525 
0.145622 0 0 88.1243 -1.83398 -69.2335 
0.143611 0 0 88.0751 -1.81694 -69.203 
0.143034 0 0 88.0737 -1.82346 -69.3356 
0.136779 0 0 88.115 -1.85513 -69.6499 
0.110849 0 0 88.2725 -1.91234 -70.1783 
0.0985302 0 0 88.4419 -1.99126 -70.8875 
0.0863151 0 0 88.7182 -2.08763 -71.8409 
0.0682121 0 0 89.016 -2.17548 -73.0083 
0.0646058 0 0 89.303 -2.20086 -74.4043 
0.0903573 0 0 89.476 -2.03839 -75.9529 
0.221675 0 0 89.3162 -1.48359 -77.4633 
0.62582 0 0 88.6799 -0.350288 -78.7192 
1.7499 0 0 87.5289 1.28748 -79.5102 
3.85093 0 0 86.1375 3.13296 -79.9148 
6.99116 0 0 84.8027 4.83474 -80.0552 
10.6875 0 0 83.6619 6.23268 -80.0504 
14.3248 0 0 82.7783 7.25765 -79.9805 
17.3961 0 0 82.1762 7.99986 -79.9041 
19.4517 0 0 81.843 8.39938 -79.8195 
20.2246 0 0 81.7901 8.54186 -79.7544 
19.5845 0 0 82.0012 8.49579 -79.7284 
16.5824 0 0 82.2305 7.8291 -79.4452 
14.3297 0 0 82.8562 7.27678 -79.3653 
11.1535 0 0 83.7455 6.41552 -79.2851 
7.65325 0 0 84.9082 5.1587 -79.1717 
4.43433 0 0 86.2364 3.48239 -78.9171 
2.11099 0 0 87.6108 1.54648 -78.4316 
0.81349 0 0 88.7326 -0.24228 -77.6034 
0.30683 0 0 89.2808 -1.52516 -76.3241 
0.160798 0 0 89.3106 -2.14427 -74.8362 
0.11706 0 0 89.061 -2.32066 -73.3697 
0.108768 0 0 88.6862 -2.28606 -72.0693 
0.112726 0 0 88.2931 -2.17813 -70.9704 
0.1158 0 0 87.9319 -2.05807 -70.0875 
0.122068 0 0 87.6439 -1.95319 -69.4297 
0.131282 0 0 87.4149 -1.87066 -68.9571 
0.126254 0 0 87.2547 -1.81362 -68.6789 
0.121852 0 0 87.154 -1.7807 -68.5695 
0.121122 0 0 87.0959 -1.77252 -68.6347 
0.117642 0 0 87.0903 -1.78688 -68.8612 
0.10019 0 0 87.1704 -1.82753 -69.2858 
0.0903026 0 0 87.2961 -1.89245 -69.8929 
0.0682403 0 0 87.5297 -1.97897 -70.7279 
0.0550021 0 0 87.792 -2.07706 -71.7682 
0.0432044 0 0 88.0668 -2.15867 -73.0234 
0.0417588 0 0 88.346 -2.15519 -74.511 
0.0723536 0 0 88.472 -1.91985 -76.1158 
0.209638 0 0 88.2618 -1.23824 -77.6158 
0.707811 0 0 87.5499 0.0181621 -78.7809 
1.93596 0 0 86.4149 1.67855 -79.4716 
4.13414 0 0 85.1548 3.44083 -79.8099 
7.13907 0 0 84.0004 5.04272 -79.9305 
10.4987 0 0 83.0513 6.28265 -79.9012 
13.7466 0 0 82.3532 7.15637 -79.8083 
16.2117 0 0 81.9513 7.79121 -79.7323 
17.6198 0 0 81.7846 8.04472 -79.6192 
17.7967 0 0 81.8868 8.05511 -79.523 
16.5745 0 0 82.2427 7.83379 -79.4477 
12.8396 0 0 82.5548 6.9613 -79.0515 
10.3978 0 0 83.2986 6.21336 -78.9032 
7.48865 0 0 84.3001 5.08787 -78.7125 
4.5664 0 0 85.4907 3.62999 -78.4474 
2.29284 0 0 86.7385 1.8132 -77.9557 
0.913559 0 0 87.7728 0.0269511 -77.1378 
0.333846 0 0 88.3646 -1.35646 -75.9101 
0.153745 0 0 88.4035 -2.08283 -74.433 
0.100489 0 0 88.1496 -2.31879 -72.9569 
0.0897628 0 0 87.7683 -2.30732 -71.6196 
0.0926196 0 0 87.3256 -2.20043 -70.4634 
0.0903371 0 0 86.9578 -2.0739 -69.5483 
0.10461 0 0 86.6 -1.95621 -68.8199 
0.104851 0 0 86.3325 -1.86061 -68.2974 
0.103237 0 0 86.0941 -1.78844 -67.9416 
0.100323 0 0 85.9452 -1.74009 -67.7624 
0.0931247 0 0 85.849 -1.71622 -67.7535 
0.0901846 0 0 85.784 -1.71523 -67.8923 
0.0834332 0 0 85.8143 -1.73776 -68.2168 
0.0748003 0 0 85.8898 -1.78437 -68.7071 
0.05328 0 0 86.049 -1.85549 -69.4044 
0.0383075 0 0 86.258 -1.94716 -70.3027 
0.0325084 0 0 86.5294 -2.04977 -71.4192 
0.0225156 0 0 86.8278 -2.1298 -72.7539 
0.0232746 0 0 87.0994 -2.11272 -74.3001 
0.0481826 0 0 87.2299 -1.83645 -75.9414 
0.178531 0 0 87.006 -1.10473 -77.4354 
0.66917 0 0 86.3147 0.165873 -78.5406 
1.86074 0 0 85.3359 1.77627 -79.2126 
3.88777 0 0 84.2582 3.42365 -79.5315 
6.6014 0 0 83.3077 4.90142 -79.6466 
9.47237 0 0 82.5456 6.00402 -79.6123 
12.1439 0 0 82.0477 6.82051 -79.5356 
14.0212 0 0 81.8039 7.29709 -79.4249 
14.7327 0 0 81.8038 7.45477 -79.2984 
14.3421 0 0 82.063 7.36876 -79.1823 
12.8687 0 0 82.55 6.94315 -79.0403 
8.92655 0 0 82.8795 5.72599 -78.4398 
6.6526 0 0 83.7201 4.81219 -78.2037 
4.27247 0 0 84.7369 3.50474 -77.8681 
2.22733 0 0 85.8086 1.88257 -77.341 
0.929835 0 0 86.7544 0.173532 -76.5204 
0.348138 0 0 87.294 -1.20689 -75.3397 
0.145337 0 0 87.3421 -2.00799 -73.891 
0.0933329 0 0 87.0656 -2.30309 -72.3913 
0.080529 0 0 86.6505 -2.31795 -71.0244 
0.0739569 0 0 86.2135 -2.2173 -69.8569 
0.0810479 0 0 85.7871 -2.08507 -68.8853 
0.0814738 0 0 85.3972 -1.95721 -68.1088 
0.0835021 0 0 85.0607 -1.84809 -67.5164 
0.0828188 0 0 84.7915 -1.76238 -67.1004 
0.084145 0 0 84.5931 -1.70141 -66.8576 
0.0783462 0 0 84.4353 -1.66134 -66.7624 
0.0753979 0 0 84.3217 -1.64394 -66.8169 
0.066043 0 0 84.3035 -1.64949 -67.0432 
0.0606141 0 0 84.3191 -1.6774 -67.4228 
0.0471344 0 0 84.3922 -1.72788 -67.9656 
0.0335155 0 0 84.5453 -1.80342 -68.7123 
0.0225391 0 0 84.7531 -1.89923 -69.6501 
0.014928 0 0 85.0039 -2.00494 -70.7936 
0.0143166 0 0 85.3138 -2.09115 -72.1682 
0.0156065 0 0 85.5919 -2.08124 -73.7273 
0.0312031 0 0 85.7722 -1.82424 -75.3942 
0.119632 0 0 85.6264 -1.12659 -76.8997 
0.498291 0 0 85.0993 0.0596343 -78.0227 
1.47956 0 0 84.3107 1.60393 -78.7481 
3.18006 0 0 83.4573 3.14587 -79.0999 
5.4115 0 0 82.691 4.46251 -79.2074 
7.80172 0 0 82.153 5.47863 -79.1979 
9.77445 0 0 81.8069 6.16566 -79.0985 
11.0391 0 0 81.7187 6.487 -78.9551 
11.2982 0 0 81.8625 6.54253 -78.7993 
10.5562 0 0 82.2573 6.27959 -78.6314 
8.91319 0 0 82.8703 5.7243 -78.4376 
5.3608 0 0 83.1075 4.19284 -77.5553 
3.58887 0 0 83.9476 3.12167 -77.1694 
1.99784 0 0 84.8445 1.69298 -76.585 
0.879426 0 0 85.6355 0.203137 -75.7715 
0.336921 0 0 86.1331 -1.1116 -74.6184 
0.138588 0 0 86.169 -1.92584 -73.2137 
0.0811151 0 0 85.9123 -2.26771 -71.7442 
0.071706 0 0 85.4621 -2.31336 -70.3625 
0.0619059 0 0 84.997 -2.22379 -69.1601 
0.0640934 0 0 84.522 -2.09107 -68.1464 
0.0698897 0 0 84.093 -1.95711 -67.3244 
0.0735966 0 0 83.7196 -1.83798 -66.6805 
0.0677249 0 0 83.411 -1.74116 -66.209 
0.0597589 0 0 83.146 -1.66561 -65.8885 
0.0620353 0 0 82.9349 -1.61271 -65.721 
0.0619263 0 0 82.7818 -1.5799 -65.6901 
0.050373 0 0 82.7047 -1.56888 -65.8163 
0.0494844 0 0 82.6429 -1.57789 -66.0738 
0.0421462 0 0 82.662 -1.60856 -66.4907 
0.0321246 0 0 82.7531 -1.66168 -67.0773 
0.023903 0 0 82.8761 -1.7387 -67.8352 
0.0154403 0 0 83.0918 -1.83581 -68.7868 
0.00989148 0 0 83.3531 -1.94567 -69.9365 
0.0102306 0 0 83.6395 -2.04214 -71.2899 
0.0180259 0 0 83.9401 -2.06102 -72.8331 
0.0240066 0 0 84.1839 -1.86784 -74.4854 
0.0629915 0 0 84.1668 -1.28734 -76.0152 
0.288412 0 0 83.8811 -0.240337 -77.2322 
0.968096 0 0 83.3235 1.12816 -78.0115 
2.23788 0 0 82.695 2.51648 -78.419 
3.91417 0 0 82.1466 3.71016 -78.5691 
5.64528 0 0 81.7834 4.59704 -78.565 
7.01968 0 0 81.6191 5.20391 -78.4799 
7.75569 0 0 81.6713 5.42567 -78.3134 
7.69056 0 0 81.9337 5.34503 -78.1048 
6.79359 0 0 82.4222 4.93198 -77.8589 
5.35065 0 0 83.1113 4.17638 -77.5536 
2.66859 0 0 83.128 2.45832 -76.3274 
1.57834 0 0 83.8632 1.33632 -75.7248 
0.748448 0 0 84.5161 0.0731185 -74.8994 
0.302369 0 0 84.9025 -1.07424 -73.7809 
0.12252 0 0 84.957 -1.84637 -72.4585 
0.0691695 0 0 84.6999 -2.21532 -71.0221 
0.0560889 0 0 84.2658 -2.29223 -69.6603 
0.0498047 0 0 83.7689 -2.22115 -68.4438 
0.0532605 0 0 83.2773 -2.09517 -67.4065 
0.0549689 0 0 82.8172 -1.95915 -66.5476 
0.0552 0 0 82.3846 -1.83324 -65.8522 
0.0528611 0 0 82.0172 -1.72589 -65.3142 
0.0522088 0 0 81.7108 -1.63942 -64.9372 
0.0546781 0 0 81.4553 -1.57242 -64.688 
0.0490835 0 0 81.2237 -1.52669 -64.5712 
0.0425917 0 0 81.0881 -1.49946 -64.601 
0.0379946 0 0 80.9864 -1.49168 -64.7582 
0.0351975 0 0 80.9496 -1.50388 -65.0558 
0.0287167 0 0 80.97 -1.53568 -65.4968 
0.0230232 0 0 81.0357 -1.58888 -66.0842 
0.0174421 0 0 81.1629 -1.66451 -66.8327 
0.0136695 0 0 81.3329 -1.76036 -67.7517 
0.0108694 0 0 81.5963 -1.87295 -68.872 
0.0152148 0 0 81.9029 -1.98094 -70.1755 
0.0182817 0 0 82.2072 -2.03629 -71.6483 
0.0283355 0 0 82.4846 -1.93794 -73.228 
0.0362095 0 0 82.6522 -1.52888 -74.7926 
0.129957 0 0 82.5744 -0.724651 -76.0575 
0.486414 0 0 82.2989 0.409836 -76.9549 
1.24735 0 0 81.9306 1.62606 -77.4675 
2.34098 0 0 81.6108 2.67736 -77.682 
3.44895 0 0 81.4285 3.46082 -77.7083 
4.29717 0 0 81.412 3.94596 -77.6131 
4.68846 0 0 81.5794 4.07064 -77.4117 
4.46166 0 0 81.9452 3.86339 -77.1413 
3.73109 0 0 82.4769 3.3203 -76.787 
2.70816 0 0 83.1387 2.43729 -76.3202 
1.08578 0 0 82.8479 0.756077 -74.7136 
0.567545 0 0 83.352 -0.197761 -73.8946 
0.249766 0 0 83.6728 -1.11653 -72.8505 
0.109498 0 0 83.7099 -1.796 -71.5887 
0.0652092 0 0 83.4824 -2.1516 -70.2475 
0.05615 0 0 83.0909 -2.25413 -68.9485 
0.0528523 0 0 82.5893 -2.20801 -67.7386 
0.0472868 0 0 82.0967 -2.09531 -66.6998 
0.0484626 0 0 81.5871 -1.96247 -65.7969 
0.0498091 0 0 81.136 -1.8344 -65.0691 
0.0469175 0 0 80.7142 -1.71976 -64.4791 
0.0421758 0 0 80.3601 -1.62407 -64.0372 
0.0424118 0 0 80.0348 -1.54635 -63.72 
0.0446454 0 0 79.776 -1.48736 -63.529 
0.0400462 0 0 79.579 -1.44676 -63.4713 
0.0359898 0 0 79.4048 -1.42267 -63.5145 
0.0351985 0 0 79.2996 -1.41683 -63.6935 
0.0273368 0 0 79.279 -1.43019 -64.0146 
0.0259427 0 0 79.265 -1.46073 -64.4422 
0.021502 0 0 79.3273 -1.5123 -65.0208 
0.0170524 0 0 79.4558 -1.58499 -65.7488 
0.0148618 0 0 79.6256 -1.67816 -66.6275 
0.0175393 0 0 79.8522 -1.78865 -67.6692 
0.0180465 0 0 80.1566 -1.90555 -68.894 
0.0367584 0 0 80.4935 -1.99302 -70.271 
0.0371333 0 0 80.8153 -1.98692 -71.7448 
0.0390425 0 0 81.1049 -1.76898 -73.2461 
0.0479796 0 0 81.2479 -1.23227 -74.577 
0.163797 0 0 81.244 -0.390541 -75.5791 
0.521452 0 0 81.1241 0.570895 -76.1914 
1.06981 0 0 81.0113 1.43483 -76.4739 
1.69142 0 0 80.992 2.10434 -76.5429 
2.19706 0 0 81.1119 2.43337 -76.4244 
2.37146 0 0 81.385 2.4755 -76.1939 
2.15755 0 0 81.767 2.17384 -75.8193 
1.69576 0 0 82.2795 1.57755 -75.3346 
1.08874 0 0 82.8537 0.769481 -74.7266 
0.358537 0 0 82.1907 -0.587911 -72.7782 
0.183982 0 0 82.4609 -1.24238 -71.8239 
0.0923788 0 0 82.5127 -1.76879 -70.6946 
0.0567795 0 0 82.3376 -2.08501 -69.4615 
0.0495614 0 0 81.9669 -2.20104 -68.228 
0.0413029 0 0 81.5138 -2.18149 -67.0767 
0.0379836 0 0 80.9994 -2.08884 -66.034 
0.0420891 0 0 80.487 -1.96699 -65.1305 
0.0392417 0 0 79.9964 -1.84165 -64.3674 
0.0364157 0 0 79.5472 -1.72519 -63.7465 
0.039728 0 0 79.1198 -1.62135 -63.2298 
0.0403564 0 0 78.7575 -1.53415 -62.8522 
0.0359545 0 0 78.448 -1.4646 -62.5937 
0.0315365 0 0 78.1984 -1.41145 -62.4542 
0.0336683 0 0 77.9621 -1.37384 -62.4039 
0.0311644 0 0 77.8094 -1.35334 -62.4856 
0.0291722 0 0 77.7052 -1.34848 -62.6763 
0.0238967 0 0 77.6691 -1.3607 -62.9846 
0.022135 0 0 77.6575 -1.39003 -63.4064 
0.0184317 0 0 77.7193 -1.43755 -63.9544 
0.0128753 0 0 77.8343 -1.50482 -64.6345 
0.0149427 0 0 77.9971 -1.59229 -65.4514 
0.0169119 0 0 78.2116 -1.69875 -66.4084 
0.0256859 0 0 78.4993 -1.81742 -67.5172 
0.0352783 0 0 78.8232 -1.92731 -68.7531 
0.0454037 0 0 79.1732 -1.98825 -70.0846 
0.0542347 0 0 79.5363 -1.92883 -71.4643 
0.0448438 0 0 79.8328 -1.66397 -72.7418 
0.0502059 0 0 80.0559 -1.15642 -73.8019 
0.136189 0 0 80.1946 -0.496983 -74.5189 
0.332343 0 0 80.2868 0.155507 -74.8989 
0.62403 0 0 80.4374 0.647828 -75.0066 
0.846432 0 0 80.6367 0.885425 -74.8808 
0.913201 0 0 80.9691 0.880152 -74.6149 
0.802923 0 0 81.3712 0.574109 -74.1638 
0.60252 0 0 81.7916 0.0657646 -73.5619 
0.351472 0 0 82.1955 -0.580391 -72.7894 
0.121061 0 0 81.2355 -1.43529 -70.6945 
0.0772891 0 0 81.3103 -1.79149 -69.702 
0.053905 0 0 81.1825 -2.03342 -68.6122 
0.0429416 0 0 80.9135 -2.1418 -67.5071 
0.0444579 0 0 80.5052 -2.14227 -66.4309 
0.0395296 0 0 80.0542 -2.07394 -65.4551 
0.0432448 0 0 79.524 -1.96891 -64.5437 
0.0412078 0 0 79.0217 -1.85361 -63.779 
0.0411077 0 0 78.5179 -1.73788 -63.1064 
0.0370251 0 0 78.0612 -1.63146 -62.5621 
0.0340158 0 0 77.6528 -1.53811 -62.1299 
0.0354533 0 0 77.2887 -1.45879 -61.8015 
0.0361783 0 0 76.9773 -1.39424 -61.5824 
0.0326947 0 0 76.7128 -1.34557 -61.4638 
0.0280295 0 0 76.4972 -1.31051 -61.4415 
0.0325855 0 0 76.3347 -1.2908 -61.5222 
0.0256853 0 0 76.2427 -1.28681 -61.7197 
0.0231745 0 0 76.1849 -1.297 -62.0072 
0.022333 0 0 76.1666 -1.32317 -62.3991 
0.0198944 0 0 76.2304 -1.36701 -62.9191 
0.020798 0 0 76.3226 -1.42817 -63.5342 
0.0191287 0 0 76.4838 -1.50846 -64.2744 
0.0212737 0 0 76.6869 -1.60756 -65.1339 
0.0315515 0 0 76.9535 -1.72133 -66.1089 
0.0383146 0 0 77.2862 -1.84082 -67.211 
0.0545514 0 0 77.6374 -1.94004 -68.3731 
0.0588494 0 0 78.0211 -1.98292 -69.5716 
0.0636593 0 0 78.4181 -1.91384 -70.7335 
0.0487658 0 0 78.7887 -1.69121 -71.7505 
0.0472151 0 0 79.1045 -1.33356 -72.5118 
0.0796276 0 0 79.3932 -0.931785 -72.9634 
0.155912 0 0 79.6702 -0.608369 -73.1171 
0.230409 0 0 79.9851 -0.435066 -73.0287 
0.252206 0 0 80.334 -0.470724 -72.7173 
0.248211 0 0 80.6784 -0.696342 -72.2013 
0.170686 0 0 81.0255 -1.03334 -71.5502 
0.116077 0 0 81.234 -1.439 -70.687 
0.0556009 0 0 80.1467 -1.85074 -68.6535 
0.0545005 0 0 80.1138 -2.0005 -67.7489 
0.0452123 0 0 79.9278 -2.08214 -66.7853 
0.0423778 0 0 79.6232 -2.09407 -65.8427 
0.0446669 0 0 79.1937 -2.0474 -64.9049 
0.0410838 0 0 78.7061 -1.96526 -64.0556 
0.0414372 0 0 78.2002 -1.86493 -63.2945 
0.0396012 0 0 77.7052 -1.75855 -62.629 
0.0332008 0 0 77.2222 -1.6534 -62.052 
0.0334087 0 0 76.747 -1.55653 -61.5637 
0.0310232 0 0 76.3485 -1.47069 -61.187 
0.0295365 0 0 75.9705 -1.39713 -60.8941 
0.0303898 0 0 75.6626 -1.33733 -60.7034 
0.02641 0 0 75.3822 -1.29019 -60.5907 
0.0280001 0 0 75.1714 -1.2576 -60.5852 
0.028648 0 0 75.0108 -1.23796 -60.6648 
0.021675 0 0 74.9149 -1.23264 -60.8457 
0.024881 0 0 74.8544 -1.24086 -61.1154 
0.025383 0 0 74.8255 -1.26322 -61.4637 
0.021385 0 0 74.8814 -1.30226 -61.9298 
0.0219894 0 0 74.9605 -1.35633 -62.4753 
0.022978 0 0 75.1161 -1.42902 -63.1381 
0.0237831 0 0 75.3201 -1.51917 -63.8983 
0.0299613 0 0 75.5669 -1.62509 -64.7421 
0.0414782 0 0 75.8652 -1.74148 -65.6733 
0.057492 0 0 76.2284 -1.8576 -66.6767 
0.0638039 0 0 76.6476 -1.95139 -67.7147 
0.0721383 0 0 77.0752 -1.9923 -68.7101 
0.0652826 0 0 77.5233 -1.95275 -69.6131 
0.0607671 0 0 77.9476 -1.82352 -70.3326 
0.0450971 0 0 78.3559 -1.63977 -70.7929 
0.0468963 0 0 78.75 -1.46165 -70.9969 
0.0619189 0 0 79.124 -1.36474 -70.9216 
0.0670423 0 0 79.4679 -1.37502 -70.6196 
0.0745941 0 0 79.7993 -1.47856 -70.1466 
0.0682813 0 0 80.0287 -1.65851 -69.4692 
0.0563036 0 0 80.1489 -1.84998 -68.6527 
0.0428549 0 0 79.0818 -1.99045 -66.8246 
0.036896 0 0 79.0138 -2.03355 -66.0515 
0.0386534 0 0 78.808 -2.04166 -65.2454 
0.0457722 0 0 78.457 -2.01379 -64.4309 
0.0343145 0 0 78.0481 -1.95341 -63.6541 
0.0364924 0 0 77.553 -1.87301 -62.9223 
0.038006 0 0 77.0551 -1.78009 -62.2687 
0.0370204 0 0 76.5515 -1.68309 -61.6804 
0.0318516 0 0 76.0617 -1.58797 -61.175 
0.0320395 0 0 75.6131 -1.49895 -60.7557 
0.0311512 0 0 75.1846 -1.41842 -60.4004 
0.0282195 0 0 74.8226 -1.34877 -60.1419 
0.0273205 0 0 74.4997 -1.2922 -59.9624 
0.0279784 0 0 74.2282 -1.24655 -59.8653 
0.024913 0 0 74.0078 -1.21361 -59.846 
0.0283649 0 0 73.8552 -1.19475 -59.9208 
0.0264304 0 0 73.7391 -1.18683 -60.0692 
0.0251651 0 0 73.6851 -1.19306 -60.3083 
0.0255855 0 0 73.6638 -1.21169 -60.6238 
0.0248221 0 0 73.7051 -1.24516 -61.0299 
0.0262408 0 0 73.7802 -1.29267 -61.5098 
0.0262358 0 0 73.9369 -1.35717 -62.0906 
0.0276211 0 0 74.1277 -1.43762 -62.7392 
0.0313838 0 0 74.3679 -1.53312 -63.463 
0.0448197 0 0 74.6596 -1.64252 -64.2549 
0.0508669 0 0 75.0165 -1.7575 -65.0931 
0.0647331 0 0 75.4127 -1.86934 -65.9483 
0.069875 0 0 75.8757 -1.95952 -66.804 
0.0745069 0 0 76.3405 -2.0106 -67.5614 
0.0734899 0 0 76.8113 -2.00956 -68.1805 
0.0569976 0 0 77.2828 -1.96261 -68.6149 
0.0458094 0 0 77.7517 -1.89253 -68.8335 
0.0421569 0 0 78.1577 -1.84143 -68.8026 
0.0381104 0 0 78.5163 -1.83259 -68.5393 
0.0376122 0 0 78.826 -1.86272 -68.12 
0.0447077 0 0 79.0075 -1.92606 -67.5275 
0.0410587 0 0 79.0841 -1.99056 -66.827 
0.0387904 0 0 78.1182 -1.99862 -65.2742 
0.04179 0 0 78.0335 -1.99502 -64.6422 
0.043927 0 0 77.8146 -1.9736 -63.9723 
0.0412873 0 0 77.4823 -1.9334 -63.3096 
0.0416325 0 0 77.0411 -1.87358 -62.6415 
0.0363964 0 0 76.5774 -1.79973 -62.0286 
0.0351401 0 0 76.0717 -1.71578 -61.4594 
0.0361292 0 0 75.5763 -1.62821 -60.9513 
0.0327031 0 0 75.0803 -1.53981 -60.4948 
0.0345168 0 0 74.6179 -1.45616 -60.1041 
0.0307744 0 0 74.2146 -1.38005 -59.7966 
0.0313427 0 0 73.828 -1.31342 -59.543 
0.0266417 0 0 73.5172 -1.25798 -59.3739 
0.0336202 0 0 73.2499 -1.2139 -59.2796 
0.0258719 0 0 73.0346 -1.18045 -59.2542 
0.0284686 0 0 72.8689 -1.15942 -59.3019 
0.0290738 0 0 72.7452 -1.14995 -59.4211 
0.027228 0 0 72.6865 -1.15274 -59.617 
0.0297577 0 0 72.6712 -1.1683 -59.8888 
0.0273035 0 0 72.697 -1.19608 -60.2258 
0.0279298 0 0 72.7754 -1.23709 -60.635 
0.0293143 0 0 72.9278 -1.2939 -61.1369 
0.0317091 0 0 73.0974 -1.36409 -61.6763 
0.03623 0 0 73.3389 -1.44901 -62.2904 
0.0385366 0 0 73.6425 -1.54811 -62.9615 
0.0488778 0 0 73.9754 -1.65637 -63.6549 
0.0570647 0 0 74.3737 -1.76791 -64.3631 
0.0642153 0 0 74.8012 -1.8718 -65.0486 
0.0648566 0 0 75.2993 -1.95868 -65.7 
0.0720494 0 0 75.7985 -2.01529 -66.2342 
0.0617168 0 0 76.3033 -2.03573 -66.6191 
0.0568268 0 0 76.784 -2.02869 -66.8261 
0.0458847 0 0 77.2222 -2.00829 -66.8329 
0.0325598 0 0 77.6108 -1.99147 -66.6701 
0.0374141 0 0 77.8937 -1.98655 -66.3219 
0.0367427 0 0 78.0719 -1.99203 -65.8471 
0.0368681 0 0 78.1144 -1.99814 -65.2662 
0.0467405 0 0 77.3038 -1.95569 -64.0171 
0.0465753 0 0 77.2195 -1.93587 -63.5217 
0.0394871 0 0 77.0065 -1.90742 -62.9906 
0.0409706 0 0 76.6739 -1.86736 -62.445 
0.0416851 0 0 76.2573 -1.81452 -61.9057 
0.0351649 0 0 75.787 -1.7485 -61.3789 
0.0374522 0 0 75.2788 -1.67317 -60.8832 
0.0356564 0 0 74.7585 -1.59127 -60.4193 
0.0345187 0 0 74.2811 -1.50939 -60.0142 
0.0352511 0 0 73.8207 -1.42962 -59.6611 
0.0285332 0 0 73.4073 -1.35621 -59.3641 
0.0317584 0 0 73.03 -1.29085 -59.1274 
0.0280301 0 0 72.714 -1.2352 -58.9536 
0.0325956 0 0 72.4396 -1.19035 -58.8408 
0.0292059 0 0 72.2209 -1.15629 -58.7963 
0.0279471 0 0 72.0537 -1.13306 -58.8144 
0.0292066 0 0 71.9491 -1.12254 -58.9094 
0.0315987 0 0 71.8758 -1.12148 -59.0527 
0.0286692 0 0 71.8586 -1.13262 -59.2737 
0.0347978 0 0 71.8919 -1.15586 -59.5577 
0.0303163 0 0 71.9641 -1.19133 -59.893 
0.0316198 0 0 72.0963 -1.23892 -60.2928 
0.0358832 0 0 72.2806 -1.30116 -60.7586 
0.0396865 0 0 72.5106 -1.37621 -61.2655 
0.0388408 0 0 72.7931 -1.46401 -61.8116 
0.0437378 0 0 73.1412 -1.56226 -62.396 
0.0483157 0 0 73.5339 -1.66644 -62.9827 
0.0537348 0 0 73.9775 -1.77116 -63.5645 
0.0588908 0 0 74.4407 -1.86575 -64.0868 
0.0595918 0 0 74.9485 -1.94254 -64.5449 
0.0542625 0 0 75.4643 -1.99238 -64.8938 
0.0503744 0 0 75.9622 -2.01522 -65.1007 
0.0433843 0 0 76.4026 -2.01493 -65.1415 
0.0393265 0 0 76.7916 -2.00245 -65.0473 
0.0413929 0 0 77.0918 -1.98538 -64.8111 
0.036242 0 0 77.2693 -1.97002 -64.4584 
0.0447453 0 0 77.3097 -1.95456 -64.0166 
0.0487411 0 0 76.6745 -1.90161 -63.0536 
0.0405218 0 0 76.5876 -1.88018 -62.6825 
0.0421024 0 0 76.3747 -1.85426 -62.2765 
0.0469066 0 0 76.0455 -1.82058 -61.8418 
0.0400105 0 0 75.6393 -1.77509 -61.4042 
0.0354174 0 0 75.1661 -1.71793 -60.9611 
0.0360664 0 0 74.6683 -1.64948 -60.5308 
0.0378591 0 0 74.1508 -1.57408 -60.1196 
0.0329752 0 0 73.6497 -1.49476 -59.7343 
0.029001 0 0 73.2153 -1.41822 -59.4131 
0.034356 0 0 72.7705 -1.34493 -59.1118 
0.0306288 0 0 72.4158 -1.27997 -58.8818 
0.0294207 0 0 72.0868 -1.2237 -58.6942 
0.0344018 0 0 71.8133 -1.1778 -58.5632 
0.0335487 0 0 71.5995 -1.14165 -58.4954 
0.0323245 0 0 71.4393 -1.11641 -58.4818 
0.0349135 0 0 71.3083 -1.10216 -58.523 
0.0354054 0 0 71.2495 -1.09872 -58.6304 
0.0343097 0 0 71.2232 -1.10582 -58.7848 
0.0318458 0 0 71.2505 -1.12337 -58.9967 
0.0344436 0 0 71.325 -1.15328 -59.2681 
0.0342913 0 0 71.4558 -1.19454 -59.5951 
0.0364816 0 0 71.6406 -1.24885 -59.9726 
0.0355296 0 0 71.8714 -1.31463 -60.3875 
0.0418038 0 0 72.1451 -1.39228 -60.8377 
0.0390012 0 0 72.4835 -1.47981 -61.3114 
0.0419868 0 0 72.8741 -1.5751 -61.8057 
0.0470572 0 0 73.2992 -1.67346 -62.2858 
0.0453241 0 0 73.7695 -1.76668 -62.7318 
0.0540603 0 0 74.2765 -1.84845 -63.1384 
0.050864 0 0 74.7961 -1.90975 -63.4612 
0.0457615 0 0 75.2873 -1.94617 -63.6659 
0.0378611 0 0 75.7612 -1.95929 -63.7722 
0.0394849 0 0 76.1444 -1.95449 -63.7433 
0.0346959 0 0 76.44 -1.93944 -63.5957 
0.042271 0 0 76.6306 -1.92135 -63.3694 
0.0421503 0 0 76.6728 -1.90153 -63.0575 
0.0447537 0 0 76.2165 -1.85577 -62.3758 
0.0434859 0 0 76.1375 -1.83958 -62.124 
0.0417372 0 0 75.9279 -1.8203 -61.8286 
0.0428789 0 0 75.6088 -1.79373 -61.501 
0.0363404 0 0 75.2006 -1.75751 -61.147 
0.0364071 0 0 74.7351 -1.70823 -60.7794 
0.0364325 0 0 74.225 -1.64588 -60.3997 
0.0390013 0 0 73.7116 -1.57401 -60.0264 
0.0307848 0 0 73.2316 -1.4978 -59.6812 
0.0347539 0 0 72.7744 -1.42142 -59.3602 
0.0364042 0 0 72.3369 -1.34747 -59.0601 
0.031897 0 0 71.9819 -1.28168 -58.8219 
0.037382 0 0 71.6442 -1.22284 -58.6075 
0.0334145 0 0 71.3708 -1.17449 -58.4505 
0.0354998 0 0 71.1566 -1.13612 -58.3465 
0.0338209 0 0 70.9895 -1.10852 -58.2929 
0.0329755 0 0 70.856 -1.09028 -58.2767 
0.0359902 0 0 70.7867 -1.08315 -58.3318 
0.0354917 0 0 70.777 -1.08671 -58.4378 
0.0350062 0 0 70.7863 -1.09963 -58.5764 
0.0343649 0 0 70.8703 -1.12406 -58.7818 
0.0392234 0 0 70.9969 -1.15951 -59.0323 
0.0359223 0 0 71.1784 -1.20621 -59.3292 
0.0342679 0 0 71.4108 -1.26426 -59.6652 
0.0388846 0 0 71.6755 -1.33343 -60.029 
0.0386358 0 0 72.0146 -1.41253 -60.4285 
0.0401976 0 0 72.3983 -1.49924 -60.8369 
0.040795 0 0 72.8394 -1.59027 -61.2607 
0.0455555 0 0 73.2933 -1.67836 -61.6459 
0.0458288 0 0 73.7964 -1.75894 -62.0118 
0.046148 0 0 74.3006 -1.82415 -62.3135 
0.0409771 0 0 74.8077 -1.86789 -62.5424 
0.040985 0 0 75.282 -1.89076 -62.6933 
0.0345809 0 0 75.6687 -1.89399 -62.7351 
0.0402444 0 0 75.9798 -1.8855 -62.6957 
0.0466552 0 0 76.1633 -1.87105 -62.5689 
0.0408796 0 0 76.2164 -1.85554 -62.3727 
0.039434 0 0 75.9576 -1.82647 -61.9783 
0.0445575 0 0 75.8802 -1.81776 -61.8402 
0.0395752 0 0 75.6725 -1.80623 -61.6473 
0.0420839 0 0 75.361 -1.79056 -61.4251 
0.0391232 0 0 74.9488 -1.76148 -61.1484 
0.0339547 0 0 74.4822 -1.71842 -60.8397 
0.0370579 0 0 73.9802 -1.66165 -60.5135 
0.0346068 0 0 73.4684 -1.59274 -60.1704 
0.0348412 0 0 72.9799 -1.51702 -59.8371 
0.0377781 0 0 72.5095 -1.43929 -59.5101 
0.0327641 0 0 72.0847 -1.36332 -59.2026 
0.0312889 0 0 71.6989 -1.29384 -58.9243 
0.0336568 0 0 71.3917 -1.23312 -58.7006 
0.0350766 0 0 71.1115 -1.18173 -58.5054 
0.0359002 0 0 70.8777 -1.13917 -58.3447 
0.0340305 0 0 70.717 -1.10802 -58.2473 
0.0367415 0 0 70.5924 -1.08693 -58.1903 
0.0358433 0 0 70.5231 -1.07564 -58.1812 
0.0320985 0 0 70.5086 -1.0752 -58.2239 
0.0309568 0 0 70.5345 -1.08448 -58.3107 
0.0346863 0 0 70.5938 -1.10324 -58.4356 
0.0385413 0 0 70.716 -1.13343 -58.6173 
0.0388406 0 0 70.8957 -1.17476 -58.8471 
0.0355818 0 0 71.1258 -1.22581 -59.1089 
0.0385921 0 0 71.3913 -1.28762 -59.4015 
0.0380575 0 0 71.73 -1.35959 -59.7357 
0.0370875 0 0 72.1165 -1.43895 -60.0889 
0.039226 0 0 72.5344 -1.52242 -60.4454 
0.0384568 0 0 73.0173 -1.60673 -60.8129 
0.041927 0 0 73.4927 -1.68449 -61.1437 
0.0399081 0 0 74.012 -1.7512 -61.4548 
0.037708 0 0 74.5226 -1.80056 -61.7168 
0.0358484 0 0 74.9955 -1.8295 -61.911 
0.0407752 0 0 75.3858 -1.84196 -62.0262 
0.042866 0 0 75.7008 -1.84242 -62.0805 
0.038861 0 0 75.8863 -1.83435 -62.0552 
0.0418783 0 0 75.9522 -1.82601 -61.9756 
0.0458045 0 0 75.8523 -1.81593 -61.8374 
0.0417431 0 0 75.7992 -1.81722 -61.8226 
0.0421717 0 0 75.5949 -1.81436 -61.7292 
0.034503 0 0 75.2765 -1.80555 -61.5851 
0.0374392 0 0 74.8687 -1.78571 -61.3894 
0.0385926 0 0 74.4055 -1.74951 -61.1452 
0.0401524 0 0 73.8983 -1.69679 -60.8551 
0.0366721 0 0 73.396 -1.62991 -60.545 
0.0379985 0 0 72.8944 -1.55298 -60.1998 
0.0366254 0 0 72.4247 -1.47206 -59.8616 
0.0391111 0 0 72.0132 -1.39377 -59.5482 
0.0353201 0 0 71.629 -1.32042 -59.2382 
0.0369247 0 0 71.3 -1.25431 -58.9603 
0.0366799 0 0 71.0279 -1.19828 -58.7235 
0.0331501 0 0 70.8033 -1.15245 -58.5186 
0.0368091 0 0 70.6366 -1.11706 -58.3629 
0.0374376 0 0 70.5062 -1.09109 -58.2407 
0.0370271 0 0 70.4392 -1.07647 -58.176 
0.0362585 0 0 70.4017 -1.071 -58.1456 
0.0381892 0 0 70.4377 -1.07609 -58.1738 
0.0365994 0 0 70.506 -1.09104 -58.241 
0.0386562 0 0 70.6327 -1.11663 -58.3628 
0.0370802 0 0 70.7935 -1.152 -58.5139 
0.0351651 0 0 71.0259 -1.19798 -58.7178 
0.0375395 0 0 71.2961 -1.25431 -58.9574 
0.033163 0 0 71.6304 -1.32066 -59.2388 
0.0349457 0 0 71.9988 -1.39338 -59.5369 
0.0389335 0 0 72.4302 -1.47291 -59.8702 
0.0387613 0 0 72.8931 -1.5526 -60.1995 
0.0399296 0 0 73.3937 -1.6299 -60.5409 
0.0335686 0 0 73.9059 -1.6966 -60.858 
0.040243 0 0 74.4068 -1.75003 -61.1494 
0.0361788 0 0 74.8646 -1.78532 -61.386 
0.0391016 0 0 75.2817 -1.80551 -61.5868 
0.0420108 0 0 75.5936 -1.81497 -61.7365 
0.0384659 0 0 75.7943 -1.81686 -61.8158 
0.044832 0 0 75.8639 -1.81706 -61.8478 
