42.2633 0 0 -47.7521 13.137 18.0661 
41.317 0 0 -47.7649 13.0797 18.0693 
38.6826 0 0 -47.7738 12.8259 18.0825 
34.4836 0 0 -47.7915 12.3694 18.1017 
28.9707 0 0 -47.8176 11.62 18.127 
22.742 0 0 -47.8476 10.6245 18.1623 
16.3607 0 0 -47.899 9.23996 18.2114 
10.524 0 0 -47.9634 7.4828 18.2668 
5.97912 0 0 -48.0157 5.44821 18.3288 
2.97163 0 0 -48.0915 3.31727 18.3978 
1.2686 0 0 -48.1548 1.43028 18.4571 
0.498918 0 0 -48.2058 0.00212315 18.5025 
0.191354 0 0 -48.2361 -0.952137 18.5325 
0.0848893 0 0 -48.2664 -1.51511 18.5559 
0.0509128 0 0 -48.2864 -1.82129 18.5693 
0.0449467 0 0 -48.294 -1.9789 18.5751 
0.0449757 0 0 -48.2924 -2.05727 18.5788 
0.0452272 0 0 -48.2983 -2.09225 18.583 
0.0472514 0 0 -48.3005 -2.1014 18.5828 
0.042236 0 0 -48.2911 -2.09253 18.58 
0.0446161 0 0 -48.2921 -2.05758 18.5767 
0.0519108 0 0 -48.291 -1.98015 18.5761 
0.0571183 0 0 -48.2787 -1.82391 18.5675 
0.0910028 0 0 -48.2597 -1.51452 18.5538 
0.198777 0 0 -48.2482 -0.955593 18.5376 
0.493334 0 0 -48.2088 -0.0111493 18.5019 
1.25676 0 0 -48.1564 1.42832 18.4548 
2.98251 0 0 -48.0987 3.29008 18.3988 
6.01441 0 0 -48.0297 5.45493 18.3314 
10.5955 0 0 -47.9558 7.47826 18.2685 
16.2936 0 0 -47.9016 9.29471 18.2103 
22.7072 0 0 -47.848 10.6483 18.161 
28.9576 0 0 -47.8131 11.6079 18.125 
34.4541 0 0 -47.7853 12.3689 18.0999 
38.6748 0 0 -47.7626 12.828 18.078 
41.3904 0 0 -47.7581 13.0521 18.0702 
42.2488 0 0 -47.754 13.1514 18.0653 
41.3097 0 0 -47.7622 13.0184 18.0717 
39.5215 0 0 -47.7673 12.9086 18.0833 
36.1162 0 0 -47.7879 12.537 18.1026 
31.1878 0 0 -47.8208 12.0211 18.1274 
25.2807 0 0 -47.8482 11.1387 18.1627 
18.925 0 0 -47.8964 9.93784 18.2056 
12.7781 0 0 -47.9501 8.34582 18.2571 
7.6172 0 0 -48.0073 6.40691 18.3176 
3.93835 0 0 -48.076 4.24059 18.381 
1.74451 0 0 -48.1364 2.17662 18.4401 
0.699624 0 0 -48.2039 0.511255 18.496 
0.261242 0 0 -48.2302 -0.651555 18.5271 
0.107486 0 0 -48.2639 -1.35257 18.5497 
0.0596877 0 0 -48.2781 -1.74081 18.5656 
0.0468264 0 0 -48.2858 -1.94291 18.5737 
0.0391468 0 0 -48.2914 -2.04093 18.5787 
0.0390528 0 0 -48.2908 -2.08755 18.5817 
0.0471399 0 0 -48.2997 -2.10447 18.5844 
0.0440515 0 0 -48.2948 -2.10146 18.5805 
0.0485122 0 0 -48.2949 -2.08037 18.581 
0.0460005 0 0 -48.2887 -2.02809 18.5759 
0.0464206 0 0 -48.2925 -1.91982 18.5733 
0.0629934 0 0 -48.2785 -1.69813 18.5619 
0.127982 0 0 -48.2508 -1.28322 18.5458 
0.303243 0 0 -48.2234 -0.55245 18.5168 
0.80968 0 0 -48.1849 0.598031 18.4769 
1.95299 0 0 -48.1228 2.2457 18.4212 
4.27063 0 0 -48.0523 4.2394 18.3583 
7.95756 0 0 -47.9794 6.29161 18.29 
13.0535 0 0 -47.9187 8.23766 18.2287 
19.0641 0 0 -47.8669 9.82087 18.1787 
25.4133 0 0 -47.8199 11.0204 18.1362 
31.2618 0 0 -47.7946 11.8822 18.1073 
36.0499 0 0 -47.7688 12.4807 18.085 
39.4984 0 0 -47.7716 12.8668 18.0761 
41.3078 0 0 -47.7595 13.1083 18.0717 
41.329 0 0 -47.7659 13.0441 18.0764 
38.5564 0 0 -47.7822 12.8021 18.0967 
35.9669 0 0 -47.7902 12.5575 18.1087 
31.7984 0 0 -47.8302 12.1189 18.1379 
26.437 0 0 -47.8541 11.3987 18.1663 
20.4866 0 0 -47.9037 10.3434 18.2097 
14.353 0 0 -47.949 8.94131 18.2579 
8.87266 0 0 -48.011 7.10848 18.3165 
4.72572 0 0 -48.0791 4.9491 18.3785 
2.13922 0 0 -48.136 2.81242 18.4375 
0.847342 0 0 -48.2007 0.926998 18.4904 
0.303636 0 0 -48.232 -0.40216 18.5256 
0.116103 0 0 -48.2563 -1.23009 18.5491 
0.0569698 0 0 -48.2765 -1.68611 18.5621 
0.0442909 0 0 -48.2909 -1.92194 18.5744 
0.0386604 0 0 -48.3004 -2.03532 18.5812 
0.0453009 0 0 -48.2933 -2.08597 18.5823 
0.0418754 0 0 -48.2927 -2.10658 18.583 
0.0424354 0 0 -48.295 -2.11 18.5818 
0.043313 0 0 -48.2941 -2.10037 18.582 
0.0434568 0 0 -48.2992 -2.07239 18.5827 
0.0462663 0 0 -48.2908 -2.00688 18.5763 
0.049395 0 0 -48.279 -1.86715 18.5684 
0.0799255 0 0 -48.2723 -1.59559 18.5585 
0.160789 0 0 -48.243 -1.09294 18.538 
0.4234 0 0 -48.2142 -0.232851 18.5048 
1.10461 0 0 -48.1562 1.10485 18.4575 
2.60701 0 0 -48.0922 2.86269 18.3985 
5.32141 0 0 -48.0126 4.853 18.3264 
9.41745 0 0 -47.9494 6.85883 18.2596 
14.7731 0 0 -47.8917 8.61196 18.2074 
20.6643 0 0 -47.848 10.0992 18.1606 
26.5858 0 0 -47.8138 11.1282 18.1259 
31.8215 0 0 -47.7903 11.9403 18.101 
35.9942 0 0 -47.7767 12.4255 18.0888 
38.5485 0 0 -47.767 12.7133 18.0828 
39.4625 0 0 -47.7696 12.8218 18.0855 
38.5874 0 0 -47.7828 12.7548 18.0938 
34.2432 0 0 -47.8165 12.3482 18.1302 
30.9625 0 0 -47.8427 11.9242 18.1537 
26.4219 0 0 -47.8799 11.3721 18.1902 
20.9001 0 0 -47.9152 10.4685 18.2257 
15.1531 0 0 -47.964 9.16798 18.2721 
9.66441 0 0 -48.0246 7.51741 18.3268 
5.28984 0 0 -48.079 5.45898 18.3813 
2.41965 0 0 -48.147 3.22902 18.4422 
0.94215 0 0 -48.1964 1.25363 18.4923 
0.322228 0 0 -48.2417 -0.219126 18.5277 
0.119306 0 0 -48.2633 -1.14983 18.5517 
0.0641474 0 0 -48.2848 -1.65858 18.5666 
0.0460894 0 0 -48.293 -1.91221 18.5784 
0.0394662 0 0 -48.2942 -2.03112 18.5808 
0.0457171 0 0 -48.3014 -2.08169 18.5833 
0.0470781 0 0 -48.3013 -2.1012 18.5875 
0.0437766 0 0 -48.3074 -2.1067 18.5885 
0.0491045 0 0 -48.3032 -2.10381 18.5858 
0.0440902 0 0 -48.2987 -2.09182 18.5838 
0.0407084 0 0 -48.2934 -2.06262 18.5825 
0.0495453 0 0 -48.3004 -1.99286 18.5785 
0.048927 0 0 -48.284 -1.84212 18.5712 
0.072628 0 0 -48.2659 -1.53606 18.5572 
0.181314 0 0 -48.2444 -0.974108 18.5342 
0.486315 0 0 -48.2019 -0.00579689 18.4971 
1.29285 0 0 -48.1473 1.41459 18.4466 
2.96529 0 0 -48.0777 3.20211 18.3815 
5.90769 0 0 -48.0122 5.18463 18.3151 
10.1435 0 0 -47.9363 7.12597 18.25 
15.3161 0 0 -47.8872 8.80779 18.199 
20.9183 0 0 -47.8448 10.1054 18.1593 
26.2854 0 0 -47.8169 11.0697 18.1314 
30.8888 0 0 -47.8002 11.7445 18.1153 
34.0582 0 0 -47.8006 12.2166 18.1081 
35.7783 0 0 -47.7958 12.4067 18.105 
35.8558 0 0 -47.8054 12.4462 18.1153 
34.2342 0 0 -47.8187 12.3048 18.1325 
28.5735 0 0 -47.876 11.5549 18.1872 
24.94 0 0 -47.9021 11.1122 18.2137 
20.2147 0 0 -47.9461 10.2723 18.2529 
14.9555 0 0 -47.9882 9.12928 18.2947 
9.81805 0 0 -48.0415 7.62684 18.3438 
5.57636 0 0 -48.094 5.67212 18.3971 
2.56448 0 0 -48.1529 3.49668 18.449 
0.990814 0 0 -48.2066 1.46216 18.4975 
0.33205 0 0 -48.2472 -0.112619 18.5336 
0.115403 0 0 -48.2665 -1.1054 18.5525 
0.0586631 0 0 -48.2815 -1.64253 18.5686 
0.0492857 0 0 -48.2905 -1.90647 18.5758 
0.0477031 0 0 -48.3051 -2.02293 18.5858 
0.0503463 0 0 -48.3048 -2.06779 18.5857 
0.0503935 0 0 -48.3074 -2.08056 18.5874 
0.0469043 0 0 -48.3044 -2.08156 18.5872 
0.057283 0 0 -48.3091 -2.07987 18.5868 
0.0431259 0 0 -48.3096 -2.07733 18.5886 
0.0488708 0 0 -48.3088 -2.06973 18.5877 
0.0490024 0 0 -48.3052 -2.04535 18.5833 
0.0484791 0 0 -48.3019 -1.98262 18.5805 
0.0466759 0 0 -48.2787 -1.83686 18.5685 
0.0694396 0 0 -48.2708 -1.53452 18.5591 
0.165477 0 0 -48.2405 -0.952124 18.5331 
0.486521 0 0 -48.1992 0.0496647 18.495 
1.31453 0 0 -48.1445 1.4886 18.4435 
3.04205 0 0 -48.073 3.28978 18.3798 
5.97363 0 0 -48.0104 5.21067 18.3144 
9.98186 0 0 -47.9494 7.04453 18.2578 
14.7853 0 0 -47.9025 8.60468 18.2082 
19.9304 0 0 -47.8632 9.80051 18.1733 
24.4356 0 0 -47.8382 10.7664 18.151 
28.2151 0 0 -47.8247 11.3665 18.1392 
30.5247 0 0 -47.8336 11.7649 18.1392 
31.5378 0 0 -47.8334 11.8955 18.1462 
30.7773 0 0 -47.8553 11.8368 18.1619 
28.5073 0 0 -47.8734 11.6153 18.1846 
22.1443 0 0 -47.9405 10.5069 18.248 
18.4117 0 0 -47.9773 9.82277 18.2822 
13.9438 0 0 -48.0161 8.8368 18.322 
9.41195 0 0 -48.0764 7.40688 18.3705 
5.43079 0 0 -48.1203 5.64927 18.4159 
2.56389 0 0 -48.1702 3.58406 18.4643 
0.978112 0 0 -48.2186 1.55196 18.5059 
0.327596 0 0 -48.2611 -0.0507957 18.5419 
0.104408 0 0 -48.27 -1.07783 18.5579 
0.0550157 0 0 -48.2898 -1.63415 18.5727 
0.045013 0 0 -48.3 -1.89486 18.5786 
0.0471937 0 0 -48.3046 -2.00267 18.5825 
0.0479097 0 0 -48.3123 -2.03821 18.5876 
0.0493896 0 0 -48.309 -2.04181 18.5893 
0.0467248 0 0 -48.3041 -2.03495 18.5871 
0.0459323 0 0 -48.3116 -2.02958 18.59 
0.0516164 0 0 -48.3086 -2.02701 18.5878 
0.0475814 0 0 -48.3053 -2.02855 18.5877 
0.0485105 0 0 -48.3081 -2.02953 18.5898 
0.0428491 0 0 -48.3046 -2.01753 18.5848 
0.0482639 0 0 -48.296 -1.97092 18.5789 
0.0467155 0 0 -48.2995 -1.84841 18.5768 
0.0650547 0 0 -48.2715 -1.56988 18.564 
0.143601 0 0 -48.253 -1.02533 18.54 
0.416152 0 0 -48.2149 -0.0702709 18.5032 
1.16079 0 0 -48.1564 1.30733 18.4499 
2.74189 0 0 -48.0855 3.06753 18.392 
5.31094 0 0 -48.0265 4.93626 18.3286 
8.98476 0 0 -47.9644 6.66761 18.2741 
13.2589 0 0 -47.9226 8.14954 18.2338 
17.5994 0 0 -47.8893 9.28819 18.2023 
21.3577 0 0 -47.8725 10.172 18.1869 
24.157 0 0 -47.8711 10.7126 18.1815 
25.9411 0 0 -47.8742 11.0147 18.1856 
26.0608 0 0 -47.8862 11.0701 18.1984 
24.8561 0 0 -47.9077 10.8453 18.22 
22.1528 0 0 -47.9366 10.5302 18.2489 
15.7256 0 0 -48.0139 9.0555 18.32 
12.2152 0 0 -48.0557 8.15897 18.3593 
8.51507 0 0 -48.1032 6.92188 18.3981 
5.05247 0 0 -48.1471 5.32787 18.4417 
2.46313 0 0 -48.1889 3.43713 18.483 
0.980619 0 0 -48.2381 1.51624 18.5218 
0.318106 0 0 -48.2612 -0.0349923 18.5458 
0.110082 0 0 -48.2919 -1.06456 18.5649 
0.0609203 0 0 -48.2915 -1.61967 18.5735 
0.0535868 0 0 -48.2929 -1.87484 18.5789 
0.0494398 0 0 -48.3081 -1.97246 18.5842 
0.0489375 0 0 -48.3075 -1.99511 18.5868 
0.0463754 0 0 -48.3028 -1.98836 18.5862 
0.0525639 0 0 -48.3033 -1.97327 18.5884 
0.051084 0 0 -48.3115 -1.96009 18.5914 
0.0509009 0 0 -48.3065 -1.95266 18.5881 
0.0531449 0 0 -48.302 -1.95301 18.5848 
0.0464776 0 0 -48.3062 -1.9605 18.5866 
0.0475299 0 0 -48.3059 -1.96999 18.5862 
0.0453522 0 0 -48.303 -1.97285 18.5844 
0.0434638 0 0 -48.2977 -1.94923 18.5821 
0.0438238 0 0 -48.2973 -1.86088 18.5786 
0.0581748 0 0 -48.2784 -1.63996 18.5671 
0.106268 0 0 -48.2595 -1.17896 18.5484 
0.299413 0 0 -48.2251 -0.33241 18.515 
0.874652 0 0 -48.1827 0.943138 18.4704 
2.10389 0 0 -48.1172 2.58215 18.4143 
4.23968 0 0 -48.0544 4.33749 18.357 
7.23432 0 0 -48.0016 5.98178 18.3073 
10.8407 0 0 -47.9654 7.38399 18.2724 
14.2773 0 0 -47.9341 8.47244 18.2439 
17.3483 0 0 -47.9349 9.24178 18.2368 
19.401 0 0 -47.9225 9.73567 18.2325 
20.3768 0 0 -47.9414 9.91918 18.247 
20.013 0 0 -47.96 9.93749 18.2645 
18.3656 0 0 -47.9832 9.63097 18.2888 
15.6352 0 0 -48.0258 9.02123 18.3229 
9.93775 0 0 -48.1097 7.24125 18.3976 
7.11143 0 0 -48.1454 6.17215 18.4326 
4.43358 0 0 -48.1773 4.74316 18.4663 
2.26977 0 0 -48.2149 3.09394 18.5042 
0.911761 0 0 -48.2475 1.38839 18.5294 
0.308821 0 0 -48.2708 -0.0546916 18.5515 
0.113248 0 0 -48.2863 -1.0506 18.5672 
0.0564557 0 0 -48.2977 -1.59448 18.5748 
0.0525202 0 0 -48.3011 -1.8428 18.581 
0.052722 0 0 -48.3087 -1.93259 18.5827 
0.0525807 0 0 -48.3039 -1.94545 18.5826 
0.0490125 0 0 -48.3066 -1.92882 18.5863 
0.0489936 0 0 -48.3112 -1.90447 18.5892 
0.0539326 0 0 -48.3113 -1.88194 18.5865 
0.0567226 0 0 -48.3089 -1.86686 18.5857 
0.0515276 0 0 -48.3065 -1.86193 18.5881 
0.0524325 0 0 -48.3071 -1.86618 18.5871 
0.0516778 0 0 -48.3018 -1.87926 18.5866 
0.0557454 0 0 -48.3057 -1.89707 18.5847 
0.0458878 0 0 -48.3108 -1.91289 18.5861 
0.0482142 0 0 -48.3035 -1.91169 18.5862 
0.0451699 0 0 -48.2986 -1.86256 18.5792 
0.0526385 0 0 -48.2968 -1.70887 18.5737 
0.0736182 0 0 -48.2718 -1.35732 18.5559 
0.194487 0 0 -48.2479 -0.692481 18.5325 
0.537859 0 0 -48.2014 0.397426 18.4921 
1.41116 0 0 -48.1507 1.82557 18.4454 
2.97353 0 0 -48.102 3.44119 18.3969 
5.28542 0 0 -48.0476 5.01485 18.3526 
8.01407 0 0 -48.0186 6.28733 18.3205 
10.6308 0 0 -47.9962 7.31137 18.3012 
12.8682 0 0 -47.9862 8.05737 18.295 
14.2835 0 0 -47.9916 8.43722 18.2982 
14.7114 0 0 -48.0071 8.53633 18.3147 
14.0335 0 0 -48.0293 8.37716 18.3329 
12.3128 0 0 -48.0636 7.96415 18.3645 
9.92612 0 0 -48.1025 7.21993 18.3977 
5.50507 0 0 -48.171 5.13201 18.4637 
3.56018 0 0 -48.2056 3.98579 18.4944 
1.93983 0 0 -48.2355 2.58237 18.5201 
0.854716 0 0 -48.2626 1.14767 18.5429 
0.30734 0 0 -48.279 -0.127729 18.5577 
0.12413 0 0 -48.2929 -1.03266 18.5698 
0.0617483 0 0 -48.2978 -1.55846 18.5763 
0.0533216 0 0 -48.3016 -1.80256 18.577 
0.0581928 0 0 -48.3061 -1.88847 18.5827 
0.0513989 0 0 -48.3069 -1.89567 18.5839 
0.0563364 0 0 -48.309 -1.87103 18.5857 
0.0554382 0 0 -48.3051 -1.83708 18.5829 
0.050025 0 0 -48.3033 -1.80648 18.5825 
0.04796 0 0 -48.3053 -1.78257 18.584 
0.0571711 0 0 -48.3053 -1.76972 18.5851 
0.0531822 0 0 -48.3102 -1.76681 18.5865 
0.0479119 0 0 -48.3063 -1.77403 18.5844 
0.0507031 0 0 -48.3078 -1.79111 18.5876 
0.0454957 0 0 -48.3084 -1.81535 18.5863 
0.0489215 0 0 -48.3111 -1.84088 18.5862 
0.0475424 0 0 -48.3154 -1.85879 18.5875 
0.0481975 0 0 -48.3009 -1.84491 18.5791 
0.0484934 0 0 -48.2929 -1.75909 18.5764 
0.0561986 0 0 -48.2822 -1.52841 18.5679 
0.110778 0 0 -48.2665 -1.04626 18.5461 
0.285781 0 0 -48.2364 -0.229665 18.5198 
0.776213 0 0 -48.1833 0.953406 18.4778 
1.80338 0 0 -48.149 2.31225 18.4435 
3.33344 0 0 -48.104 3.72246 18.4028 
5.20532 0 0 -48.0837 4.91431 18.3818 
7.0378 0 0 -48.067 5.87672 18.3674 
8.51301 0 0 -48.0555 6.48195 18.3626 
9.46518 0 0 -48.0706 6.786 18.3701 
9.49137 0 0 -48.098 6.83063 18.3883 
8.71645 0 0 -48.1155 6.55015 18.4089 
7.32756 0 0 -48.1477 5.98473 18.4358 
5.50642 0 0 -48.173 5.11995 18.4628 
2.61745 0 0 -48.2317 3.02125 18.5153 
1.53534 0 0 -48.2536 1.97143 18.5353 
0.733378 0 0 -48.2734 0.806013 18.5523 
0.300717 0 0 -48.2827 -0.238546 18.5625 
0.122944 0 0 -48.2927 -1.03378 18.569 
0.0593798 0 0 -48.297 -1.52171 18.5759 
0.0573309 0 0 -48.3057 -1.75942 18.5798 
0.0497639 0 0 -48.2977 -1.84483 18.5784 
0.0504523 0 0 -48.3052 -1.84987 18.5815 
0.0571025 0 0 -48.3065 -1.8199 18.5829 
0.0556867 0 0 -48.3064 -1.77953 18.5841 
0.056827 0 0 -48.3073 -1.74043 18.583 
0.0464847 0 0 -48.3015 -1.70905 18.5824 
0.0449572 0 0 -48.3071 -1.68712 18.5848 
0.0557702 0 0 -48.312 -1.67523 18.5854 
0.0533722 0 0 -48.3117 -1.67403 18.5854 
0.058243 0 0 -48.3066 -1.68388 18.5853 
0.052635 0 0 -48.3102 -1.70282 18.585 
0.0484527 0 0 -48.3064 -1.72958 18.5841 
0.0549081 0 0 -48.2991 -1.76188 18.5824 
0.0569668 0 0 -48.304 -1.79262 18.5832 
0.0460544 0 0 -48.3062 -1.80657 18.5847 
0.0428263 0 0 -48.2972 -1.77518 18.5796 
0.0448368 0 0 -48.2866 -1.64941 18.5686 
0.0711396 0 0 -48.2722 -1.35203 18.5581 
0.149198 0 0 -48.2637 -0.804483 18.5455 
0.370877 0 0 -48.2282 0.0481345 18.5167 
0.878686 0 0 -48.2012 1.11801 18.4879 
1.76116 0 0 -48.1632 2.28562 18.4583 
2.85302 0 0 -48.1464 3.317 18.4401 
4.03346 0 0 -48.1333 4.16137 18.4271 
4.94155 0 0 -48.1354 4.71085 18.4297 
5.46175 0 0 -48.1423 4.92406 18.4348 
5.362 0 0 -48.1613 4.89346 18.4516 
4.78647 0 0 -48.1876 4.52808 18.473 
3.78286 0 0 -48.2053 3.94909 18.4925 
2.61431 0 0 -48.2295 3.04895 18.5157 
1.09824 0 0 -48.2782 1.2446 18.5502 
0.606205 0 0 -48.2847 0.403204 18.5623 
0.274624 0 0 -48.2953 -0.396175 18.5673 
0.12863 0 0 -48.2964 -1.05488 18.5741 
0.0629265 0 0 -48.3072 -1.48443 18.5777 
0.0503438 0 0 -48.3019 -1.71364 18.5793 
0.0457484 0 0 -48.3049 -1.80333 18.5814 
0.0530456 0 0 -48.3034 -1.81047 18.5796 
0.0557288 0 0 -48.3114 -1.77976 18.5829 
0.055561 0 0 -48.3114 -1.73479 18.5816 
0.0558883 0 0 -48.302 -1.69005 18.5839 
0.0594012 0 0 -48.3135 -1.65135 18.5862 
0.0503358 0 0 -48.3062 -1.62021 18.5817 
0.0477188 0 0 -48.3071 -1.60052 18.5856 
0.0535844 0 0 -48.3108 -1.59052 18.5832 
0.0434725 0 0 -48.3068 -1.58979 18.5858 
0.055721 0 0 -48.3069 -1.59994 18.585 
0.0530838 0 0 -48.3 -1.61872 18.5821 
0.0529659 0 0 -48.3127 -1.64757 18.5858 
0.0466338 0 0 -48.3025 -1.68185 18.5829 
0.0567345 0 0 -48.3036 -1.71968 18.5841 
0.0490558 0 0 -48.3019 -1.75039 18.5824 
0.0484716 0 0 -48.3021 -1.75799 18.5812 
0.0465825 0 0 -48.2997 -1.71085 18.5796 
0.0583227 0 0 -48.2951 -1.55856 18.5711 
0.0731215 0 0 -48.2741 -1.24044 18.5583 
0.169458 0 0 -48.2633 -0.712202 18.5434 
0.359932 0 0 -48.2425 0.0255217 18.5261 
0.755407 0 0 -48.2103 0.888538 18.5037 
1.31899 0 0 -48.2098 1.72141 18.4942 
1.94204 0 0 -48.201 2.37862 18.4874 
2.4459 0 0 -48.1998 2.82447 18.4845 
2.7206 0 0 -48.2123 3.01222 18.4935 
2.64977 0 0 -48.218 2.9042 18.504 
2.26211 0 0 -48.2395 2.55962 18.5186 
1.70709 0 0 -48.256 1.99796 18.5359 
1.09183 0 0 -48.2708 1.24424 18.5494 
0.43691 0 0 -48.2941 -0.056905 18.5659 
0.24064 0 0 -48.2988 -0.617017 18.5712 
0.120138 0 0 -48.3032 -1.09894 18.5761 
0.0716504 0 0 -48.3019 -1.46038 18.5785 
0.0585546 0 0 -48.3112 -1.67166 18.5802 
0.0550931 0 0 -48.3094 -1.764 18.5825 
0.0621641 0 0 -48.3092 -1.77854 18.582 
0.0571208 0 0 -48.2971 -1.75032 18.5771 
0.0501516 0 0 -48.3042 -1.70481 18.5795 
0.0451231 0 0 -48.305 -1.6562 18.5821 
0.0567061 0 0 -48.3056 -1.61132 18.5823 
0.0486445 0 0 -48.3032 -1.57318 18.58 
0.0538825 0 0 -48.3063 -1.54485 18.5793 
0.0574818 0 0 -48.3065 -1.52599 18.583 
0.0490672 0 0 -48.3041 -1.5163 18.5821 
0.050967 0 0 -48.3069 -1.51611 18.5827 
0.0524141 0 0 -48.312 -1.52581 18.5868 
0.052171 0 0 -48.3003 -1.54363 18.5825 
0.050283 0 0 -48.3089 -1.5709 18.5851 
0.0548643 0 0 -48.3105 -1.6055 18.5861 
0.0520628 0 0 -48.3104 -1.64534 18.5849 
0.0480409 0 0 -48.3038 -1.68513 18.5832 
0.0507817 0 0 -48.3052 -1.71456 18.5819 
0.0552793 0 0 -48.303 -1.71609 18.5823 
0.0580883 0 0 -48.3053 -1.66119 18.5806 
0.0585603 0 0 -48.2944 -1.5115 18.5724 
0.0815994 0 0 -48.2818 -1.22592 18.5622 
0.140968 0 0 -48.2667 -0.79885 18.5504 
0.281077 0 0 -48.2592 -0.245283 18.539 
0.504581 0 0 -48.2477 0.318842 18.53 
0.7627 0 0 -48.2459 0.808474 18.5289 
1.02302 0 0 -48.2416 1.14878 18.5255 
1.15575 0 0 -48.2611 1.29908 18.5337 
1.13057 0 0 -48.2655 1.19855 18.5406 
0.934212 0 0 -48.2793 0.927805 18.5517 
0.693655 0 0 -48.2837 0.484774 18.5576 
0.421589 0 0 -48.2939 -0.0521581 18.5672 
0.182865 0 0 -48.3067 -0.862196 18.5758 
0.110198 0 0 -48.3088 -1.18628 18.5794 
0.0712027 0 0 -48.3053 -1.45479 18.5787 
0.0569716 0 0 -48.3065 -1.63433 18.5773 
0.0615076 0 0 -48.3085 -1.72759 18.5785 
0.057649 0 0 -48.3059 -1.75126 18.5796 
0.0511142 0 0 -48.3048 -1.73154 18.5816 
0.0488931 0 0 -48.3054 -1.68903 18.5799 
0.0528834 0 0 -48.3028 -1.63915 18.5786 
0.0494827 0 0 -48.3024 -1.59001 18.5796 
0.0592018 0 0 -48.3072 -1.54638 18.581 
0.0492359 0 0 -48.3025 -1.51039 18.5792 
0.0558427 0 0 -48.3068 -1.48374 18.5823 
0.04662 0 0 -48.3024 -1.46521 18.5808 
0.0520167 0 0 -48.3036 -1.45552 18.5824 
0.0542939 0 0 -48.299 -1.45482 18.5816 
0.0471366 0 0 -48.303 -1.46203 18.5809 
0.051436 0 0 -48.3018 -1.47807 18.5836 
0.0530652 0 0 -48.3051 -1.5023 18.5816 
0.0514232 0 0 -48.3128 -1.53537 18.5859 
0.0450395 0 0 -48.3088 -1.57377 18.5835 
0.051833 0 0 -48.3066 -1.61552 18.5808 
0.0573156 0 0 -48.3066 -1.6554 18.5815 
0.0491484 0 0 -48.3 -1.6835 18.5775 
0.0508388 0 0 -48.294 -1.6839 18.5773 
0.0519308 0 0 -48.3021 -1.63635 18.5788 
0.0581668 0 0 -48.2939 -1.51527 18.5712 
0.0676807 0 0 -48.2866 -1.30266 18.5656 
0.11115 0 0 -48.2857 -1.00792 18.5629 
0.183843 0 0 -48.2778 -0.675664 18.5561 
0.279582 0 0 -48.2725 -0.361348 18.5526 
0.377734 0 0 -48.2738 -0.12731 18.5528 
0.419887 0 0 -48.2736 -0.0274003 18.5553 
0.432604 0 0 -48.2882 -0.0759402 18.5617 
0.365265 0 0 -48.2927 -0.247714 18.5662 
0.267649 0 0 -48.2956 -0.528574 18.5699 
0.16671 0 0 -48.2993 -0.857362 18.5736 
0.094065 0 0 -48.3068 -1.30427 18.5783 
0.0680129 0 0 -48.3048 -1.47414 18.5765 
0.0618251 0 0 -48.3052 -1.61191 18.5784 
0.0625745 0 0 -48.3028 -1.69516 18.5753 
0.0658719 0 0 -48.3106 -1.72757 18.5811 
0.0540038 0 0 -48.3086 -1.71862 18.5796 
0.0583411 0 0 -48.3062 -1.68432 18.5817 
0.0521533 0 0 -48.3027 -1.63736 18.5774 
0.0578613 0 0 -48.3058 -1.58757 18.5793 
0.0488994 0 0 -48.3032 -1.53934 18.5804 
0.0532155 0 0 -48.303 -1.49729 18.5787 
0.0564495 0 0 -48.3042 -1.46315 18.5791 
0.0502998 0 0 -48.3055 -1.43719 18.5817 
0.0508606 0 0 -48.3023 -1.41845 18.5829 
0.0510225 0 0 -48.3016 -1.4078 18.58 
0.0462376 0 0 -48.3077 -1.40599 18.5825 
0.0485014 0 0 -48.305 -1.41066 18.5821 
0.0540701 0 0 -48.3044 -1.42412 18.5818 
0.0524187 0 0 -48.3064 -1.44509 18.5831 
0.0533786 0 0 -48.3054 -1.47334 18.582 
0.0543564 0 0 -48.3111 -1.50819 18.5857 
0.0582484 0 0 -48.307 -1.54833 18.5845 
0.0561958 0 0 -48.3025 -1.5907 18.5813 
0.0585022 0 0 -48.3013 -1.62988 18.5813 
0.0446029 0 0 -48.3145 -1.659 18.5842 
0.0529287 0 0 -48.3046 -1.66415 18.5789 
0.0501403 0 0 -48.3045 -1.63302 18.5779 
0.0496658 0 0 -48.2945 -1.55414 18.5743 
0.0642057 0 0 -48.2916 -1.42371 18.5708 
0.08632 0 0 -48.2958 -1.25786 18.5704 
0.109979 0 0 -48.288 -1.08358 18.5654 
0.139176 0 0 -48.2919 -0.945729 18.5684 
0.15945 0 0 -48.2894 -0.870119 18.5675 
0.171284 0 0 -48.2991 -0.875881 18.5719 
0.149555 0 0 -48.304 -0.973466 18.5743 
0.129082 0 0 -48.3016 -1.12311 18.575 
0.0919737 0 0 -48.3037 -1.30342 18.5774 
0.0655 0 0 -48.3052 -1.52097 18.5765 
0.063138 0 0 -48.3067 -1.60658 18.5794 
0.0605007 0 0 -48.302 -1.67102 18.5766 
0.0555073 0 0 -48.3045 -1.70433 18.5753 
0.0527135 0 0 -48.3058 -1.70753 18.5807 
0.0538316 0 0 -48.3102 -1.68576 18.5799 
0.059609 0 0 -48.3147 -1.64678 18.5821 
0.0541536 0 0 -48.2943 -1.59913 18.5763 
0.0558835 0 0 -48.3053 -1.55081 18.5771 
0.0586505 0 0 -48.3031 -1.50532 18.5798 
0.0548698 0 0 -48.3019 -1.46469 18.5799 
0.052677 0 0 -48.3017 -1.43151 18.5798 
0.0466948 0 0 -48.3063 -1.40476 18.5815 
0.0482409 0 0 -48.3013 -1.38567 18.5805 
0.0607201 0 0 -48.3015 -1.37363 18.5782 
0.051504 0 0 -48.3091 -1.36917 18.5832 
0.0602602 0 0 -48.309 -1.37164 18.5812 
0.0575642 0 0 -48.3097 -1.38186 18.5829 
0.0522991 0 0 -48.3027 -1.39737 18.5807 
0.0528755 0 0 -48.3036 -1.42127 18.5829 
0.0573435 0 0 -48.3069 -1.45134 18.5821 
0.049231 0 0 -48.3039 -1.48728 18.5799 
0.0544921 0 0 -48.305 -1.52774 18.5829 
0.0476362 0 0 -48.3033 -1.56955 18.5824 
0.0537148 0 0 -48.3053 -1.60843 18.5829 
0.0466894 0 0 -48.3055 -1.63855 18.5839 
0.0460802 0 0 -48.3092 -1.65193 18.582 
0.0531612 0 0 -48.3039 -1.64064 18.5775 
0.0514714 0 0 -48.2951 -1.60095 18.5766 
0.0543561 0 0 -48.2971 -1.53638 18.5782 
0.0629083 0 0 -48.3067 -1.45482 18.5763 
0.0734684 0 0 -48.3108 -1.38268 18.5758 
0.0812528 0 0 -48.3017 -1.33428 18.5757 
0.0940924 0 0 -48.3045 -1.32619 18.5743 
0.0881032 0 0 -48.3045 -1.36055 18.5761 
0.069342 0 0 -48.3063 -1.43282 18.5772 
0.0668134 0 0 -48.3025 -1.51953 18.5756 
0.0646952 0 0 -48.3104 -1.61832 18.5799 
0.0553765 0 0 -48.3006 -1.65618 18.5769 
0.0598557 0 0 -48.3091 -1.68529 18.577 
0.0599766 0 0 -48.3079 -1.69678 18.5829 
0.056062 0 0 -48.3102 -1.68724 18.5804 
0.0546572 0 0 -48.3053 -1.66102 18.5805 
0.0504555 0 0 -48.3063 -1.62235 18.5802 
0.0609925 0 0 -48.3093 -1.57761 18.5809 
0.0571322 0 0 -48.3019 -1.53159 18.578 
0.050731 0 0 -48.3044 -1.48757 18.5811 
0.0510708 0 0 -48.3045 -1.44774 18.5807 
0.0457484 0 0 -48.305 -1.41442 18.5814 
0.0490885 0 0 -48.3115 -1.38673 18.5819 
0.0500588 0 0 -48.3 -1.36563 18.5793 
0.0521283 0 0 -48.3009 -1.35179 18.5814 
0.052262 0 0 -48.3041 -1.34473 18.5797 
0.0512306 0 0 -48.3084 -1.34398 18.5828 
0.0520554 0 0 -48.3048 -1.34916 18.5804 
0.0535515 0 0 -48.3065 -1.36138 18.5815 
0.0604397 0 0 -48.3041 -1.37954 18.5819 
0.0487738 0 0 -48.3015 -1.40429 18.5824 
0.0598999 0 0 -48.3084 -1.43514 18.5851 
0.0480307 0 0 -48.3057 -1.47119 18.5839 
0.0553627 0 0 -48.3074 -1.51051 18.5833 
0.0484844 0 0 -48.3018 -1.55057 18.5807 
0.0559863 0 0 -48.3078 -1.58992 18.5829 
0.0545178 0 0 -48.3122 -1.62176 18.5835 
0.0548523 0 0 -48.3074 -1.64196 18.5802 
0.0569853 0 0 -48.3096 -1.64791 18.582 
0.052234 0 0 -48.304 -1.63448 18.5782 
0.0570121 0 0 -48.304 -1.60963 18.5782 
0.0590041 0 0 -48.301 -1.57946 18.5786 
0.0627893 0 0 -48.3052 -1.55229 18.5776 
0.0583532 0 0 -48.3037 -1.54187 18.577 
0.0646849 0 0 -48.3082 -1.5508 18.5807 
0.0564068 0 0 -48.3054 -1.5778 18.5799 
0.057395 0 0 -48.3097 -1.6173 18.5786 
0.0621691 0 0 -48.3042 -1.65484 18.5757 
0.0566398 0 0 -48.3063 -1.6723 18.5779 
0.0533475 0 0 -48.3067 -1.68373 18.5782 
0.0565453 0 0 -48.2982 -1.68439 18.573 
0.0596548 0 0 -48.3046 -1.67309 18.5776 
0.0556768 0 0 -48.3042 -1.648 18.5802 
0.0548157 0 0 -48.3052 -1.6129 18.5773 
0.0512896 0 0 -48.2983 -1.5715 18.5761 
0.0576172 0 0 -48.3112 -1.52823 18.5815 
0.0595902 0 0 -48.3053 -1.48553 18.5788 
0.0504364 0 0 -48.303 -1.44653 18.5791 
0.0569002 0 0 -48.3032 -1.412 18.5811 
0.0461716 0 0 -48.3003 -1.38246 18.5784 
0.0495812 0 0 -48.3054 -1.35931 18.582 
0.0535477 0 0 -48.2996 -1.34237 18.5783 
0.0478581 0 0 -48.3068 -1.3319 18.5801 
0.0506113 0 0 -48.3043 -1.32695 18.5822 
0.057127 0 0 -48.3116 -1.32857 18.5833 
0.0501245 0 0 -48.3057 -1.33551 18.5818 
0.0501361 0 0 -48.3091 -1.34879 18.583 
0.0524817 0 0 -48.3051 -1.3673 18.5819 
0.0489743 0 0 -48.308 -1.39281 18.5835 
0.0496643 0 0 -48.3044 -1.42279 18.5822 
0.0569755 0 0 -48.3049 -1.45772 18.5831 
0.0475318 0 0 -48.3033 -1.49569 18.5793 
0.0552598 0 0 -48.3023 -1.53497 18.5787 
0.0485503 0 0 -48.3002 -1.57373 18.5809 
0.0545872 0 0 -48.3024 -1.60788 18.581 
0.0498337 0 0 -48.3092 -1.63372 18.5814 
0.0501404 0 0 -48.3061 -1.64905 18.5787 
0.052655 0 0 -48.3028 -1.65304 18.5774 
0.0579097 0 0 -48.2989 -1.64779 18.5744 
0.056335 0 0 -48.3076 -1.63807 18.5778 
0.0551821 0 0 -48.3066 -1.63164 18.5768 
0.0619496 0 0 -48.3123 -1.6322 18.5803 
0.0605667 0 0 -48.3084 -1.64022 18.5787 
0.0583093 0 0 -48.3032 -1.6552 18.5772 
0.0533907 0 0 -48.313 -1.66765 18.5802 
0.0550594 0 0 -48.3048 -1.67365 18.577 
0.0582605 0 0 -48.3115 -1.67877 18.5798 
0.0567674 0 0 -48.3047 -1.67729 18.5761 
0.0568624 0 0 -48.3055 -1.66736 18.5782 
0.0577938 0 0 -48.309 -1.64727 18.5791 
0.0531652 0 0 -48.3125 -1.61738 18.5791 
0.0539478 0 0 -48.3065 -1.58066 18.5787 
0.0563359 0 0 -48.3038 -1.54021 18.5784 
0.0482255 0 0 -48.3027 -1.49921 18.5799 
0.0546256 0 0 -48.3056 -1.45956 18.5794 
0.0489228 0 0 -48.3013 -1.42307 18.5794 
0.0444239 0 0 -48.3026 -1.39154 18.5772 
0.0549416 0 0 -48.3048 -1.36536 18.5795 
0.0527789 0 0 -48.3087 -1.3453 18.5824 
0.0536151 0 0 -48.3118 -1.33047 18.582 
0.0493993 0 0 -48.3004 -1.32118 18.5797 
0.0426234 0 0 -48.3047 -1.31741 18.5817 
0.0569707 0 0 -48.3021 -1.31974 18.5793 
0.0543076 0 0 -48.3144 -1.32837 18.584 
0.0513866 0 0 -48.306 -1.34147 18.582 
0.0524444 0 0 -48.3053 -1.36106 18.5823 
0.0505912 0 0 -48.3037 -1.38531 18.5802 
0.0523393 0 0 -48.3105 -1.41526 18.5812 
0.0495607 0 0 -48.3025 -1.44929 18.581 
0.0445882 0 0 -48.3025 -1.48679 18.579 
0.0480475 0 0 -48.3123 -1.52626 18.5829 
0.0556354 0 0 -48.3097 -1.5652 18.5829 
0.0503051 0 0 -48.3038 -1.5998 18.5808 
0.0576811 0 0 -48.303 -1.6287 18.5792 
0.0539728 0 0 -48.3066 -1.64942 18.5803 
0.0555384 0 0 -48.3109 -1.66109 18.579 
0.0544254 0 0 -48.3053 -1.66459 18.5784 
0.0559352 0 0 -48.3094 -1.66359 18.5772 
0.0509922 0 0 -48.3053 -1.6622 18.5782 
0.0586519 0 0 -48.304 -1.66355 18.5772 
0.0619747 0 0 -48.3124 -1.66688 18.5786 
0.0612013 0 0 -48.3074 -1.67038 18.5782 
0.0529564 0 0 -48.3088 -1.67187 18.58 
0.0484831 0 0 -48.2983 -1.6724 18.5777 
0.0568551 0 0 -48.3021 -1.67312 18.576 
0.056467 0 0 -48.306 -1.66779 18.5783 
0.0556017 0 0 -48.3069 -1.65432 18.5803 
0.0505118 0 0 -48.3047 -1.63202 18.5768 
0.0483446 0 0 -48.3022 -1.60146 18.5795 
0.0540134 0 0 -48.3116 -1.56594 18.5826 
0.0500465 0 0 -48.304 -1.52654 18.5811 
0.0488861 0 0 -48.3109 -1.48729 18.5839 
0.0599846 0 0 -48.3084 -1.44909 18.5814 
0.0564419 0 0 -48.3097 -1.41473 18.5836 
0.0468392 0 0 -48.3085 -1.38491 18.582 
0.0529996 0 0 -48.3035 -1.35944 18.5806 
0.0536746 0 0 -48.3012 -1.34018 18.5791 
0.0538321 0 0 -48.3134 -1.32651 18.5841 
0.0507348 0 0 -48.3035 -1.31753 18.5797 
0.0492727 0 0 -48.3062 -1.31496 18.5818 
0.0583613 0 0 -48.2949 -1.31688 18.5774 
0.0527539 0 0 -48.3016 -1.32588 18.5792 
0.0554938 0 0 -48.3032 -1.33985 18.5812 
0.0529767 0 0 -48.2978 -1.35945 18.5814 
0.0456012 0 0 -48.3008 -1.38422 18.5803 
0.0455745 0 0 -48.3013 -1.41429 18.5786 
0.048298 0 0 -48.3077 -1.44845 18.581 
0.0529988 0 0 -48.3058 -1.48679 18.5795 
0.0546195 0 0 -48.307 -1.52653 18.5802 
0.0500885 0 0 -48.3074 -1.56559 18.5811 
0.0525071 0 0 -48.3031 -1.60133 18.578 
0.0567759 0 0 -48.2986 -1.63203 18.5773 
0.0546959 0 0 -48.3026 -1.65449 18.5786 
0.0545295 0 0 -48.311 -1.66801 18.5809 
0.0586896 0 0 -48.3096 -1.67336 18.5797 
0.0616826 0 0 -48.3082 -1.67304 18.5778 
0.0533301 0 0 -48.2985 -1.67052 18.5753 
0.0531679 0 0 -48.3061 -1.67014 18.5782 
