22.0844 0 0 81.8251 8.37102 -79.9578 
21.4139 0 0 81.8906 8.29078 -79.9288 
19.4775 0 0 82.0422 7.91699 -79.7708 
16.446 0 0 82.2919 7.37491 -79.5212 
12.7369 0 0 82.618 6.51026 -79.1214 
8.8378 0 0 82.9315 5.30781 -78.5062 
5.21401 0 0 83.1792 3.8608 -77.6431 
2.60692 0 0 83.2016 2.15894 -76.403 
1.00589 0 0 82.9229 0.54559 -74.8145 
0.307818 0 0 82.2828 -0.760687 -72.8927 
0.0887847 0 0 81.3334 -1.5797 -70.8016 
0.0418221 0 0 80.2579 -1.96219 -68.7715 
0.0316427 0 0 79.1915 -2.07522 -66.9334 
0.0316784 0 0 78.2219 -2.05798 -65.3703 
0.0357436 0 0 77.4238 -1.99485 -64.1187 
0.0339971 0 0 76.7729 -1.92686 -63.1451 
0.0383591 0 0 76.3113 -1.87095 -62.4585 
0.0337306 0 0 76.0412 -1.83639 -62.0567 
0.0391663 0 0 75.9556 -1.82528 -61.9224 
0.0404392 0 0 76.046 -1.83679 -62.0623 
0.0382738 0 0 76.3176 -1.87101 -62.4583 
0.0368197 0 0 76.7678 -1.92619 -63.141 
0.0322411 0 0 77.4133 -1.99422 -64.1112 
0.0369932 0 0 78.2058 -2.05694 -65.3612 
0.0385779 0 0 79.1802 -2.07458 -66.9295 
0.0357511 0 0 80.2615 -1.961 -68.7746 
0.0872315 0 0 81.3347 -1.58057 -70.7994 
0.306873 0 0 82.2737 -0.771329 -72.8766 
0.995998 0 0 82.9284 0.536159 -74.8042 
2.59714 0 0 83.2131 2.16671 -76.4074 
5.26345 0 0 83.1709 3.84029 -77.63 
8.77394 0 0 82.921 5.29922 -78.4969 
12.7431 0 0 82.6071 6.50324 -79.1143 
16.4778 0 0 82.3083 7.34959 -79.5219 
19.4296 0 0 82.0535 7.97752 -79.7914 
21.4135 0 0 81.8981 8.27609 -79.9251 
22.066 0 0 81.8428 8.39771 -79.9719 
21.3672 0 0 81.9657 8.27288 -79.9791 
20.0698 0 0 82.1865 8.02402 -79.9047 
17.568 0 0 82.5006 7.52885 -79.7229 
14.1441 0 0 82.9137 6.81705 -79.4336 
10.3357 0 0 83.3581 5.79449 -78.968 
6.54089 0 0 83.768 4.42741 -78.2603 
3.51207 0 0 84.0175 2.81028 -77.2364 
1.47798 0 0 83.942 1.11084 -75.8112 
0.50039 0 0 83.4503 -0.373181 -73.997 
0.150007 0 0 82.5366 -1.3798 -71.9144 
0.0557702 0 0 81.4217 -1.89043 -69.8207 
0.0353672 0 0 80.2199 -2.07332 -67.8479 
0.0345619 0 0 79.1193 -2.08247 -66.1519 
0.0401549 0 0 78.1224 -2.02338 -64.7217 
0.0398461 0 0 77.3086 -1.95004 -63.6035 
0.0362419 0 0 76.6725 -1.88467 -62.7596 
0.0373302 0 0 76.2176 -1.83884 -62.1951 
0.0418346 0 0 75.9549 -1.81606 -61.9116 
0.0440377 0 0 75.8718 -1.81683 -61.8882 
0.0334353 0 0 75.9794 -1.84094 -62.1399 
0.0328785 0 0 76.2576 -1.88693 -62.651 
0.0378334 0 0 76.7113 -1.9503 -63.4426 
0.0361177 0 0 77.3666 -2.01993 -64.5537 
0.0333589 0 0 78.1764 -2.06733 -65.9454 
0.0333988 0 0 79.1173 -2.03194 -67.6362 
0.0447412 0 0 80.1314 -1.7989 -69.5748 
0.138842 0 0 81.1049 -1.20874 -71.6534 
0.516556 0 0 81.8877 -0.141801 -73.6679 
1.60019 0 0 82.3629 1.33471 -75.4365 
3.6416 0 0 82.539 2.97792 -76.8597 
6.68832 0 0 82.4814 4.53836 -77.9291 
10.4626 0 0 82.2983 5.83009 -78.6882 
14.2168 0 0 82.1116 6.91351 -79.2545 
17.578 0 0 81.9319 7.60816 -79.6041 
20.1048 0 0 81.8386 8.02381 -79.8171 
21.4212 0 0 81.8501 8.22891 -79.9351 
21.344 0 0 81.9614 8.26393 -79.9771 
19.3034 0 0 82.3632 7.90796 -80.005 
17.4099 0 0 82.7534 7.55945 -79.9158 
14.532 0 0 83.2304 6.90675 -79.6974 
11.0507 0 0 83.8046 5.99174 -79.3539 
7.36667 0 0 84.3726 4.75434 -78.7969 
4.17427 0 0 84.806 3.20373 -77.9337 
1.91031 0 0 84.9205 1.47994 -76.6635 
0.682198 0 0 84.59 -0.0969392 -74.9738 
0.214565 0 0 83.7573 -1.23185 -72.9374 
0.0776016 0 0 82.6002 -1.84725 -70.7804 
0.0449989 0 0 81.2791 -2.07861 -68.7014 
0.0346052 0 0 80.0162 -2.10264 -66.8668 
0.0316363 0 0 78.8846 -2.04304 -65.3183 
0.0351545 0 0 77.8847 -1.9615 -64.0431 
0.0369768 0 0 77.0752 -1.88471 -63.0537 
0.037551 0 0 76.4406 -1.82751 -62.3383 
0.0384076 0 0 76.0115 -1.79243 -61.9024 
0.0367234 0 0 75.7438 -1.78129 -61.7134 
0.0353115 0 0 75.6758 -1.79386 -61.802 
0.034544 0 0 75.7634 -1.82895 -62.1394 
0.037251 0 0 76.0634 -1.88662 -62.7698 
0.0382165 0 0 76.5347 -1.95991 -63.6863 
0.0382361 0 0 77.1865 -2.03115 -64.9057 
0.0344636 0 0 77.9776 -2.06284 -66.4117 
0.0333993 0 0 78.9309 -1.97583 -68.2351 
0.0496877 0 0 79.8929 -1.63305 -70.2496 
0.197967 0 0 80.7806 -0.877752 -72.3248 
0.748192 0 0 81.4488 0.339313 -74.2647 
2.06183 0 0 81.8528 1.8756 -75.9094 
4.37373 0 0 81.992 3.47467 -77.2015 
7.52115 0 0 81.9808 4.92546 -78.17 
11.1012 0 0 81.9129 6.10429 -78.8728 
14.5969 0 0 81.8575 7.00481 -79.3765 
17.4357 0 0 81.8347 7.55988 -79.6871 
19.2969 0 0 81.9013 7.9013 -79.8889 
19.938 0 0 82.0675 8.00188 -79.9848 
19.3208 0 0 82.3441 7.86528 -79.9846 
16.0656 0 0 83.0335 7.2595 -80.0459 
13.8751 0 0 83.5982 6.73783 -79.92 
10.842 0 0 84.2861 5.95451 -79.6827 
7.55722 0 0 84.9568 4.80716 -79.2299 
4.50698 0 0 85.5426 3.3162 -78.4989 
2.14298 0 0 85.8806 1.6672 -77.4113 
0.821822 0 0 85.7354 0.0491833 -75.8492 
0.265782 0 0 84.9838 -1.16355 -73.8585 
0.0891914 0 0 83.7957 -1.84036 -71.6674 
0.0485417 0 0 82.3936 -2.09539 -69.522 
0.0397052 0 0 80.9804 -2.12285 -67.5718 
0.0375449 0 0 79.6812 -2.05548 -65.8906 
0.0362871 0 0 78.5073 -1.96162 -64.4694 
0.0345466 0 0 77.5222 -1.87379 -63.3431 
0.033784 0 0 76.7248 -1.80311 -62.4875 
0.03431 0 0 76.1134 -1.75545 -61.8928 
0.0303942 0 0 75.6814 -1.73105 -61.5594 
0.0365662 0 0 75.4184 -1.73069 -61.4683 
0.0365719 0 0 75.3302 -1.75455 -61.638 
0.036763 0 0 75.448 -1.80223 -62.0852 
0.0360124 0 0 75.7422 -1.87041 -62.7987 
0.0455858 0 0 76.2047 -1.95202 -63.8046 
0.042128 0 0 76.8745 -2.03012 -65.1278 
0.0421981 0 0 77.6869 -2.05641 -66.7491 
0.034467 0 0 78.6075 -1.94023 -68.6453 
0.0554091 0 0 79.5526 -1.52786 -70.7251 
0.216094 0 0 80.4019 -0.676331 -72.8108 
0.827372 0 0 81.0443 0.629643 -74.7143 
2.22606 0 0 81.4465 2.16807 -76.2784 
4.58146 0 0 81.6385 3.69598 -77.4898 
7.60864 0 0 81.7295 4.99173 -78.3813 
10.8496 0 0 81.7702 6.06411 -79.0395 
13.8364 0 0 81.8586 6.7986 -79.4873 
16.0182 0 0 82.0021 7.30863 -79.8013 
17.2526 0 0 82.2331 7.50963 -79.9734 
17.3005 0 0 82.5579 7.44397 -80.0336 
16.1397 0 0 83.0283 7.22374 -80.0324 
12.2389 0 0 84.0027 6.2624 -80.0706 
9.8709 0 0 84.7669 5.58645 -79.9164 
7.08556 0 0 85.5532 4.548 -79.5689 
4.36686 0 0 86.3157 3.19804 -78.98 
2.18173 0 0 86.8094 1.6271 -78.0304 
0.881836 0 0 86.8212 0.0498889 -76.5932 
0.302547 0 0 86.1984 -1.17105 -74.6885 
0.113483 0 0 85.0106 -1.86347 -72.4999 
0.0606092 0 0 83.5293 -2.12367 -70.2914 
0.0420389 0 0 82.0118 -2.14315 -68.2636 
0.0369177 0 0 80.5726 -2.06398 -66.4802 
0.0348085 0 0 79.2451 -1.95695 -64.9519 
0.0339903 0 0 78.0779 -1.85497 -63.6833 
0.032033 0 0 77.0941 -1.77183 -62.6809 
0.0321868 0 0 76.2956 -1.71045 -61.9332 
0.0330105 0 0 75.6876 -1.67383 -61.4424 
0.0368242 0 0 75.2317 -1.65855 -61.1721 
0.0328184 0 0 74.9983 -1.6691 -61.1853 
0.0377825 0 0 74.9172 -1.70212 -61.4358 
0.0396354 0 0 75.0373 -1.7591 -61.9495 
0.0389051 0 0 75.3235 -1.83634 -62.7341 
0.0427025 0 0 75.8084 -1.92957 -63.8206 
0.0524718 0 0 76.4656 -2.01741 -65.2089 
0.050816 0 0 77.297 -2.05274 -66.9134 
0.0376403 0 0 78.2411 -1.9376 -68.8896 
0.0439176 0 0 79.1882 -1.51295 -71.0194 
0.177763 0 0 80.053 -0.643953 -73.1178 
0.776587 0 0 80.7184 0.637455 -74.9864 
2.10256 0 0 81.1688 2.11874 -76.5083 
4.2005 0 0 81.4559 3.55352 -77.675 
6.89541 0 0 81.6587 4.75586 -78.5348 
9.64571 0 0 81.8633 5.6888 -79.1606 
11.9737 0 0 82.1025 6.36727 -79.6047 
13.5846 0 0 82.4152 6.74545 -79.8933 
14.2511 0 0 82.8187 6.81466 -80.0465 
13.6795 0 0 83.3568 6.71278 -80.1271 
12.222 0 0 83.9931 6.24978 -80.0635 
8.13025 0 0 85.2741 4.96253 -80.0845 
6.11388 0 0 86.1622 4.01727 -79.8143 
3.8982 0 0 87.0333 2.82462 -79.3403 
2.04755 0 0 87.6836 1.38542 -78.5112 
0.871793 0 0 87.861 -0.0907378 -77.2031 
0.323388 0 0 87.3554 -1.24681 -75.401 
0.12873 0 0 86.2228 -1.91227 -73.2508 
0.0607442 0 0 84.7425 -2.15298 -71.0571 
0.0451457 0 0 83.1309 -2.16098 -68.9756 
0.0380216 0 0 81.5432 -2.06861 -67.0977 
0.0359986 0 0 80.0615 -1.94792 -65.4589 
0.0361872 0 0 78.7332 -1.83392 -64.0778 
0.0371824 0 0 77.5805 -1.73775 -62.9445 
0.0321814 0 0 76.5954 -1.66366 -62.0393 
0.0347258 0 0 75.7993 -1.61312 -61.3917 
0.0294733 0 0 75.1932 -1.58608 -60.9804 
0.0337425 0 0 74.7432 -1.57974 -60.789 
0.0305068 0 0 74.4878 -1.59701 -60.8502 
0.0372997 0 0 74.4294 -1.63771 -61.165 
0.0360855 0 0 74.5341 -1.70059 -61.7294 
0.04432 0 0 74.8441 -1.78679 -62.5792 
0.0483038 0 0 75.3228 -1.88833 -63.7057 
0.0545944 0 0 76.0125 -1.99127 -65.1534 
0.0649468 0 0 76.8217 -2.04851 -66.8759 
0.0518731 0 0 77.8012 -1.96981 -68.8922 
0.0361363 0 0 78.8178 -1.59936 -71.0815 
0.120874 0 0 79.7578 -0.803059 -73.2172 
0.559113 0 0 80.4885 0.383254 -75.0853 
1.62778 0 0 81.0629 1.79179 -76.6309 
3.33438 0 0 81.4791 3.09857 -77.7817 
5.54058 0 0 81.8285 4.22289 -78.6393 
7.63964 0 0 82.2015 5.08975 -79.276 
9.37058 0 0 82.5964 5.59485 -79.6868 
10.41 0 0 83.0939 5.85389 -79.9653 
10.5374 0 0 83.7105 5.81541 -80.1163 
9.74227 0 0 84.4302 5.54507 -80.1624 
8.17515 0 0 85.2612 4.94623 -80.0705 
4.65234 0 0 86.7651 3.29315 -79.9721 
3.09311 0 0 87.7059 2.22228 -79.5602 
1.70745 0 0 88.4802 0.954021 -78.8384 
0.791094 0 0 88.7731 -0.34971 -77.6464 
0.321333 0 0 88.4143 -1.37806 -75.963 
0.136975 0 0 87.3898 -1.96919 -73.9236 
0.0780092 0 0 85.9208 -2.18353 -71.7563 
0.0529182 0 0 84.2952 -2.17542 -69.6763 
0.0435463 0 0 82.6118 -2.07149 -67.7529 
0.0384819 0 0 81.0271 -1.94179 -66.0528 
0.036075 0 0 79.5425 -1.81646 -64.5602 
0.0335975 0 0 78.2287 -1.70831 -63.3065 
0.0351061 0 0 77.0545 -1.6227 -62.2668 
0.0325424 0 0 76.0794 -1.55964 -61.461 
0.0281925 0 0 75.2862 -1.51888 -60.8865 
0.0299777 0 0 74.6689 -1.49905 -60.5348 
0.0308622 0 0 74.2339 -1.49995 -60.4062 
0.028526 0 0 73.9959 -1.52215 -60.5207 
0.0364668 0 0 73.9098 -1.56541 -60.8617 
0.041066 0 0 74.0234 -1.63217 -61.461 
0.0416129 0 0 74.3369 -1.72232 -62.3403 
0.049817 0 0 74.8121 -1.8297 -63.4733 
0.0629769 0 0 75.4861 -1.94471 -64.9219 
0.0689644 0 0 76.3262 -2.03071 -66.6504 
0.0674462 0 0 77.3418 -2.0117 -68.6788 
0.043654 0 0 78.4142 -1.75474 -70.8617 
0.0696356 0 0 79.4451 -1.11483 -73.0359 
0.298393 0 0 80.3573 -0.0779369 -74.991 
1.03437 0 0 81.0843 1.14287 -76.5603 
2.26465 0 0 81.6762 2.34127 -77.7625 
3.7713 0 0 82.2132 3.36813 -78.6565 
5.30993 0 0 82.761 4.10511 -79.2921 
6.49579 0 0 83.3647 4.52588 -79.7189 
7.07603 0 0 84.0438 4.65308 -79.9903 
6.88562 0 0 84.863 4.49944 -80.1331 
6.01849 0 0 85.7843 4.06313 -80.1431 
4.63323 0 0 86.7518 3.28047 -79.9603 
2.18167 0 0 88.2739 1.39534 -79.5836 
1.29515 0 0 89.1454 0.371959 -78.9757 
0.644319 0 0 89.5456 -0.689208 -77.8957 
0.306945 0 0 89.3318 -1.54421 -76.3599 
0.144871 0 0 88.4631 -2.03396 -74.4791 
0.0884244 0 0 87.0872 -2.20857 -72.4053 
0.0679784 0 0 85.4847 -2.18694 -70.3756 
0.0488232 0 0 83.7862 -2.07637 -68.4485 
0.0398126 0 0 82.1141 -1.93905 -66.7077 
0.0393106 0 0 80.4936 -1.80517 -65.1344 
0.0353034 0 0 79.0258 -1.68851 -63.7778 
0.0347159 0 0 77.699 -1.59261 -62.6203 
0.0333162 0 0 76.5401 -1.51798 -61.672 
0.0331787 0 0 75.5745 -1.46561 -60.9497 
0.0291304 0 0 74.7682 -1.43168 -60.4203 
0.0305019 0 0 74.1483 -1.41696 -60.1112 
0.0327309 0 0 73.7038 -1.42153 -60.0166 
0.0330174 0 0 73.4765 -1.44666 -60.1701 
0.0330574 0 0 73.3937 -1.49156 -60.5347 
0.0383285 0 0 73.5048 -1.55767 -61.1489 
0.0398943 0 0 73.798 -1.64613 -62.0063 
0.0479855 0 0 74.2924 -1.75648 -63.1481 
0.0584729 0 0 74.9629 -1.87824 -64.5618 
0.0715089 0 0 75.8147 -1.98913 -66.2519 
0.0722308 0 0 76.8547 -2.03466 -68.2307 
0.065196 0 0 77.9794 -1.91184 -70.3736 
0.0421051 0 0 79.1529 -1.48878 -72.5734 
0.115881 0 0 80.2346 -0.707654 -74.5901 
0.473 0 0 81.1789 0.298413 -76.2586 
1.15615 0 0 82.0022 1.33806 -77.5594 
2.13867 0 0 82.7611 2.19717 -78.4998 
3.08953 0 0 83.5229 2.82379 -79.18 
3.74951 0 0 84.3386 3.13519 -79.634 
4.05534 0 0 85.2405 3.14288 -79.9003 
3.78327 0 0 86.2189 2.83846 -79.9916 
3.09675 0 0 87.2682 2.26292 -79.9163 
2.16559 0 0 88.3114 1.42674 -79.6208 
0.833469 0 0 89.5881 -0.300448 -78.8486 
0.48453 0 0 90.0983 -1.08778 -77.9192 
0.266061 0 0 90.0246 -1.71996 -76.5659 
0.155522 0 0 89.3352 -2.09842 -74.8518 
0.100116 0 0 88.167 -2.22704 -72.9654 
0.0748013 0 0 86.6688 -2.19447 -71.0373 
0.0602572 0 0 85.0085 -2.08196 -69.1639 
0.0468329 0 0 83.2891 -1.94312 -67.413 
0.0392903 0 0 81.5978 -1.80449 -65.8036 
0.0339313 0 0 80.0148 -1.68207 -64.3814 
0.0364559 0 0 78.5251 -1.57643 -63.1078 
0.0342491 0 0 77.1972 -1.49206 -62.0364 
0.0313372 0 0 76.0583 -1.42819 -61.1687 
0.0275133 0 0 75.0771 -1.38267 -60.4898 
0.0285027 0 0 74.2771 -1.35451 -60.0102 
0.0285167 0 0 73.6562 -1.34379 -59.7328 
0.0317703 0 0 73.2256 -1.35092 -59.6791 
0.0307707 0 0 72.9694 -1.37557 -59.8271 
0.0342778 0 0 72.9 -1.4186 -60.2026 
0.0336481 0 0 73.0129 -1.482 -60.8101 
0.0386179 0 0 73.3065 -1.5666 -61.6526 
0.0499474 0 0 73.7877 -1.67254 -62.7466 
0.0580453 0 0 74.4481 -1.79487 -64.0931 
0.0672371 0 0 75.3126 -1.92052 -65.7101 
0.0707618 0 0 76.3589 -2.01466 -67.5854 
0.0742775 0 0 77.5377 -2.01169 -69.6376 
0.0564283 0 0 78.8274 -1.80748 -71.8056 
0.0458014 0 0 80.089 -1.33439 -73.854 
0.135734 0 0 81.2923 -0.616875 -75.6485 
0.435702 0 0 82.3656 0.156285 -77.037 
0.894773 0 0 83.3875 0.859698 -78.0968 
1.41504 0 0 84.3841 1.31187 -78.8208 
1.77051 0 0 85.3994 1.51496 -79.2978 
1.8646 0 0 86.5137 1.45099 -79.5741 
1.6628 0 0 87.631 1.08895 -79.6128 
1.28349 0 0 88.7001 0.473049 -79.3892 
0.844503 0 0 89.5627 -0.300329 -78.8401 
0.315728 0 0 90.3058 -1.48496 -77.6429 
0.212084 0 0 90.4229 -1.90664 -76.502 
0.147112 0 0 89.996 -2.15969 -75.0417 
0.112052 0 0 89.0494 -2.23984 -73.3623 
0.0916738 0 0 87.738 -2.19737 -71.6013 
0.0765621 0 0 86.1856 -2.08786 -69.8377 
0.0668707 0 0 84.5141 -1.95178 -68.1391 
0.0482346 0 0 82.8139 -1.81394 -66.5447 
0.0461654 0 0 81.13 -1.68733 -65.0698 
0.0421604 0 0 79.5255 -1.57573 -63.7277 
0.037195 0 0 78.0578 -1.48327 -62.5558 
0.0325516 0 0 76.7484 -1.40907 -61.5587 
0.0329487 0 0 75.5991 -1.35324 -60.741 
0.025612 0 0 74.614 -1.31303 -60.0996 
0.0330484 0 0 73.814 -1.28918 -59.6507 
0.0303458 0 0 73.1932 -1.28057 -59.3998 
0.0289903 0 0 72.7689 -1.28764 -59.3518 
0.0305618 0 0 72.5068 -1.31051 -59.5034 
0.0343936 0 0 72.43 -1.35021 -59.8653 
0.0345951 0 0 72.5355 -1.40813 -60.4442 
0.0402058 0 0 72.8188 -1.48533 -61.2418 
0.0449363 0 0 73.2892 -1.58347 -62.277 
0.0575369 0 0 73.9693 -1.70097 -63.5579 
0.0607259 0 0 74.832 -1.82869 -65.0695 
0.0707903 0 0 75.8837 -1.94967 -66.8112 
0.0746271 0 0 77.1015 -2.02509 -68.7369 
0.0681292 0 0 78.4477 -1.99584 -70.774 
0.041884 0 0 79.8873 -1.79416 -72.8009 
0.0424922 0 0 81.2856 -1.4111 -74.6239 
0.0992602 0 0 82.6396 -0.918047 -76.1479 
0.265547 0 0 83.9248 -0.456221 -77.3004 
0.445523 0 0 85.1766 -0.141306 -78.1189 
0.608866 0 0 86.4043 -0.0443104 -78.6243 
0.652394 0 0 87.6197 -0.164851 -78.8596 
0.584335 0 0 88.7732 -0.496541 -78.8027 
0.466725 0 0 89.7074 -0.970947 -78.4061 
0.309801 0 0 90.343 -1.48196 -77.6566 
0.149886 0 0 90.4831 -2.06567 -76.1571 
0.12753 0 0 90.3512 -2.20584 -74.9912 
0.118477 0 0 89.7174 -2.24386 -73.5873 
0.111706 0 0 88.6598 -2.19491 -72.0514 
0.0926831 0 0 87.324 -2.09282 -70.4651 
0.0818361 0 0 85.7687 -1.96547 -68.8761 
0.0734429 0 0 84.0873 -1.83235 -67.3221 
0.052291 0 0 82.3834 -1.70457 -65.8442 
0.0508298 0 0 80.7115 -1.59085 -64.4793 
0.0415314 0 0 79.1065 -1.492 -63.226 
0.0359275 0 0 77.6437 -1.40929 -62.123 
0.0318172 0 0 76.334 -1.34327 -61.1797 
0.0334751 0 0 75.1826 -1.29294 -60.3977 
0.0296136 0 0 74.2097 -1.25648 -59.7904 
0.0283085 0 0 73.3971 -1.2351 -59.3566 
0.0322286 0 0 72.7883 -1.22726 -59.119 
0.0299366 0 0 72.3444 -1.23328 -59.0649 
0.029914 0 0 72.0781 -1.25314 -59.1977 
0.0312898 0 0 72.0017 -1.28828 -59.5392 
0.0346613 0 0 72.1019 -1.33973 -60.0764 
0.037024 0 0 72.4076 -1.41013 -60.8433 
0.0389627 0 0 72.8712 -1.49725 -61.7994 
0.0460494 0 0 73.5322 -1.60372 -62.9828 
0.0480659 0 0 74.3874 -1.72489 -64.3725 
0.0644036 0 0 75.4229 -1.85112 -65.9637 
0.070795 0 0 76.6649 -1.96474 -67.7314 
0.0662021 0 0 78.0462 -2.03243 -69.5949 
0.0598923 0 0 79.5414 -2.01754 -71.48 
0.0403251 0 0 81.1281 -1.89167 -73.2899 
0.0272834 0 0 82.7113 -1.67654 -74.8573 
0.0507163 0 0 84.2354 -1.44214 -76.0946 
0.10252 0 0 85.695 -1.29035 -76.9603 
0.151649 0 0 87.0811 -1.25148 -77.5104 
0.187814 0 0 88.3494 -1.35834 -77.6998 
0.193554 0 0 89.3951 -1.57161 -77.5436 
0.176722 0 0 90.1382 -1.8395 -77.0094 
0.156785 0 0 90.4972 -2.06421 -76.1613 
0.119937 0 0 90.295 -2.23298 -74.6404 
0.121636 0 0 90.0422 -2.23484 -73.5726 
0.117643 0 0 89.3362 -2.18365 -72.3228 
0.109108 0 0 88.2947 -2.09343 -70.9681 
0.0981952 0 0 86.9193 -1.97766 -69.527 
0.0863003 0 0 85.3705 -1.85468 -68.0918 
0.0695462 0 0 83.7058 -1.73277 -66.6731 
0.0519715 0 0 82.0231 -1.61931 -65.3169 
0.0508617 0 0 80.3495 -1.51628 -64.033 
0.0342465 0 0 78.7602 -1.42776 -62.857 
0.0325257 0 0 77.3002 -1.35308 -61.8081 
0.0290675 0 0 75.9741 -1.29214 -60.8925 
0.029358 0 0 74.8236 -1.24581 -60.1419 
0.0309235 0 0 73.8198 -1.21186 -59.5346 
0.0302963 0 0 73.0184 -1.19094 -59.1105 
0.0298777 0 0 72.4017 -1.18289 -58.8707 
0.030005 0 0 71.9681 -1.18762 -58.8094 
0.0310923 0 0 71.7058 -1.20446 -58.9303 
0.0325065 0 0 71.6222 -1.2343 -59.233 
0.0356431 0 0 71.723 -1.27908 -59.7301 
0.0405484 0 0 72.0129 -1.33981 -60.4281 
0.0349083 0 0 72.4857 -1.41631 -61.3124 
0.0372279 0 0 73.1408 -1.50936 -62.3865 
0.0511555 0 0 73.9879 -1.61897 -63.6641 
0.0486343 0 0 75.0263 -1.73844 -65.1002 
0.0530541 0 0 76.2409 -1.85955 -66.6848 
0.0594006 0 0 77.6488 -1.96814 -68.3876 
0.0538853 0 0 79.1786 -2.04106 -70.103 
0.0413934 0 0 80.8466 -2.06388 -71.78 
0.0240185 0 0 82.5347 -2.03436 -73.2753 
0.0183735 0 0 84.2267 -1.97451 -74.5289 
0.0250662 0 0 85.8105 -1.93075 -75.4289 
0.0442058 0 0 87.2831 -1.9292 -75.9903 
0.0657096 0 0 88.5402 -1.98943 -76.1687 
0.0842275 0 0 89.5363 -2.08198 -76.0066 
0.0988264 0 0 90.1323 -2.1777 -75.4682 
0.115574 0 0 90.3221 -2.23288 -74.6535 
0.10916 0 0 90.0145 -2.20879 -73.297 
0.122467 0 0 89.6934 -2.15984 -72.366 
0.130003 0 0 88.9752 -2.08425 -71.2787 
0.116913 0 0 87.9371 -1.98676 -70.0841 
0.0998018 0 0 86.5918 -1.87925 -68.8159 
0.0902719 0 0 85.0518 -1.76651 -67.5085 
0.0663485 0 0 83.3833 -1.65613 -66.1932 
0.0519101 0 0 81.7048 -1.55404 -64.9287 
0.0408575 0 0 80.0347 -1.46163 -63.7188 
0.0351568 0 0 78.4406 -1.37982 -62.5908 
0.0337319 0 0 76.9711 -1.31094 -61.5762 
0.0305622 0 0 75.6461 -1.25449 -60.694 
0.0286125 0 0 74.4805 -1.21038 -59.9493 
0.030613 0 0 73.5162 -1.17874 -59.3714 
0.0318047 0 0 72.7177 -1.1581 -58.9526 
0.0280096 0 0 72.0854 -1.14846 -58.6907 
0.0341988 0 0 71.6478 -1.15106 -58.606 
0.0344805 0 0 71.3788 -1.16409 -58.691 
0.0355147 0 0 71.2963 -1.18929 -58.9577 
0.038932 0 0 71.4015 -1.22696 -59.4068 
0.0403724 0 0 71.6819 -1.27833 -60.0314 
0.0344707 0 0 72.1518 -1.34375 -60.8394 
0.0411494 0 0 72.8023 -1.42407 -61.8188 
0.0395031 0 0 73.6343 -1.51871 -62.9573 
0.0353337 0 0 74.6709 -1.62473 -64.2534 
0.0415179 0 0 75.8761 -1.739 -65.6814 
0.0380677 0 0 77.2812 -1.854 -67.2072 
0.0445756 0 0 78.8197 -1.95674 -68.7606 
0.0319007 0 0 80.4944 -2.03844 -70.2802 
0.0238344 0 0 82.2445 -2.09259 -71.6794 
0.0118124 0 0 83.9942 -2.12177 -72.8703 
0.0126099 0 0 85.6395 -2.1416 -73.7621 
0.0203929 0 0 87.1591 -2.16054 -74.347 
0.0397562 0 0 88.3836 -2.1878 -74.5538 
0.061575 0 0 89.348 -2.21455 -74.4343 
0.0853371 0 0 89.8964 -2.22514 -74.0072 
0.115573 0 0 89.9931 -2.20872 -73.2804 
0.124561 0 0 89.6793 -2.12236 -72.1502 
0.141462 0 0 89.3704 -2.06453 -71.388 
0.13401 0 0 88.6789 -1.98834 -70.4685 
0.128435 0 0 87.6315 -1.8994 -69.4207 
0.108914 0 0 86.3219 -1.80164 -68.2889 
0.0803252 0 0 84.7927 -1.70195 -67.1014 
0.0663892 0 0 83.1358 -1.60293 -65.8837 
0.050852 0 0 81.4414 -1.50897 -64.6816 
0.0405709 0 0 79.763 -1.42286 -63.5222 
0.0373957 0 0 78.1839 -1.34792 -62.4436 
0.0267228 0 0 76.7114 -1.28327 -61.462 
0.0275276 0 0 75.3931 -1.2292 -60.5931 
0.0293546 0 0 74.2268 -1.18644 -59.8617 
0.0277707 0 0 73.2486 -1.15524 -59.2749 
0.0302242 0 0 72.4377 -1.13372 -58.8403 
0.0304208 0 0 71.8053 -1.12238 -58.5549 
0.0304542 0 0 71.3727 -1.12207 -58.4507 
0.0341175 0 0 71.1002 -1.13113 -58.4933 
0.0366766 0 0 71.0201 -1.1517 -58.7141 
0.0364421 0 0 71.1094 -1.18238 -59.0983 
0.0350661 0 0 71.4033 -1.22615 -59.6629 
0.0372543 0 0 71.8574 -1.2803 -60.3789 
0.0403036 0 0 72.5043 -1.3483 -61.2612 
0.0357175 0 0 73.3433 -1.42915 -62.295 
0.0361374 0 0 74.3688 -1.52113 -63.4682 
0.0309487 0 0 75.579 -1.62277 -64.7538 
0.0351558 0 0 76.9555 -1.72875 -66.118 
0.0268541 0 0 78.5056 -1.83422 -67.5231 
0.0219296 0 0 80.1713 -1.93056 -68.9059 
0.0180315 0 0 81.903 -2.01189 -70.1901 
0.0120526 0 0 83.6651 -2.07524 -71.3087 
0.0126429 0 0 85.343 -2.1219 -72.1962 
0.0216328 0 0 86.8454 -2.15267 -72.7796 
0.0379918 0 0 88.1065 -2.17114 -73.0554 
0.0665149 0 0 89.0298 -2.17463 -73.0254 
0.103546 0 0 89.5557 -2.15781 -72.7045 
0.128291 0 0 89.6779 -2.12229 -72.1562 
0.139542 0 0 89.3931 -2.02984 -71.2464 
0.146959 0 0 89.119 -1.97741 -70.6381 
0.139196 0 0 88.4497 -1.91131 -69.8714 
0.12132 0 0 87.4132 -1.83353 -68.9615 
0.110262 0 0 86.0856 -1.74767 -67.9342 
0.0862422 0 0 84.5695 -1.65802 -66.8461 
0.0614698 0 0 82.9433 -1.56847 -65.7196 
0.0488574 0 0 81.2412 -1.48226 -64.578 
0.0386128 0 0 79.5485 -1.40172 -63.4545 
0.0330435 0 0 77.9697 -1.32984 -62.4055 
0.0287522 0 0 76.5073 -1.26787 -61.4499 
0.024857 0 0 75.1787 -1.2152 -60.5863 
0.0244205 0 0 74.0194 -1.17255 -59.8501 
0.0295307 0 0 73.0242 -1.14018 -59.2464 
0.0271788 0 0 72.2141 -1.11737 -58.79 
0.0345186 0 0 71.5946 -1.10506 -58.4906 
0.0339856 0 0 71.1523 -1.10119 -58.3439 
0.0307535 0 0 70.8934 -1.10717 -58.3551 
0.0390428 0 0 70.7965 -1.12167 -58.5165 
0.0326761 0 0 70.9032 -1.14673 -58.8445 
0.0344989 0 0 71.1734 -1.18148 -59.3264 
0.0366598 0 0 71.633 -1.22762 -59.9678 
0.0331118 0 0 72.2789 -1.28396 -60.7547 
0.0292249 0 0 73.0997 -1.35181 -61.677 
0.0276283 0 0 74.108 -1.43035 -62.729 
0.0273959 0 0 75.3253 -1.51865 -63.9047 
0.0266909 0 0 76.6902 -1.61232 -65.1378 
0.0213577 0 0 78.2191 -1.70929 -66.4151 
0.016675 0 0 79.878 -1.80315 -67.6794 
0.0120258 0 0 81.6137 -1.89036 -68.8813 
0.0106189 0 0 83.3489 -1.96341 -69.9388 
0.01768 0 0 85.007 -2.01957 -70.7898 
0.0296605 0 0 86.5314 -2.05934 -71.4266 
0.0524337 0 0 87.7833 -2.07931 -71.7658 
0.0792543 0 0 88.7401 -2.08164 -71.8518 
0.111521 0 0 89.2818 -2.06493 -71.668 
0.127934 0 0 89.4244 -2.02996 -71.2628 
0.151686 0 0 89.1697 -1.9529 -70.5654 
0.161113 0 0 88.9111 -1.91108 -70.0997 
0.144731 0 0 88.2579 -1.85623 -69.4599 
0.129353 0 0 87.2362 -1.78932 -68.6667 
0.107673 0 0 85.9391 -1.71456 -67.7607 
0.079691 0 0 84.4039 -1.6336 -66.7483 
0.0581774 0 0 82.788 -1.55215 -65.6914 
0.0411912 0 0 81.078 -1.4709 -64.595 
0.035603 0 0 79.4124 -1.39487 -63.5193 
0.0330911 0 0 77.8126 -1.32454 -62.4848 
0.0273647 0 0 76.3418 -1.26354 -61.5272 
0.0290764 0 0 74.9954 -1.21058 -60.6512 
0.0267088 0 0 73.8478 -1.16824 -59.9178 
0.0289873 0 0 72.859 -1.13459 -59.2974 
0.0299813 0 0 72.0639 -1.11047 -58.8213 
0.0338338 0 0 71.4351 -1.09421 -58.4815 
0.0366313 0 0 70.9799 -1.08711 -58.2873 
0.0316516 0 0 70.7276 -1.08958 -58.2514 
0.0335953 0 0 70.631 -1.09932 -58.3588 
0.0376333 0 0 70.7191 -1.11844 -58.6155 
0.0352235 0 0 70.9896 -1.14643 -59.0268 
0.0359286 0 0 71.4489 -1.18413 -59.5915 
0.0336235 0 0 72.086 -1.23052 -60.2871 
0.031415 0 0 72.9168 -1.28896 -61.1301 
0.029932 0 0 73.9253 -1.35501 -62.0854 
0.0256753 0 0 75.1083 -1.43059 -63.1371 
0.0204956 0 0 76.4865 -1.51366 -64.285 
0.0153907 0 0 77.9745 -1.59922 -65.4389 
0.0165173 0 0 79.639 -1.68773 -66.6365 
0.0123385 0 0 81.3527 -1.77164 -67.7661 
0.0171683 0 0 83.0893 -1.84638 -68.7909 
0.0261159 0 0 84.7507 -1.90739 -69.6459 
0.0426624 0 0 86.2721 -1.95259 -70.3064 
0.0642206 0 0 87.5365 -1.97893 -70.7284 
0.0948742 0 0 88.4743 -1.98772 -70.9034 
0.129273 0 0 89.0193 -1.97885 -70.8405 
0.146816 0 0 89.1614 -1.95223 -70.5607 
0.156713 0 0 89.0172 -1.89701 -70.0939 
0.16005 0 0 88.7725 -1.86767 -69.7572 
0.151546 0 0 88.1405 -1.82414 -69.2475 
0.132356 0 0 87.1146 -1.76761 -68.5546 
0.0972906 0 0 85.8352 -1.70237 -67.7474 
0.0728338 0 0 84.3434 -1.63014 -66.8268 
0.0590018 0 0 82.6758 -1.55247 -65.8033 
0.0392565 0 0 80.9748 -1.47581 -64.7528 
0.029914 0 0 79.3136 -1.40227 -63.7051 
0.028124 0 0 77.7076 -1.33284 -62.6741 
0.0243838 0 0 76.2307 -1.27123 -61.7118 
0.0232233 0 0 74.901 -1.21745 -60.8339 
0.0277806 0 0 73.7397 -1.173 -60.0714 
0.0305852 0 0 72.7519 -1.13709 -59.4208 
0.0312427 0 0 71.9342 -1.10994 -58.8999 
0.0339918 0 0 71.312 -1.09118 -58.5228 
0.0324995 0 0 70.8532 -1.08023 -58.2776 
0.0363944 0 0 70.5877 -1.07792 -58.1879 
0.0372329 0 0 70.5027 -1.0835 -58.241 
0.0360691 0 0 70.5985 -1.09717 -58.4401 
0.0362561 0 0 70.8687 -1.1191 -58.7804 
0.0329491 0 0 71.3264 -1.14953 -59.2684 
0.0299419 0 0 71.9636 -1.18918 -59.8916 
0.0266209 0 0 72.7807 -1.23688 -60.6365 
0.0248961 0 0 73.7929 -1.29456 -61.5168 
0.0219563 0 0 74.9709 -1.3596 -62.4833 
0.0219068 0 0 76.3223 -1.43269 -63.5377 
0.0177295 0 0 77.8107 -1.51013 -64.6255 
0.0149259 0 0 79.4639 -1.59163 -65.7511 
0.0166106 0 0 81.1661 -1.67124 -66.8388 
0.0231526 0 0 82.8941 -1.74513 -67.8428 
0.0354513 0 0 84.5383 -1.80909 -68.7109 
0.0543718 0 0 86.0556 -1.85957 -69.4091 
0.0831022 0 0 87.3223 -1.89407 -69.9041 
0.121801 0 0 88.2587 -1.91071 -70.1752 
0.138606 0 0 88.8504 -1.91115 -70.2383 
0.154266 0 0 89.0281 -1.89695 -70.0961 
0.163519 0 0 88.9254 -1.86354 -69.812 
0.164352 0 0 88.6846 -1.84528 -69.5949 
0.148825 0 0 88.0531 -1.81195 -69.1865 
0.110802 0 0 87.1049 -1.76737 -68.6361 
0.0905305 0 0 85.8155 -1.7106 -67.9062 
0.0695795 0 0 84.2852 -1.64416 -67.036 
0.0473907 0 0 82.6616 -1.57225 -66.087 
0.0339235 0 0 80.9561 -1.49753 -65.0621 
0.0290032 0 0 79.2543 -1.42309 -64.0021 
0.0258776 0 0 77.6708 -1.35428 -62.9856 
0.0228473 0 0 76.1772 -1.29087 -62.006 
0.0245354 0 0 74.8548 -1.23505 -61.1102 
0.0275655 0 0 73.6797 -1.18715 -60.3045 
0.0299002 0 0 72.6785 -1.14794 -59.6146 
0.0307891 0 0 71.8705 -1.1174 -59.0515 
0.0289602 0 0 71.2461 -1.0948 -58.6246 
0.0365344 0 0 70.7973 -1.08045 -58.3368 
0.0338122 0 0 70.5225 -1.07285 -58.1783 
0.0374695 0 0 70.4325 -1.07426 -58.1718 
0.0342315 0 0 70.5313 -1.08271 -58.3081 
0.0366395 0 0 70.7925 -1.09937 -58.5835 
0.0337334 0 0 71.2405 -1.12357 -58.9924 
0.032801 0 0 71.8839 -1.15684 -59.5522 
0.0295336 0 0 72.6956 -1.19733 -60.2263 
0.0260356 0 0 73.6976 -1.24681 -61.0209 
0.0246442 0 0 74.8823 -1.30489 -61.9308 
0.0179738 0 0 76.2275 -1.36962 -62.9134 
0.0211377 0 0 77.7141 -1.44101 -63.9495 
0.0185136 0 0 79.314 -1.5157 -65.012 
0.0240553 0 0 81.0357 -1.59285 -66.0825 
0.0326526 0 0 82.7361 -1.66568 -67.076 
0.045489 0 0 84.4029 -1.73213 -67.971 
0.0693135 0 0 85.8841 -1.78684 -68.7059 
0.0980107 0 0 87.1784 -1.82875 -69.2811 
0.134315 0 0 88.1147 -1.85479 -69.6445 
0.16022 0 0 88.7148 -1.86732 -69.8319 
0.173849 0 0 88.8981 -1.86331 -69.8027 
0.166879 0 0 88.8933 -1.85306 -69.7243 
0.163901 0 0 88.6674 -1.84496 -69.6158 
0.139767 0 0 88.074 -1.82311 -69.3344 
0.113916 0 0 87.0849 -1.78695 -68.8617 
0.0790406 0 0 85.8403 -1.73858 -68.228 
0.0604217 0 0 84.3012 -1.67783 -67.4148 
0.0400978 0 0 82.6646 -1.60927 -66.498 
0.0252715 0 0 80.9785 -1.53594 -65.5031 
0.0205435 0 0 79.2685 -1.46137 -64.4457 
0.0232545 0 0 77.6589 -1.39009 -63.4081 
0.0224252 0 0 76.1764 -1.32326 -62.4076 
0.0244059 0 0 74.8352 -1.26381 -61.47 
0.0246309 0 0 73.6697 -1.21177 -60.6267 
0.0308367 0 0 72.6631 -1.16789 -59.8836 
0.0314934 0 0 71.8398 -1.13214 -59.2589 
0.0340055 0 0 71.2302 -1.10558 -58.7877 
0.0363601 0 0 70.7713 -1.08677 -58.4339 
0.0343985 0 0 70.5101 -1.07477 -58.2263 
0.0346676 0 0 70.4108 -1.07143 -58.1493 
0.0386111 0 0 70.5016 -1.07487 -58.2222 
0.0353177 0 0 70.7737 -1.08631 -58.4332 
0.0322645 0 0 71.2075 -1.10504 -58.7747 
0.0291958 0 0 71.8508 -1.13211 -59.2677 
0.0324473 0 0 72.663 -1.16811 -59.8857 
0.0255164 0 0 73.6539 -1.21129 -60.6197 
0.0219281 0 0 74.8366 -1.2631 -61.4676 
0.0196018 0 0 76.183 -1.32371 -62.4111 
0.0240987 0 0 77.6574 -1.38947 -63.3977 
0.0237377 0 0 79.2933 -1.46208 -64.4604 
0.0325551 0 0 80.9507 -1.53545 -65.4896 
0.0385136 0 0 82.6722 -1.60927 -66.5019 
0.0557162 0 0 84.3186 -1.67825 -67.4227 
0.0853471 0 0 85.8179 -1.73794 -68.2185 
0.107935 0 0 87.1038 -1.78658 -68.8648 
0.142492 0 0 88.0741 -1.82343 -69.3408 
0.170329 0 0 88.6715 -1.84508 -69.6178 
0.172927 0 0 88.8762 -1.8523 -69.7157 
