17.7085 0 6.89584 13.3946 3.96559 -32.6466 
17.1276 0 6.91324 13.3897 3.8148 -32.5185 
15.3947 0 6.99891 13.3844 3.38912 -32.1489 
12.8249 0 7.16597 13.3766 2.65328 -31.5448 
9.84754 0 7.32855 13.347 1.65682 -30.6993 
6.90526 0 7.41101 13.2807 0.439938 -29.6122 
4.58349 0 7.34236 13.164 -0.780222 -28.3511 
3.06942 0 6.98962 12.9748 -1.74663 -26.9877 
2.26824 0 6.42311 12.7215 -2.28261 -25.6393 
1.9069 0 5.80014 12.4284 -2.44943 -24.4057 
1.78636 0 5.29127 12.1337 -2.41033 -23.3469 
1.72982 0 4.89278 11.851 -2.29269 -22.4553 
1.70023 0 4.6166 11.5974 -2.16228 -21.7216 
1.71405 0 4.44699 11.3816 -2.04644 -21.1422 
1.6975 0 4.32213 11.2002 -1.95231 -20.6794 
1.70505 0 4.25076 11.0615 -1.88201 -20.3386 
1.70228 0 4.20456 10.9612 -1.83371 -20.1011 
1.72977 0 4.17406 10.9006 -1.8051 -19.9619 
1.7272 0 4.16638 10.883 -1.79595 -19.9199 
1.72444 0 4.16441 10.9011 -1.80524 -19.9642 
1.72412 0 4.19197 10.9606 -1.83305 -20.1017 
1.71862 0 4.23952 11.0618 -1.88182 -20.3373 
1.72449 0 4.31888 11.2021 -1.95229 -20.6828 
1.69498 0 4.44768 11.3816 -2.04607 -21.1374 
1.72409 0 4.61835 11.6004 -2.1626 -21.7242 
1.72103 0 4.89245 11.8524 -2.29349 -22.4551 
1.77059 0 5.29099 12.1326 -2.41068 -23.3405 
1.91507 0 5.79607 12.4284 -2.44882 -24.4055 
2.29707 0 6.41455 12.7195 -2.28117 -25.64 
3.06878 0 6.98493 12.9713 -1.74555 -26.9804 
4.59953 0 7.34311 13.163 -0.782605 -28.3513 
6.90969 0 7.43978 13.2844 0.446948 -29.6209 
9.88024 0 7.32271 13.3457 1.63568 -30.6874 
12.8453 0 7.17302 13.378 2.64765 -31.546 
15.4337 0 7.01318 13.3875 3.37667 -32.1547 
17.1536 0 6.90489 13.3901 3.79987 -32.5129 
17.777 0 6.87584 13.3907 3.94491 -32.6368 
17.2018 0 6.97309 13.4056 3.78049 -32.5638 
16.2143 0 7.18695 13.4267 3.43003 -32.2825 
14.1043 0 7.45356 13.4431 2.78662 -31.7568 
11.4465 0 7.73698 13.4438 1.88966 -31.0065 
8.46437 0 7.98769 13.4219 0.784553 -30.038 
5.87509 0 8.00964 13.3473 -0.444746 -28.8535 
3.86702 0 7.7449 13.2087 -1.48319 -27.5634 
2.72661 0 7.16592 13.0004 -2.16438 -26.2431 
2.09209 0 6.43011 12.7308 -2.45308 -24.9947 
1.83996 0 5.72834 12.4393 -2.47907 -23.8954 
1.67908 0 5.18098 12.1352 -2.38049 -22.938 
1.63583 0 4.79591 11.8556 -2.24718 -22.1511 
1.63403 0 4.52968 11.6011 -2.11764 -21.4939 
1.62707 0 4.33085 11.3826 -2.00845 -20.9687 
1.60651 0 4.22956 11.2075 -1.92355 -20.5723 
1.61794 0 4.15268 11.0653 -1.86102 -20.2715 
1.64451 0 4.09137 10.9646 -1.82015 -20.0706 
1.63472 0 4.07825 10.9049 -1.79863 -19.9677 
1.64142 0 4.06954 10.8841 -1.796 -19.952 
1.64055 0 4.07528 10.9047 -1.81161 -20.0332 
1.62865 0 4.11162 10.9647 -1.84687 -20.2104 
1.61969 0 4.146 11.0653 -1.90316 -20.4906 
1.61401 0 4.23971 11.2038 -1.98119 -20.8745 
1.60165 0 4.35661 11.3826 -2.08287 -21.3908 
1.59653 0 4.55175 11.6011 -2.20452 -22.0472 
1.59026 0 4.83096 11.8555 -2.32984 -22.8657 
1.65905 0 5.21567 12.1336 -2.41698 -23.8479 
1.83132 0 5.68429 12.4271 -2.3685 -25.0234 
2.32605 0 6.19669 12.7087 -2.02643 -26.3492 
3.31073 0 6.62763 12.9487 -1.25285 -27.7584 
5.10705 0 6.82063 13.1198 -0.10187 -29.109 
7.73575 0 6.85447 13.2296 1.13128 -30.2853 
10.7376 0 6.82595 13.2974 2.22785 -31.2385 
13.6319 0 6.80783 13.3403 3.06761 -31.9586 
15.7995 0 6.80432 13.3667 3.62348 -32.411 
17.0555 0 6.87199 13.3911 3.83834 -32.615 
17.1727 0 7.00396 13.4108 3.80055 -32.5762 
15.6654 0 7.39096 13.4685 3.25244 -32.3621 
14.3536 0 7.74572 13.5043 2.71343 -31.9182 
12.2519 0 8.14112 13.5311 1.88746 -31.2433 
9.54402 0 8.49909 13.5406 0.858148 -30.3648 
6.94691 0 8.64746 13.5058 -0.287912 -29.279 
4.77577 0 8.49171 13.4182 -1.31617 -28.0774 
3.20372 0 7.93843 13.2577 -2.0635 -26.8181 
2.2812 0 7.15501 13.033 -2.44016 -25.6049 
1.76223 0 6.26433 12.7524 -2.5318 -24.4813 
1.53907 0 5.49988 12.451 -2.46444 -23.4927 
1.42568 0 4.93528 12.1488 -2.33341 -22.6488 
1.40733 0 4.50173 11.8661 -2.19479 -21.9402 
1.37336 0 4.24338 11.613 -2.07165 -21.3603 
1.36835 0 4.05307 11.394 -1.97083 -20.8913 
1.35026 0 3.9581 11.2104 -1.89416 -20.5297 
1.3498 0 3.88072 11.0725 -1.84063 -20.2737 
1.36233 0 3.81142 10.9685 -1.8059 -20.1024 
1.35627 0 3.80503 10.9107 -1.79153 -20.0366 
1.35016 0 3.80089 10.8887 -1.79523 -20.0499 
1.35289 0 3.80531 10.9094 -1.8172 -20.167 
1.34988 0 3.83311 10.971 -1.85922 -20.3823 
1.35422 0 3.89888 11.0707 -1.92231 -20.7052 
1.32208 0 3.98117 11.2104 -2.0088 -21.1447 
1.30199 0 4.12616 11.3941 -2.11771 -21.7275 
1.31013 0 4.29429 11.6109 -2.24039 -22.4506 
1.32466 0 4.57607 11.866 -2.35471 -23.3574 
1.38408 0 4.95307 12.1438 -2.39859 -24.4371 
1.64705 0 5.41145 12.4348 -2.24792 -25.7103 
2.18071 0 5.85501 12.7076 -1.72698 -27.1098 
3.35021 0 6.16792 12.9311 -0.78599 -28.51 
5.37427 0 6.37041 13.0981 0.428844 -29.8088 
8.0029 0 6.47601 13.2091 1.58126 -30.8687 
10.8975 0 6.56134 13.2837 2.52487 -31.6849 
13.4661 0 6.67563 13.3391 3.14875 -32.2313 
15.2727 0 6.83997 13.3843 3.46971 -32.5187 
16.0779 0 7.06599 13.4252 3.49089 -32.5508 
15.7238 0 7.37939 13.4663 3.25563 -32.3567 
13.6252 0 8.00571 13.557 2.36067 -32.0004 
12.1295 0 8.52044 13.6078 1.62748 -31.4078 
10.0431 0 9.00067 13.6431 0.706608 -30.6093 
7.75342 0 9.25376 13.6399 -0.341138 -29.6095 
5.61342 0 9.20586 13.5914 -1.29946 -28.4943 
3.86229 0 8.74585 13.4813 -2.02323 -27.3254 
2.64137 0 7.89726 13.2986 -2.43791 -26.1529 
1.84632 0 6.91577 13.0626 -2.5759 -25.0761 
1.39353 0 5.92618 12.7771 -2.53954 -24.0803 
1.18378 0 5.12478 12.4722 -2.41924 -23.2149 
1.10014 0 4.50155 12.1687 -2.27527 -22.4621 
1.04405 0 4.08217 11.8849 -2.13942 -21.8333 
1.03026 0 3.80775 11.6281 -2.02469 -21.3111 
1.00432 0 3.62916 11.4054 -1.93323 -20.8893 
0.994086 0 3.51813 11.2243 -1.86572 -20.5711 
0.999547 0 3.43612 11.0839 -1.81924 -20.3501 
0.990058 0 3.39921 10.9792 -1.7916 -20.2109 
1.0051 0 3.3692 10.9197 -1.78333 -20.1697 
0.987662 0 3.36756 10.8998 -1.79317 -20.2202 
0.998388 0 3.38121 10.9193 -1.82126 -20.3663 
0.985493 0 3.42168 10.9804 -1.86931 -20.6225 
0.96968 0 3.46587 11.0828 -1.93978 -20.9926 
0.944045 0 3.5585 11.2231 -2.03245 -21.4801 
0.938293 0 3.69165 11.4048 -2.14592 -22.1166 
0.925708 0 3.90539 11.6276 -2.26901 -22.9285 
0.938274 0 4.18375 11.8806 -2.36851 -23.8995 
1.03395 0 4.55003 12.1603 -2.3637 -25.0822 
1.30758 0 4.97493 12.4503 -2.11408 -26.4212 
1.93768 0 5.40014 12.7139 -1.46964 -27.8401 
3.23263 0 5.73167 12.9308 -0.468043 -29.1972 
5.24268 0 5.98674 13.0924 0.669519 -30.3787 
7.78513 0 6.23997 13.2118 1.67592 -31.3125 
10.2831 0 6.47231 13.2987 2.41868 -31.97 
12.4915 0 6.76688 13.3735 2.83623 -32.3542 
13.7935 0 7.14222 13.4428 3 -32.4926 
14.2009 0 7.55448 13.5032 2.83614 -32.3724 
13.5621 0 8.04961 13.5628 2.37743 -32.0119 
11.2241 0 8.90899 13.6804 1.14831 -31.4961 
9.92754 0 9.45871 13.7308 0.306743 -30.7557 
8.14902 0 9.81852 13.7525 -0.580809 -29.8569 
6.3559 0 9.85036 13.7306 -1.43125 -28.817 
4.62899 0 9.49861 13.6618 -2.07593 -27.7267 
3.16568 0 8.71963 13.5278 -2.45919 -26.6415 
2.12622 0 7.67938 13.3376 -2.6131 -25.6122 
1.40299 0 6.53603 13.091 -2.59962 -24.666 
1.022 0 5.48479 12.8055 -2.49511 -23.8055 
0.813066 0 4.61925 12.4978 -2.3529 -23.0422 
0.729159 0 3.97811 12.191 -2.20878 -22.3692 
0.683297 0 3.53782 11.9044 -2.08173 -21.8039 
0.664047 0 3.24641 11.6451 -1.97629 -21.3318 
0.648963 0 3.06479 11.4239 -1.89562 -20.96 
0.63844 0 2.95331 11.2389 -1.83585 -20.6696 
0.641229 0 2.88539 11.0962 -1.79631 -20.4778 
0.626108 0 2.8351 10.9925 -1.77534 -20.3704 
0.625576 0 2.8173 10.931 -1.77234 -20.3569 
0.618338 0 2.8184 10.9108 -1.7877 -20.4398 
0.620284 0 2.83408 10.9334 -1.82134 -20.6238 
0.608634 0 2.86579 10.9913 -1.87464 -20.9053 
0.584745 0 2.92182 11.0951 -1.95089 -21.3192 
0.58069 0 3.013 11.2387 -2.04892 -21.8658 
0.554842 0 3.16376 11.4222 -2.16637 -22.5631 
0.55165 0 3.36343 11.6431 -2.28852 -23.4258 
0.55564 0 3.67437 11.9033 -2.37334 -24.4908 
0.648082 0 4.04388 12.1844 -2.33248 -25.7226 
0.930422 0 4.49605 12.4713 -2.0218 -27.0919 
1.55779 0 4.95543 12.7336 -1.34558 -28.4886 
2.80131 0 5.38959 12.9492 -0.378456 -29.7653 
4.67193 0 5.7942 13.1169 0.612187 -30.8177 
6.9293 0 6.1971 13.2474 1.42493 -31.5952 
9.08261 0 6.65666 13.3566 1.9848 -32.1076 
10.8083 0 7.12574 13.4466 2.21065 -32.3284 
11.7657 0 7.68061 13.5323 2.1634 -32.3029 
11.9355 0 8.27893 13.6102 1.77326 -32.0089 
11.2158 0 8.92255 13.6814 1.14759 -31.4971 
9.16301 0 9.838 13.8019 -0.224512 -30.8304 
8.10303 0 10.291 13.8416 -0.988915 -29.9919 
6.83822 0 10.4433 13.8452 -1.67795 -29.0458 
5.47206 0 10.1617 13.8009 -2.19594 -28.0361 
4.01942 0 9.52269 13.7111 -2.50996 -27.0397 
2.75568 0 8.5147 13.5635 -2.64364 -26.0826 
1.74387 0 7.34739 13.3686 -2.64029 -25.1925 
1.09234 0 6.11268 13.1186 -2.55112 -24.3767 
0.718349 0 4.97475 12.8272 -2.41847 -23.6281 
0.525698 0 4.07697 12.5222 -2.27369 -22.9582 
0.430986 0 3.41835 12.2121 -2.13851 -22.3591 
0.392878 0 2.95357 11.9236 -2.02208 -21.8456 
0.378898 0 2.65522 11.6667 -1.9283 -21.4253 
0.359204 0 2.46366 11.4408 -1.85561 -21.0775 
0.36252 0 2.34012 11.255 -1.80376 -20.8247 
0.335809 0 2.27128 11.1096 -1.77097 -20.6549 
0.34543 0 2.21827 11.0069 -1.75498 -20.5775 
0.342753 0 2.20392 10.9437 -1.75671 -20.5868 
0.339743 0 2.20553 10.9247 -1.77611 -20.6986 
0.323694 0 2.21639 10.9451 -1.81436 -20.9121 
0.313046 0 2.26232 11.0073 -1.87242 -21.2378 
0.30208 0 2.31671 11.1101 -1.95158 -21.6821 
0.289656 0 2.4169 11.2545 -2.054 -22.2686 
0.277503 0 2.56142 11.4408 -2.17424 -23.0158 
0.263206 0 2.77347 11.663 -2.29606 -23.9232 
0.285439 0 3.07548 11.9252 -2.37764 -25.0244 
0.359184 0 3.4907 12.2105 -2.32741 -26.2901 
0.575443 0 3.99236 12.496 -2.02045 -27.6484 
1.13994 0 4.56596 12.7639 -1.3937 -28.995 
2.20421 0 5.14847 12.9854 -0.565539 -30.1667 
3.80853 0 5.75558 13.168 0.247101 -31.0907 
5.66676 0 6.40144 13.3198 0.881863 -31.7351 
7.46516 0 7.0332 13.441 1.21026 -32.0707 
8.81997 0 7.73047 13.5513 1.22967 -32.12 
9.5603 0 8.48174 13.6519 0.977398 -31.9318 
9.68075 0 9.21765 13.7385 0.457419 -31.4875 
9.17855 0 9.84864 13.8023 -0.237279 -30.823 
7.73216 0 10.6358 13.906 -1.45913 -30.0299 
7.06838 0 10.8779 13.9261 -1.96675 -29.1648 
6.12194 0 10.7118 13.9039 -2.34837 -28.2394 
4.91884 0 10.2265 13.8458 -2.57412 -27.3259 
3.66996 0 9.37686 13.7414 -2.66343 -26.4528 
2.45745 0 8.27195 13.592 -2.65418 -25.6397 
1.51091 0 6.9951 13.391 -2.57727 -24.8906 
0.869457 0 5.69037 13.1412 -2.46001 -24.1927 
0.486934 0 4.52004 12.8554 -2.32394 -23.547 
0.325587 0 3.57415 12.543 -2.18922 -22.9464 
0.226563 0 2.87618 12.2343 -2.06541 -22.4079 
0.206675 0 2.40168 11.9439 -1.96108 -21.9444 
0.179733 0 2.08801 11.6812 -1.87689 -21.5503 
0.172433 0 1.89105 11.4561 -1.81296 -21.2398 
0.163016 0 1.76258 11.2664 -1.76764 -21.0062 
0.159263 0 1.6849 11.1223 -1.74 -20.8622 
0.156323 0 1.63599 11.0181 -1.72889 -20.8058 
0.154472 0 1.62092 10.958 -1.7343 -20.844 
0.156127 0 1.61221 10.9346 -1.7564 -20.9726 
0.136902 0 1.63446 10.9559 -1.79689 -21.2107 
0.135943 0 1.67045 11.0205 -1.85743 -21.5666 
0.129481 0 1.72104 11.1217 -1.93836 -22.0375 
0.115952 0 1.82779 11.2699 -2.04236 -22.6617 
0.104645 0 1.97538 11.4591 -2.16525 -23.438 
0.0983997 0 2.19134 11.686 -2.28953 -24.3766 
0.107881 0 2.51511 11.9489 -2.37858 -25.4817 
0.15259 0 2.96642 12.2354 -2.35323 -26.7361 
0.311806 0 3.56591 12.5325 -2.11115 -28.0561 
0.717048 0 4.27121 12.8043 -1.62028 -29.3094 
1.55128 0 5.05649 13.0422 -0.968619 -30.3781 
2.82239 0 5.85487 13.237 -0.383304 -31.153 
4.31368 0 6.72533 13.4064 0.0184187 -31.6352 
5.81644 0 7.59255 13.5459 0.144049 -31.8099 
7.01437 0 8.49212 13.6692 0.025392 -31.7201 
7.70293 0 9.33914 13.7719 -0.358512 -31.3543 
7.96894 0 10.1227 13.8562 -0.870965 -30.7955 
7.73266 0 10.6374 13.9063 -1.46461 -30.0264 
6.91742 0 11.0882 13.9724 -2.2404 -29.1815 
6.55186 0 11.0742 13.9694 -2.48087 -28.3545 
5.77882 0 10.7881 13.939 -2.6175 -27.5252 
4.66733 0 10.12 13.8673 -2.66242 -26.7294 
3.47838 0 9.1682 13.7569 -2.63965 -25.9862 
2.31041 0 8.01339 13.6068 -2.5702 -25.3071 
1.38467 0 6.67317 13.4045 -2.46899 -24.6738 
0.726688 0 5.33925 13.157 -2.35 -24.0834 
0.3748 0 4.13832 12.8722 -2.22406 -23.5217 
0.18581 0 3.15163 12.5618 -2.10131 -22.9898 
0.123913 0 2.43789 12.2542 -1.99138 -22.5064 
0.103168 0 1.9397 11.959 -1.8978 -22.0746 
0.0880311 0 1.61103 11.6941 -1.82288 -21.7088 
0.0845491 0 1.40672 11.4692 -1.76631 -21.4252 
0.0793625 0 1.27531 11.2806 -1.72649 -21.2134 
0.0674316 0 1.19322 11.134 -1.70308 -21.088 
0.0734663 0 1.14721 11.0283 -1.69487 -21.0461 
0.0659478 0 1.12477 10.9644 -1.70239 -21.0982 
0.0534747 0 1.12448 10.9421 -1.7261 -21.2472 
0.0565832 0 1.13488 10.9656 -1.76739 -21.5061 
0.0518509 0 1.17265 11.0269 -1.82748 -21.8739 
0.0460235 0 1.2308 11.1339 -1.90869 -22.3705 
0.0321899 0 1.32855 11.2785 -2.01182 -22.9957 
0.0351028 0 1.46967 11.4713 -2.13366 -23.7822 
0.0281065 0 1.7014 11.7009 -2.2629 -24.7204 
0.0331453 0 2.0404 11.9677 -2.36892 -25.8027 
0.0502511 0 2.53937 12.2614 -2.39185 -27.0131 
0.152114 0 3.21871 12.5633 -2.2612 -28.2491 
0.43874 0 4.06247 12.8485 -1.94467 -29.4012 
1.03414 0 5.03324 13.102 -1.52655 -30.3388 
2.01044 0 6.07458 13.3175 -1.16208 -30.9828 
3.18741 0 7.186 13.5054 -0.950818 -31.3296 
4.50371 0 8.23254 13.6535 -0.966605 -31.3525 
5.61425 0 9.2385 13.778 -1.18396 -31.0975 
6.40121 0 10.1127 13.8749 -1.51792 -30.6251 
6.83205 0 10.7367 13.9389 -1.90281 -29.9601 
6.91966 0 11.0775 13.9712 -2.24107 -29.1838 
6.60597 0 11.2207 14.0029 -2.5706 -28.3725 
6.33577 0 11.1124 13.9923 -2.63177 -27.6294 
5.61618 0 10.6964 13.9509 -2.63737 -26.9198 
4.56719 0 10.0184 13.8808 -2.60074 -26.2545 
3.40391 0 9.00474 13.7663 -2.53501 -25.6345 
2.22619 0 7.81793 13.616 -2.44826 -25.0727 
1.30463 0 6.45162 13.4149 -2.34692 -24.5417 
0.649684 0 5.08027 13.1672 -2.23705 -24.0371 
0.308848 0 3.83181 12.8784 -2.12363 -23.5389 
0.133523 0 2.84552 12.5741 -2.01595 -23.0673 
0.0724661 0 2.10497 12.2614 -1.9173 -22.6177 
0.0525806 0 1.59696 11.9693 -1.83404 -22.2208 
0.0426106 0 1.2641 11.7017 -1.76696 -21.8794 
0.0347489 0 1.05303 11.4762 -1.71655 -21.6148 
0.037308 0 0.919058 11.2906 -1.68137 -21.4267 
0.0320203 0 0.838702 11.1395 -1.66103 -21.3106 
0.0307356 0 0.785471 11.0353 -1.6546 -21.2849 
0.0295712 0 0.768587 10.9731 -1.66327 -21.3518 
0.0283197 0 0.758589 10.9514 -1.68687 -21.5106 
0.0197292 0 0.77788 10.9734 -1.72728 -21.7753 
0.0159394 0 0.807452 11.0358 -1.78526 -22.153 
0.0112777 0 0.868031 11.1403 -1.86382 -22.6501 
0.0109016 0 0.954708 11.2873 -1.9623 -23.2727 
0.0100939 0 1.10466 11.4826 -2.08188 -24.0416 
0.00813537 0 1.33267 11.7131 -2.21237 -24.9405 
0.00655855 0 1.68795 11.9829 -2.33561 -25.9756 
0.0203158 0 2.21563 12.28 -2.41059 -27.1006 
0.0750292 0 2.95518 12.59 -2.39045 -28.2306 
0.262766 0 3.9099 12.8862 -2.25241 -29.2601 
0.684384 0 5.05924 13.1585 -2.04888 -30.0689 
1.46222 0 6.29277 13.3881 -1.87312 -30.5777 
2.46299 0 7.57068 13.5831 -1.80402 -30.792 
3.66242 0 8.73065 13.7345 -1.88103 -30.6794 
4.82286 0 9.74752 13.8521 -2.05094 -30.3243 
5.74284 0 10.5474 13.9361 -2.25977 -29.7802 
6.39816 0 11.024 13.9839 -2.44368 -29.1076 
6.62662 0 11.1876 13.9998 -2.57029 -28.3696 
6.47029 0 11.2504 14.0178 -2.61273 -27.6714 
6.2364 0 11.062 14.0006 -2.58836 -27.039 
5.55354 0 10.5983 13.9555 -2.54238 -26.4342 
4.53942 0 9.87617 13.8811 -2.47879 -25.8823 
3.32059 0 8.89098 13.7716 -2.40422 -25.3764 
2.18236 0 7.69402 13.6222 -2.32055 -24.9153 
1.25341 0 6.31012 13.4217 -2.22882 -24.4745 
0.624137 0 4.91804 13.1748 -2.13169 -24.0418 
0.260149 0 3.66804 12.89 -2.03272 -23.605 
0.114694 0 2.64207 12.5805 -1.93591 -23.1701 
0.0457132 0 1.89087 12.2701 -1.84802 -22.7555 
0.0304506 0 1.37502 11.9753 -1.77276 -22.3819 
0.0164518 0 1.03713 11.7106 -1.71196 -22.0614 
0.0191116 0 0.816708 11.48 -1.66549 -21.8066 
0.0169675 0 0.681336 11.2905 -1.63369 -21.6258 
0.0145184 0 0.600855 11.1427 -1.61524 -21.5236 
0.0156706 0 0.547965 11.0378 -1.61024 -21.506 
0.0111596 0 0.530136 10.9764 -1.6188 -21.5806 
0.01124 0 0.521799 10.9535 -1.64103 -21.7417 
0.00956396 0 0.536413 10.977 -1.67872 -22.0101 
0.00978887 0 0.566059 11.0405 -1.7333 -22.3832 
0.00838255 0 0.621583 11.1451 -1.80569 -22.8669 
0.00525934 0 0.710489 11.2926 -1.89883 -23.4697 
0.00572295 0 0.860383 11.4874 -2.01187 -24.204 
0.00339922 0 1.08952 11.7177 -2.13965 -25.0483 
0.00378891 0 1.44649 11.9893 -2.27193 -26.0013 
0.00767326 0 1.98036 12.2868 -2.38189 -27.0108 
0.0465821 0 2.76736 12.6038 -2.44294 -28.0266 
0.168534 0 3.80722 12.9142 -2.43665 -28.9241 
0.500996 0 5.0932 13.1999 -2.38165 -29.6208 
1.18882 0 6.43348 13.4359 -2.33927 -29.9901 
2.11551 0 7.78801 13.6313 -2.33934 -30.0818 
3.26274 0 9.005 13.7825 -2.39924 -29.8881 
4.44358 0 9.99543 13.8921 -2.48163 -29.489 
5.48049 0 10.7075 13.9651 -2.55658 -28.9452 
6.19161 0 11.0727 14.0009 -2.60227 -28.3156 
6.45364 0 11.2021 14.0137 -2.6117 -27.6653 
6.43248 0 11.1466 14.0161 -2.52357 -27.0845 
6.22994 0 10.9498 13.9979 -2.4715 -26.5476 
5.56107 0 10.5218 13.9562 -2.41279 -26.0569 
4.55802 0 9.78164 13.8807 -2.34629 -25.6069 
3.33606 0 8.8298 13.7757 -2.27728 -25.2035 
2.17585 0 7.57261 13.6205 -2.20245 -24.818 
1.25043 0 6.20943 13.4237 -2.12287 -24.4531 
0.602683 0 4.82947 13.1807 -2.03859 -24.078 
0.231538 0 3.55572 12.8946 -1.95101 -23.6887 
0.0903777 0 2.52385 12.587 -1.8645 -23.2957 
0.0335961 0 1.75167 12.2711 -1.78414 -22.9008 
0.016802 0 1.23758 11.9784 -1.71598 -22.5487 
0.0128404 0 0.897462 11.7131 -1.65947 -22.2437 
0.0151435 0 0.677623 11.4838 -1.61735 -22.0024 
0.0122593 0 0.54054 11.295 -1.58674 -21.8302 
0.00859612 0 0.455225 11.1466 -1.56934 -21.7337 
0.0102904 0 0.402746 11.0394 -1.56406 -21.714 
0.00966144 0 0.380886 10.9785 -1.57151 -21.7887 
0.00835496 0 0.37517 10.9585 -1.59224 -21.9531 
0.0064496 0 0.384963 10.9784 -1.62659 -22.209 
0.00454375 0 0.418996 11.0413 -1.6762 -22.564 
0.00577567 0 0.470289 11.1466 -1.74237 -23.026 
0.00480814 0 0.564495 11.2981 -1.82827 -23.6035 
0.00490717 0 0.707575 11.488 -1.93105 -24.2758 
0.00525565 0 0.933674 11.72 -2.05103 -25.0533 
0.00423102 0 1.29833 11.9929 -2.18171 -25.9223 
0.00664717 0 1.84699 12.2958 -2.3083 -26.829 
0.0347734 0 2.64432 12.6128 -2.41144 -27.7047 
0.149345 0 3.71521 12.925 -2.47588 -28.4686 
0.436178 0 5.05029 13.2164 -2.50635 -29.0326 
1.0325 0 6.47186 13.4589 -2.52435 -29.3072 
1.96982 0 7.86002 13.654 -2.54311 -29.3196 
3.12525 0 9.07979 13.8016 -2.5653 -29.0954 
4.36143 0 10.0155 13.9031 -2.58252 -28.6919 
5.42684 0 10.7109 13.9733 -2.58236 -28.1945 
6.16543 0 11.0629 14.0082 -2.56156 -27.6409 
6.44514 0 11.1431 14.0157 -2.52357 -27.0858 
6.45143 0 11.1101 14.0169 -2.39648 -26.6118 
6.22166 0 10.9453 14.0017 -2.34053 -26.1743 
5.57718 0 10.4596 13.9547 -2.28321 -25.7723 
4.56386 0 9.74259 13.8818 -2.2249 -25.4106 
3.36371 0 8.75296 13.7733 -2.16492 -25.088 
2.17355 0 7.53786 13.6231 -2.10204 -24.779 
1.22621 0 6.14426 13.4234 -2.03345 -24.4696 
0.588444 0 4.75874 13.1803 -1.95921 -24.1454 
0.237802 0 3.48028 12.8939 -1.88156 -23.7933 
0.0788177 0 2.45666 12.5897 -1.80324 -23.4311 
0.0299558 0 1.691 12.2779 -1.7308 -23.0667 
0.0132041 0 1.16078 11.979 -1.66588 -22.72 
0.0119969 0 0.815675 11.7142 -1.61338 -22.4263 
0.00894268 0 0.598646 11.4829 -1.5728 -22.1872 
0.00982724 0 0.457756 11.297 -1.54389 -22.0236 
0.00976079 0 0.375169 11.1487 -1.52668 -21.9273 
0.00757548 0 0.323723 11.0424 -1.52061 -21.9083 
0.00775563 0 0.303255 10.9799 -1.52738 -21.9746 
0.00536674 0 0.294699 10.9588 -1.54457 -22.1284 
0.00524358 0 0.304221 10.9791 -1.57523 -22.3691 
0.00619836 0 0.331869 11.0421 -1.6193 -22.7026 
0.00658011 0 0.388094 11.1508 -1.67848 -23.1383 
0.00625708 0 0.472889 11.2965 -1.75451 -23.6637 
0.00509785 0 0.624227 11.4909 -1.84812 -24.2902 
0.00487095 0 0.849785 11.7225 -1.95767 -24.9925 
0.00409204 0 1.20852 11.9943 -2.07868 -25.7616 
0.00655276 0 1.76247 12.2956 -2.20512 -26.5603 
0.0317089 0 2.56408 12.6152 -2.32099 -27.3201 
0.130473 0 3.65852 12.9312 -2.41374 -27.9662 
0.424454 0 5.00045 13.2203 -2.47833 -28.4167 
0.994729 0 6.44795 13.4657 -2.51591 -28.6253 
1.93588 0 7.84303 13.66 -2.5339 -28.5878 
3.0682 0 9.05816 13.8053 -2.53549 -28.3583 
4.29441 0 10.0093 13.9081 -2.51914 -27.9952 
5.42815 0 10.6324 13.9709 -2.48942 -27.5484 
6.15573 0 11.021 14.0083 -2.4467 -27.0809 
6.45244 0 11.1269 14.0188 -2.39607 -26.6176 
6.47565 0 11.0334 14.0122 -2.26865 -26.2321 
6.25035 0 10.9032 13.9999 -2.22021 -25.8845 
5.57408 0 10.4642 13.9578 -2.17119 -25.5678 
4.53274 0 9.72068 13.8818 -2.12322 -25.2807 
3.32779 0 8.74097 13.7741 -2.07375 -25.0268 
2.16459 0 7.54379 13.628 -2.02064 -24.7852 
1.20698 0 6.12925 13.4257 -1.96146 -24.5244 
0.578642 0 4.73925 13.1833 -1.89676 -24.2466 
0.228929 0 3.46102 12.8984 -1.82621 -23.9275 
0.0726306 0 2.4157 12.5889 -1.75337 -23.5809 
0.0230552 0 1.6493 12.2776 -1.68499 -23.2297 
0.00885082 0 1.12634 11.983 -1.62402 -22.9003 
0.00834365 0 0.776267 11.7161 -1.57372 -22.609 
0.00970271 0 0.556751 11.4853 -1.53404 -22.3751 
0.00954476 0 0.41683 11.2972 -1.50586 -22.2055 
0.0082553 0 0.333839 11.1481 -1.48895 -22.1067 
0.00774826 0 0.282202 11.0445 -1.48192 -22.0843 
0.00501148 0 0.260634 10.9802 -1.48593 -22.1386 
0.00534472 0 0.251175 10.958 -1.50046 -22.2716 
0.0052442 0 0.260553 10.9798 -1.5273 -22.4961 
0.00511372 0 0.289777 11.0444 -1.56586 -22.8044 
0.00695675 0 0.339823 11.15 -1.61788 -23.1981 
0.00574659 0 0.43176 11.297 -1.6848 -23.6773 
0.0058586 0 0.573943 11.4886 -1.76734 -24.2397 
0.00465048 0 0.806617 11.7231 -1.86503 -24.8737 
0.00280169 0 1.1592 11.9914 -1.9746 -25.5496 
0.0067621 0 1.70168 12.293 -2.09039 -26.2461 
0.031976 0 2.51473 12.614 -2.20462 -26.9079 
0.135653 0 3.59859 12.9269 -2.30214 -27.4522 
0.422536 0 4.94316 13.2185 -2.37408 -27.8238 
1.02876 0 6.38245 13.4614 -2.41636 -27.9728 
1.94203 0 7.77282 13.655 -2.43237 -27.9231 
3.09158 0 9.00564 13.8032 -2.42397 -27.7165 
4.35406 0 9.94269 13.9043 -2.39899 -27.3904 
5.45431 0 10.5984 13.9702 -2.3618 -27.0166 
6.17613 0 10.9805 14.0069 -2.31748 -26.6214 
6.46736 0 11.0686 14.0155 -2.26866 -26.2376 
6.49632 0 11.0152 14.0113 -2.15864 -25.9422 
6.30765 0 10.8077 13.9917 -2.11787 -25.6597 
5.57574 0 10.4393 13.9562 -2.07933 -25.4228 
4.5571 0 9.67518 13.8789 -2.03971 -25.2026 
3.29957 0 8.72212 13.7744 -1.99999 -25.012 
2.1326 0 7.54933 13.6298 -1.95801 -24.8277 
1.19958 0 6.1504 13.431 -1.90716 -24.6166 
0.572821 0 4.7333 13.1853 -1.84845 -24.3686 
0.2227 0 3.44273 12.899 -1.78352 -24.0735 
0.076473 0 2.39473 12.5888 -1.71559 -23.7424 
0.0209572 0 1.63096 12.2788 -1.65048 -23.4068 
0.00684796 0 1.10786 11.9848 -1.59165 -23.0838 
0.00870384 0 0.758614 11.718 -1.54229 -22.7959 
0.00884951 0 0.53819 11.4876 -1.50326 -22.5584 
0.00813277 0 0.39392 11.2944 -1.47426 -22.3787 
0.00788189 0 0.31134 11.1493 -1.4563 -22.2748 
0.00671182 0 0.262553 11.0428 -1.44823 -22.2372 
0.00536621 0 0.23725 10.9783 -1.44931 -22.2739 
0.00526885 0 0.22914 10.9588 -1.46183 -22.3927 
0.00592709 0 0.237661 10.9824 -1.48402 -22.5919 
0.00593357 0 0.266922 11.0421 -1.5173 -22.8609 
0.00434407 0 0.322007 11.1495 -1.5629 -23.2186 
0.00601569 0 0.411737 11.3011 -1.62191 -23.6567 
0.00614708 0 0.550378 11.4886 -1.69415 -24.1516 
0.0048641 0 0.77583 11.7218 -1.77944 -24.714 
0.00152697 0 1.1299 11.9898 -1.87703 -25.3129 
0.0070523 0 1.67821 12.2904 -1.98202 -25.9234 
0.0351381 0 2.481 12.6106 -2.08683 -26.496 
0.147101 0 3.56431 12.925 -2.17947 -26.9646 
0.458906 0 4.87598 13.2095 -2.24773 -27.2694 
1.04213 0 6.34842 13.4594 -2.29087 -27.4053 
1.96359 0 7.75266 13.6549 -2.30522 -27.3557 
3.17974 0 8.93857 13.797 -2.2969 -27.1674 
4.36562 0 9.87336 13.898 -2.27229 -26.8906 
5.43893 0 10.5324 13.9648 -2.23808 -26.5722 
6.23544 0 10.8955 13.9999 -2.19884 -26.2487 
6.49126 0 11.0027 14.01 -2.1583 -25.9405 
6.50562 0 10.9904 14.0094 -2.06871 -25.7184 
6.28634 0 10.8156 13.9931 -2.03785 -25.5072 
5.59298 0 10.3941 13.9515 -2.00875 -25.3274 
4.51339 0 9.7141 13.8831 -1.97862 -25.1779 
3.34777 0 8.7013 13.7717 -1.94694 -25.0334 
2.15011 0 7.51824 13.627 -1.91155 -24.896 
1.17328 0 6.15115 13.432 -1.86858 -24.7289 
0.55389 0 4.73314 13.1866 -1.81584 -24.5125 
0.221306 0 3.43804 12.8986 -1.75492 -24.2358 
0.0755303 0 2.39386 12.5898 -1.68949 -23.9224 
0.0257885 0 1.6225 12.2773 -1.62653 -23.5888 
0.00707321 0 1.09829 11.9838 -1.56885 -23.2694 
0.00780683 0 0.751089 11.7192 -1.51982 -22.9793 
0.00428106 0 0.528119 11.4863 -1.48017 -22.7339 
0.00725253 0 0.386448 11.2949 -1.45083 -22.548 
0.00674897 0 0.300552 11.1508 -1.43154 -22.4334 
0.00629531 0 0.251489 11.0437 -1.42104 -22.3767 
0.00573571 0 0.226424 10.9809 -1.42064 -22.3973 
0.0032128 0 0.222653 10.9581 -1.42899 -22.4868 
0.0041235 0 0.228663 10.981 -1.44752 -22.6543 
0.00511688 0 0.258939 11.0434 -1.47616 -22.8938 
0.00298506 0 0.310145 11.1486 -1.51519 -23.206 
0.00542886 0 0.397287 11.2981 -1.56613 -23.5881 
0.00475951 0 0.541065 11.489 -1.62903 -24.0332 
0.00419355 0 0.765992 11.7211 -1.70497 -24.5342 
0.00259191 0 1.11977 11.991 -1.79084 -25.0662 
0.00610952 0 1.66559 12.2913 -1.88432 -25.6066 
0.0407975 0 2.45821 12.607 -1.97834 -26.1035 
0.158423 0 3.51876 12.9155 -2.06263 -26.5058 
0.475172 0 4.85765 13.2076 -2.12849 -26.787 
1.09431 0 6.2811 13.4505 -2.16922 -26.8978 
2.0001 0 7.6705 13.6452 -2.18377 -26.858 
3.20123 0 8.86776 13.7896 -2.1789 -26.7006 
4.44709 0 9.8059 13.8919 -2.15946 -26.4735 
5.50973 0 10.4837 13.9605 -2.1316 -26.2155 
6.28478 0 10.8649 13.9975 -2.10114 -25.9602 
6.58608 0 10.9488 14.0056 -2.06961 -25.7168 
6.54312 0 10.9787 14.0084 -2.00186 -25.5569 
6.30325 0 10.7872 13.9905 -1.9786 -25.4039 
5.60233 0 10.3793 13.9506 -1.95764 -25.2819 
4.58724 0 9.68361 13.8793 -1.9369 -25.1833 
3.35945 0 8.70698 13.7724 -1.9121 -25.0953 
2.15224 0 7.54353 13.6303 -1.88365 -25.0079 
1.19725 0 6.12399 13.4283 -1.84471 -24.866 
0.537949 0 4.74545 13.1884 -1.7972 -24.68 
0.222696 0 3.43761 12.8993 -1.73937 -24.4219 
0.0682704 0 2.38758 12.589 -1.67601 -24.1148 
0.0182257 0 1.6251 12.2778 -1.61381 -23.7857 
0.00856272 0 1.09472 11.984 -1.55597 -23.4615 
0.00451956 0 0.752581 11.7184 -1.50685 -23.1683 
0.0076447 0 0.528673 11.4873 -1.46575 -22.9094 
0.00603059 0 0.388325 11.2985 -1.43526 -22.7131 
0.00579424 0 0.300277 11.1495 -1.41352 -22.5747 
0.00679918 0 0.248802 11.0439 -1.40159 -22.5019 
0.00368168 0 0.222924 10.9806 -1.39838 -22.4973 
0.00574817 0 0.218462 10.9592 -1.40367 -22.5598 
0.00683888 0 0.227131 10.9829 -1.41848 -22.6965 
0.00509141 0 0.253971 11.0432 -1.44197 -22.8955 
0.00455402 0 0.304851 11.1501 -1.47616 -23.1698 
0.00476972 0 0.395194 11.2986 -1.52003 -23.5051 
0.00220508 0 0.535044 11.4891 -1.57542 -23.8998 
0.00232168 0 0.760179 11.7203 -1.64197 -24.341 
0.00284619 0 1.11285 11.9892 -1.71813 -24.8145 
0.00860498 0 1.65161 12.2868 -1.80128 -25.2916 
0.0464945 0 2.43586 12.601 -1.88615 -25.7362 
0.167745 0 3.50741 12.9145 -1.96361 -26.1072 
0.479176 0 4.83921 13.2047 -2.02604 -26.3573 
1.09928 0 6.263 13.4483 -2.06435 -26.4603 
2.04942 0 7.63059 13.6408 -2.08108 -26.4381 
3.20895 0 8.85488 13.7887 -2.0806 -26.3181 
4.4542 0 9.8182 13.8935 -2.06731 -26.1397 
5.54062 0 10.4862 13.9608 -2.04769 -25.9357 
6.27288 0 10.8133 13.9924 -2.02405 -25.7288 
6.56346 0 10.9784 14.0083 -2.00183 -25.5546 
6.59029 0 10.9071 14.0016 -1.95421 -25.4388 
6.33588 0 10.7904 13.99 -1.94044 -25.3476 
5.59881 0 10.3943 13.9515 -1.92722 -25.2849 
4.54692 0 9.70302 13.8816 -1.9122 -25.2416 
3.32802 0 8.72335 13.7739 -1.89495 -25.1954 
2.12747 0 7.533 13.6284 -1.87113 -25.1401 
1.18033 0 6.14902 13.4317 -1.83816 -25.0376 
0.545913 0 4.73491 13.1862 -1.79337 -24.8699 
0.209969 0 3.44705 12.9016 -1.73773 -24.6301 
0.0692875 0 2.40519 12.5934 -1.67554 -24.333 
0.017117 0 1.62807 12.2798 -1.61275 -23.9968 
0.00647386 0 1.09351 11.9829 -1.5537 -23.6607 
0.00478181 0 0.745517 11.7176 -1.50228 -23.3545 
0.0057371 0 0.525356 11.4855 -1.45989 -23.0805 
0.00416268 0 0.388115 11.2966 -1.4274 -22.8643 
0.00668812 0 0.30266 11.1496 -1.40429 -22.7046 
0.00593779 0 0.250101 11.0437 -1.389 -22.6079 
0.00446086 0 0.224346 10.9796 -1.38261 -22.5728 
0.00513143 0 0.215233 10.9591 -1.38463 -22.6089 
0.00374738 0 0.227617 10.98 -1.39596 -22.7085 
0.00587037 0 0.252436 11.0451 -1.41576 -22.8789 
0.00427065 0 0.307762 11.1488 -1.44475 -23.106 
0.00425759 0 0.392989 11.2967 -1.48328 -23.4 
0.00507745 0 0.529921 11.4876 -1.53233 -23.7455 
0.00428749 0 0.754511 11.7197 -1.59109 -24.1418 
0.00317008 0 1.10939 11.9885 -1.65938 -24.5657 
0.0108936 0 1.63976 12.284 -1.73433 -24.9962 
0.0559055 0 2.43206 12.6004 -1.81192 -25.4032 
0.179739 0 3.48911 12.9109 -1.88297 -25.7405 
0.502483 0 4.79167 13.1963 -1.94151 -25.9711 
1.12384 0 6.22472 13.4425 -1.98025 -26.0816 
2.07074 0 7.62497 13.6398 -2.0006 -26.0829 
3.26543 0 8.81578 13.7843 -2.00457 -25.9941 
4.49453 0 9.76977 13.888 -1.99743 -25.8589 
5.55433 0 10.4289 13.9553 -1.98444 -25.7062 
6.29544 0 10.8267 13.9937 -1.96948 -25.5645 
6.55028 0 10.9845 14.0088 -1.95533 -25.4486 
6.55232 0 10.9498 14.0053 -1.92676 -25.3791 
6.33789 0 10.8019 13.9914 -1.92043 -25.3375 
5.57682 0 10.4099 13.9532 -1.91388 -25.3263 
4.57299 0 9.70622 13.8817 -1.90648 -25.3295 
3.30693 0 8.75334 13.7773 -1.89604 -25.3371 
2.11236 0 7.53822 13.6287 -1.87683 -25.3115 
1.17091 0 6.15431 13.432 -1.84778 -25.2407 
0.534621 0 4.76034 13.1909 -1.80575 -25.0974 
0.202058 0 3.45817 12.9029 -1.75043 -24.8617 
0.0683655 0 2.41195 12.5947 -1.68759 -24.5634 
0.0162712 0 1.62622 12.2798 -1.62254 -24.2193 
0.00366448 0 1.09866 11.9851 -1.56249 -23.8753 
0.00351713 0 0.751656 11.7177 -1.50889 -23.5464 
0.0041677 0 0.525925 11.4839 -1.46359 -23.2482 
0.00494732 0 0.389702 11.2971 -1.42897 -23.012 
0.00470407 0 0.305068 11.1488 -1.40202 -22.8252 
0.00461755 0 0.253348 11.0433 -1.38424 -22.6982 
0.00363812 0 0.227464 10.9791 -1.37544 -22.6345 
0.00460621 0 0.213194 10.9575 -1.37389 -22.6351 
0.00575152 0 0.226927 10.981 -1.38233 -22.7066 
0.00495119 0 0.255619 11.0453 -1.3971 -22.8371 
0.00518704 0 0.304021 11.1483 -1.42202 -23.0263 
0.00489698 0 0.391407 11.2974 -1.45644 -23.2808 
0.00384312 0 0.532479 11.4898 -1.4997 -23.5912 
0.00189119 0 0.757693 11.7205 -1.5529 -23.9447 
0.00373258 0 1.10597 11.9848 -1.61404 -24.3221 
0.0096534 0 1.63708 12.282 -1.68286 -24.7201 
0.0581336 0 2.41943 12.597 -1.7546 -25.0972 
0.187493 0 3.48182 12.908 -1.82223 -25.4121 
0.522042 0 4.76683 13.1921 -1.87716 -25.6377 
1.1298 0 6.21594 13.441 -1.91832 -25.7616 
2.10508 0 7.56901 13.6323 -1.93963 -25.7771 
3.28362 0 8.77162 13.7791 -1.94846 -25.7229 
4.48627 0 9.73201 13.884 -1.94792 -25.6336 
5.60433 0 10.3877 13.9509 -1.94209 -25.5311 
6.31808 0 10.8132 13.9926 -1.93432 -25.4457 
6.58937 0 10.945 14.0046 -1.92738 -25.3786 
6.58145 0 10.9492 14.0052 -1.91859 -25.3583 
6.29693 0 10.8359 13.9942 -1.9193 -25.3742 
5.56265 0 10.4216 13.9543 -1.91901 -25.4119 
4.53031 0 9.70416 13.8813 -1.91773 -25.4569 
3.30348 0 8.75611 13.7779 -1.91174 -25.5092 
2.10081 0 7.5616 13.6321 -1.89901 -25.5245 
1.16734 0 6.202 13.439 -1.87363 -25.4818 
0.529305 0 4.76218 13.1914 -1.83227 -25.3486 
0.197464 0 3.47474 12.9065 -1.77849 -25.1247 
0.0647232 0 2.41341 12.5954 -1.71357 -24.8156 
0.0129745 0 1.63783 12.2842 -1.64676 -24.4653 
0.00527551 0 1.10343 11.9869 -1.58211 -24.0957 
0.00300943 0 0.755106 11.7188 -1.5251 -23.7434 
0.00432012 0 0.53196 11.487 -1.47703 -23.422 
0.00574597 0 0.38604 11.2954 -1.43753 -23.147 
0.00597567 0 0.302195 11.1499 -1.4078 -22.9342 
0.00447558 0 0.253628 11.0419 -1.38706 -22.7717 
0.00433341 0 0.227516 10.9795 -1.37499 -22.6801 
0.00462977 0 0.218448 10.9566 -1.37042 -22.6437 
0.00408393 0 0.228603 10.9788 -1.37455 -22.677 
0.00528629 0 0.251005 11.0419 -1.38675 -22.7721 
0.00467483 0 0.301359 11.1486 -1.40755 -22.9335 
0.0033068 0 0.391667 11.2966 -1.43807 -23.149 
0.0050925 0 0.530389 11.4888 -1.47729 -23.4251 
0.00446372 0 0.756922 11.7188 -1.52523 -23.7423 
0.00223755 0 1.1006 11.9835 -1.58218 -24.0931 
0.0145213 0 1.63445 12.2826 -1.64603 -24.4624 
0.0658906 0 2.41972 12.5972 -1.71354 -24.8208 
0.205904 0 3.47025 12.9065 -1.77826 -25.1271 
0.539541 0 4.76249 13.1908 -1.83304 -25.3483 
1.15617 0 6.1742 13.4349 -1.87312 -25.4804 
2.08822 0 7.58927 13.6353 -1.89945 -25.5293 
3.29164 0 8.7885 13.7816 -1.9127 -25.5104 
4.4842 0 9.75268 13.8867 -1.91792 -25.4665 
5.62898 0 10.3961 13.9516 -1.91907 -25.4066 
6.29423 0 10.8081 13.9917 -1.91811 -25.369 
6.5782 0 10.9188 14.0025 -1.91736 -25.3547 
