22.3524 0 0 151.958 8.15683 -135.388 
21.6048 0 0 152.085 8.05472 -135.466 
19.4759 0 0 152.51 7.69177 -135.699 
16.2474 0 0 153.203 7.10085 -136.086 
12.28 0 0 154.198 6.12775 -136.598 
8.17922 0 0 155.523 4.81582 -137.211 
4.63355 0 0 157.077 3.10008 -137.769 
2.12096 0 0 158.728 1.20057 -138.108 
0.815441 0 0 160.104 -0.632725 -137.924 
0.292694 0 0 160.956 -1.93433 -137.143 
0.146687 0 0 161.18 -2.61149 -135.875 
0.105079 0 0 161.04 -2.82824 -134.466 
0.0924162 0 0 160.745 -2.81641 -133.166 
0.0994874 0 0 160.417 -2.72721 -132.053 
0.113667 0 0 160.112 -2.62404 -131.142 
0.121112 0 0 159.857 -2.5353 -130.443 
0.131089 0 0 159.709 -2.47071 -129.973 
0.138337 0 0 159.605 -2.43143 -129.687 
0.138379 0 0 159.577 -2.41885 -129.599 
0.140881 0 0 159.605 -2.43085 -129.683 
0.131252 0 0 159.722 -2.47091 -129.98 
0.12304 0 0 159.87 -2.53538 -130.449 
0.11202 0 0 160.101 -2.62295 -131.133 
0.103711 0 0 160.406 -2.72691 -132.052 
0.103321 0 0 160.717 -2.81587 -133.157 
0.10783 0 0 161.02 -2.82663 -134.463 
0.146143 0 0 161.193 -2.61503 -135.873 
0.290737 0 0 160.976 -1.94177 -137.143 
0.793836 0 0 160.124 -0.630887 -137.928 
2.14493 0 0 158.71 1.17235 -138.087 
4.63111 0 0 157.086 3.10848 -137.777 
8.17479 0 0 155.517 4.79475 -137.204 
12.3077 0 0 154.196 6.15456 -136.601 
16.223 0 0 153.203 7.07753 -136.081 
19.5674 0 0 152.494 7.66152 -135.686 
21.6 0 0 152.088 8.06889 -135.473 
22.3457 0 0 151.943 8.16755 -135.385 
21.6615 0 0 152.019 8.08393 -135.405 
20.3172 0 0 152.313 7.82009 -135.552 
17.5587 0 0 152.899 7.36399 -135.87 
13.9603 0 0 153.792 6.58379 -136.327 
9.85561 0 0 154.987 5.43834 -136.893 
6.03803 0 0 156.469 3.90871 -137.505 
3.05508 0 0 158.101 2.0247 -137.944 
1.23436 0 0 159.637 0.0753376 -137.991 
0.442624 0 0 160.716 -1.51171 -137.418 
0.185398 0 0 161.142 -2.44477 -136.288 
0.120807 0 0 161.084 -2.81242 -134.892 
0.104557 0 0 160.772 -2.86425 -133.51 
0.103254 0 0 160.442 -2.78753 -132.317 
0.116993 0 0 160.068 -2.67839 -131.311 
0.123403 0 0 159.806 -2.57741 -130.538 
0.125349 0 0 159.599 -2.49709 -129.988 
0.129039 0 0 159.45 -2.44141 -129.615 
0.132928 0 0 159.362 -2.41269 -129.44 
0.129902 0 0 159.36 -2.41037 -129.459 
0.131989 0 0 159.398 -2.43344 -129.652 
0.120956 0 0 159.532 -2.48315 -130.057 
0.114712 0 0 159.688 -2.55627 -130.635 
0.0978646 0 0 159.962 -2.65104 -131.452 
0.0866315 0 0 160.258 -2.74872 -132.467 
0.0904288 0 0 160.589 -2.80939 -133.709 
0.100039 0 0 160.84 -2.72934 -135.099 
0.180578 0 0 160.777 -2.32647 -136.424 
0.441135 0 0 160.252 -1.3598 -137.477 
1.25004 0 0 159.132 0.183682 -137.951 
3.07402 0 0 157.621 2.0599 -137.86 
6.03546 0 0 156.052 3.87866 -137.409 
9.89636 0 0 154.657 5.38189 -136.822 
13.8235 0 0 153.539 6.55285 -136.274 
17.4868 0 0 152.733 7.30762 -135.827 
20.1339 0 0 152.202 7.84306 -135.537 
21.6226 0 0 151.973 8.08752 -135.394 
21.6861 0 0 152.013 8.07289 -135.4 
19.7241 0 0 152.172 7.72374 -135.396 
17.7297 0 0 152.645 7.36494 -135.631 
14.6542 0 0 153.434 6.78776 -136.039 
10.8823 0 0 154.502 5.83751 -136.56 
7.08308 0 0 155.847 4.41431 -137.105 
3.82934 0 0 157.394 2.63919 -137.583 
1.61338 0 0 158.962 0.684458 -137.759 
0.595602 0 0 160.156 -1.08394 -137.372 
0.230608 0 0 160.722 -2.26013 -136.338 
0.13859 0 0 160.724 -2.77914 -134.965 
0.10738 0 0 160.443 -2.89601 -133.555 
0.0984253 0 0 160.078 -2.83738 -132.283 
0.109496 0 0 159.692 -2.72515 -131.216 
0.108413 0 0 159.38 -2.61072 -130.367 
0.117114 0 0 159.107 -2.51431 -129.709 
0.12926 0 0 158.908 -2.44417 -129.271 
0.124768 0 0 158.789 -2.39896 -129.021 
0.122738 0 0 158.723 -2.381 -128.951 
0.124454 0 0 158.705 -2.3879 -129.062 
0.11232 0 0 158.791 -2.42126 -129.37 
0.10759 0 0 158.899 -2.47832 -129.848 
0.0914005 0 0 159.118 -2.56072 -130.542 
0.0834537 0 0 159.379 -2.6593 -131.46 
0.0763036 0 0 159.7 -2.75101 -132.581 
0.0799995 0 0 159.991 -2.77514 -133.881 
0.104824 0 0 160.15 -2.6012 -135.29 
0.214333 0 0 159.947 -2.01788 -136.542 
0.615836 0 0 159.208 -0.847099 -137.383 
1.69967 0 0 157.986 0.802341 -137.629 
3.80113 0 0 156.503 2.63076 -137.4 
7.00081 0 0 155.086 4.28018 -136.913 
10.6836 0 0 153.907 5.65801 -136.4 
14.3829 0 0 152.988 6.61741 -135.915 
17.5152 0 0 152.372 7.31996 -135.573 
19.5437 0 0 152.041 7.71439 -135.379 
20.2888 0 0 151.969 7.87238 -135.32 
19.7253 0 0 152.179 7.74235 -135.407 
16.6343 0 0 152.448 7.18213 -135.398 
14.3047 0 0 153.102 6.69095 -135.707 
11.0455 0 0 154.019 5.89213 -136.136 
7.55341 0 0 155.232 4.65578 -136.632 
4.33016 0 0 156.649 3.04746 -137.094 
1.94699 0 0 158.144 1.12645 -137.308 
0.708509 0 0 159.348 -0.72951 -137.012 
0.265869 0 0 160.005 -2.07296 -136.097 
0.134901 0 0 160.061 -2.73323 -134.746 
0.096049 0 0 159.78 -2.91819 -133.3 
0.0929811 0 0 159.367 -2.87846 -131.976 
0.0986635 0 0 158.965 -2.76185 -130.844 
0.105007 0 0 158.586 -2.63565 -129.913 
0.111476 0 0 158.274 -2.52513 -129.2 
0.109837 0 0 158.047 -2.43903 -128.687 
0.115699 0 0 157.863 -2.37835 -128.354 
0.110492 0 0 157.756 -2.34443 -128.209 
0.10785 0 0 157.694 -2.33444 -128.223 
0.102373 0 0 157.711 -2.35081 -128.433 
0.093173 0 0 157.79 -2.39189 -128.81 
0.0866495 0 0 157.923 -2.45805 -129.379 
0.0760626 0 0 158.134 -2.5469 -130.145 
0.0635906 0 0 158.412 -2.64899 -131.139 
0.0667492 0 0 158.708 -2.73381 -132.315 
0.0724431 0 0 159.013 -2.727 -133.687 
0.101049 0 0 159.117 -2.47639 -135.083 
0.221723 0 0 158.805 -1.76634 -136.253 
0.683558 0 0 158.016 -0.493739 -136.955 
1.91228 0 0 156.815 1.16992 -137.098 
4.09693 0 0 155.493 2.90988 -136.847 
7.17472 0 0 154.279 4.42621 -136.406 
10.539 0 0 153.295 5.66802 -135.967 
13.8156 0 0 152.55 6.46331 -135.557 
16.3427 0 0 152.144 7.03381 -135.319 
17.7356 0 0 151.978 7.35717 -135.209 
17.7996 0 0 152.079 7.41109 -135.237 
16.6008 0 0 152.464 7.19476 -135.41 
12.8031 0 0 152.806 6.34729 -135.351 
10.3727 0 0 153.583 5.65575 -135.67 
7.34352 0 0 154.632 4.61021 -136.086 
4.37953 0 0 155.908 3.1827 -136.488 
2.12609 0 0 157.229 1.38451 -136.671 
0.784133 0 0 158.402 -0.465345 -136.439 
0.278339 0 0 159.054 -1.89733 -135.605 
0.134241 0 0 159.144 -2.67575 -134.3 
0.0960827 0 0 158.859 -2.92605 -132.845 
0.0852981 0 0 158.433 -2.90922 -131.476 
0.087778 0 0 157.968 -2.79208 -130.27 
0.0901359 0 0 157.553 -2.65559 -129.277 
0.0948997 0 0 157.229 -2.53218 -128.518 
0.100494 0 0 156.932 -2.42993 -127.92 
0.100529 0 0 156.7 -2.35373 -127.505 
0.0987268 0 0 156.518 -2.30347 -127.269 
0.0970927 0 0 156.412 -2.27841 -127.205 
0.0936595 0 0 156.367 -2.27641 -127.296 
0.082889 0 0 156.387 -2.29956 -127.569 
0.0789084 0 0 156.464 -2.34774 -128.011 
0.0749508 0 0 156.611 -2.42083 -128.638 
0.0637843 0 0 156.837 -2.51588 -129.468 
0.0599453 0 0 157.094 -2.62091 -130.48 
0.0612806 0 0 157.403 -2.70511 -131.71 
0.0705995 0 0 157.663 -2.68592 -133.073 
0.0979401 0 0 157.777 -2.40201 -134.479 
0.210953 0 0 157.502 -1.64965 -135.615 
0.664824 0 0 156.742 -0.376627 -136.255 
1.83862 0 0 155.69 1.23836 -136.394 
3.86848 0 0 154.552 2.87444 -136.196 
6.5982 0 0 153.576 4.25242 -135.848 
9.54513 0 0 152.778 5.35298 -135.498 
12.1879 0 0 152.278 6.12871 -135.23 
14.0362 0 0 152.009 6.57254 -135.058 
14.7902 0 0 152.027 6.78109 -135.039 
14.3786 0 0 152.261 6.65662 -135.106 
12.8204 0 0 152.777 6.31098 -135.321 
8.86554 0 0 153.149 5.1319 -135.142 
6.5872 0 0 154.044 4.25927 -135.453 
4.10899 0 0 155.132 3.02574 -135.763 
2.07453 0 0 156.301 1.4106 -135.901 
0.814915 0 0 157.349 -0.306536 -135.686 
0.278621 0 0 157.948 -1.76525 -134.892 
0.130027 0 0 158.069 -2.61257 -133.66 
0.0917436 0 0 157.759 -2.9208 -132.204 
0.0813395 0 0 157.312 -2.93 -130.809 
0.0819822 0 0 156.836 -2.81667 -129.573 
0.0793429 0 0 156.359 -2.672 -128.52 
0.0856522 0 0 155.96 -2.53548 -127.678 
0.0866944 0 0 155.629 -2.42034 -127.021 
0.0852746 0 0 155.343 -2.3299 -126.54 
0.0877313 0 0 155.134 -2.26431 -126.222 
0.0885862 0 0 154.966 -2.22287 -126.056 
0.0840396 0 0 154.87 -2.20446 -126.054 
0.0759481 0 0 154.831 -2.21032 -126.222 
0.0714143 0 0 154.852 -2.239 -126.54 
0.06657 0 0 154.927 -2.29142 -127.02 
0.0626351 0 0 155.07 -2.36835 -127.677 
0.0562228 0 0 155.286 -2.46779 -128.519 
0.0550609 0 0 155.563 -2.5778 -129.548 
0.0607759 0 0 155.843 -2.66774 -130.764 
0.0742503 0 0 156.116 -2.66001 -132.128 
0.0896577 0 0 156.252 -2.4022 -133.501 
0.161979 0 0 156.074 -1.692 -134.657 
0.535915 0 0 155.5 -0.490698 -135.355 
1.48039 0 0 154.656 1.01504 -135.577 
3.23948 0 0 153.743 2.49906 -135.461 
5.54484 0 0 152.947 3.79555 -135.228 
7.8184 0 0 152.372 4.79111 -134.999 
9.84459 0 0 152.026 5.4386 -134.808 
11.1001 0 0 151.938 5.79223 -134.728 
11.306 0 0 152.09 5.86178 -134.755 
10.5163 0 0 152.5 5.70207 -134.912 
8.85409 0 0 153.146 5.1305 -135.143 
5.26256 0 0 153.426 3.6141 -134.721 
3.46901 0 0 154.336 2.57632 -134.92 
1.8425 0 0 155.324 1.2136 -134.989 
0.766518 0 0 156.223 -0.30552 -134.76 
0.271269 0 0 156.767 -1.67591 -134.03 
0.125428 0 0 156.829 -2.54697 -132.835 
0.0936512 0 0 156.553 -2.90108 -131.447 
0.0843941 0 0 156.084 -2.93847 -130.043 
0.0748844 0 0 155.596 -2.83507 -128.802 
0.0742351 0 0 155.101 -2.68751 -127.709 
0.0765058 0 0 154.651 -2.54204 -126.803 
0.0747796 0 0 154.278 -2.4148 -126.086 
0.0796203 0 0 153.94 -2.31116 -125.529 
0.0845599 0 0 153.659 -2.23143 -125.126 
0.0815243 0 0 153.434 -2.17407 -124.869 
0.0739237 0 0 153.294 -2.14042 -124.778 
0.0689715 0 0 153.19 -2.12797 -124.827 
0.0708233 0 0 153.151 -2.13771 -125.024 
0.0631898 0 0 153.149 -2.1679 -125.348 
0.0579738 0 0 153.228 -2.2233 -125.852 
0.058927 0 0 153.376 -2.30206 -126.516 
0.0600068 0 0 153.565 -2.40338 -127.348 
0.0657329 0 0 153.803 -2.51835 -128.348 
0.0677537 0 0 154.131 -2.62013 -129.544 
0.0843511 0 0 154.417 -2.64353 -130.865 
0.0911725 0 0 154.616 -2.45361 -132.225 
0.120603 0 0 154.595 -1.87279 -133.419 
0.331122 0 0 154.247 -0.822121 -134.234 
1.01648 0 0 153.62 0.507779 -134.57 
2.25479 0 0 153.002 1.88782 -134.649 
3.99903 0 0 152.422 3.01876 -134.522 
5.68523 0 0 152.035 3.93442 -134.407 
7.07444 0 0 151.86 4.47849 -134.317 
7.81111 0 0 151.918 4.76135 -134.318 
7.68082 0 0 152.21 4.71236 -134.394 
6.82426 0 0 152.716 4.3367 -134.532 
5.29761 0 0 153.438 3.61624 -134.733 
2.56677 0 0 153.529 1.89619 -133.974 
1.46838 0 0 154.319 0.782709 -133.945 
0.664285 0 0 155.059 -0.475375 -133.686 
0.253205 0 0 155.5 -1.66551 -132.996 
0.118495 0 0 155.597 -2.48374 -131.931 
0.0877781 0 0 155.327 -2.86204 -130.614 
0.0814364 0 0 154.9 -2.93213 -129.279 
0.0736521 0 0 154.368 -2.84507 -128.001 
0.0672706 0 0 153.835 -2.70162 -126.878 
0.0665778 0 0 153.366 -2.552 -125.941 
0.0738237 0 0 152.912 -2.41527 -125.15 
0.0739468 0 0 152.524 -2.2993 -124.513 
0.0689171 0 0 152.202 -2.20689 -124.044 
0.0722721 0 0 151.923 -2.13634 -123.709 
0.0757522 0 0 151.714 -2.08749 -123.519 
0.0714112 0 0 151.564 -2.05886 -123.467 
0.0681803 0 0 151.461 -2.05008 -123.54 
0.0602255 0 0 151.416 -2.06191 -123.752 
0.0621917 0 0 151.439 -2.09587 -124.119 
0.0620756 0 0 151.487 -2.15 -124.605 
0.0574427 0 0 151.619 -2.22744 -125.236 
0.0626497 0 0 151.802 -2.32828 -126.036 
0.0723754 0 0 152.044 -2.44512 -126.99 
0.0792821 0 0 152.333 -2.5597 -128.11 
0.0936071 0 0 152.653 -2.62128 -129.366 
0.104161 0 0 152.928 -2.52651 -130.694 
0.107823 0 0 153.032 -2.12824 -131.9 
0.186154 0 0 152.948 -1.32476 -132.835 
0.525834 0 0 152.649 -0.209165 -133.398 
1.27854 0 0 152.261 0.984481 -133.642 
2.3853 0 0 151.916 2.01206 -133.691 
3.55899 0 0 151.717 2.76687 -133.676 
4.34649 0 0 151.681 3.24684 -133.672 
4.72989 0 0 151.854 3.37971 -133.693 
4.4391 0 0 152.247 3.22501 -133.784 
3.70402 0 0 152.814 2.72498 -133.892 
2.60008 0 0 153.542 1.8953 -133.978 
1.01373 0 0 153.303 0.173011 -132.783 
0.514578 0 0 153.885 -0.789644 -132.498 
0.203256 0 0 154.27 -1.72978 -131.885 
0.113665 0 0 154.335 -2.4394 -130.922 
0.0811336 0 0 154.119 -2.81157 -129.726 
0.0833775 0 0 153.691 -2.9081 -128.452 
0.084158 0 0 153.176 -2.84517 -127.217 
0.071896 0 0 152.633 -2.71427 -126.092 
0.0742739 0 0 152.111 -2.56568 -125.11 
0.0676254 0 0 151.642 -2.42466 -124.289 
0.0701689 0 0 151.214 -2.30047 -123.597 
0.0656121 0 0 150.833 -2.19564 -123.045 
0.0726317 0 0 150.513 -2.11277 -122.636 
0.06486 0 0 150.252 -2.05044 -122.359 
0.0633587 0 0 150.031 -2.00662 -122.199 
0.0633532 0 0 149.883 -1.98227 -122.179 
0.0626007 0 0 149.775 -1.97604 -122.271 
0.0598534 0 0 149.719 -1.98899 -122.49 
0.0640024 0 0 149.717 -2.0208 -122.833 
0.0559197 0 0 149.781 -2.07333 -123.302 
0.0664406 0 0 149.882 -2.14765 -123.902 
0.0649526 0 0 150.059 -2.2451 -124.648 
0.0792172 0 0 150.301 -2.36153 -125.548 
0.0908351 0 0 150.588 -2.48369 -126.577 
0.101918 0 0 150.892 -2.57899 -127.719 
0.108821 0 0 151.202 -2.58125 -128.94 
0.0993759 0 0 151.488 -2.37662 -130.169 
0.105776 0 0 151.603 -1.85655 -131.19 
0.228731 0 0 151.578 -1.04509 -131.931 
0.574798 0 0 151.439 -0.111452 -132.356 
1.15027 0 0 151.319 0.753126 -132.584 
1.74355 0 0 151.3 1.41351 -132.705 
2.18841 0 0 151.437 1.77743 -132.784 
2.32373 0 0 151.682 1.7833 -132.804 
2.11882 0 0 152.137 1.55717 -132.882 
1.61741 0 0 152.691 0.997418 -132.888 
1.00933 0 0 153.307 0.172075 -132.784 
0.312697 0 0 152.693 -1.21538 -131.178 
0.160198 0 0 153.012 -1.88778 -130.643 
0.100429 0 0 153.089 -2.43133 -129.829 
0.0895287 0 0 152.926 -2.75982 -128.789 
0.0807725 0 0 152.557 -2.86916 -127.633 
0.0804285 0 0 152.085 -2.83342 -126.474 
0.0761204 0 0 151.547 -2.72207 -125.383 
0.0710717 0 0 151.006 -2.58196 -124.381 
0.0674862 0 0 150.511 -2.44172 -123.524 
0.0715064 0 0 150.02 -2.31178 -122.775 
0.0632041 0 0 149.609 -2.1998 -122.169 
0.071109 0 0 149.221 -2.10527 -121.68 
0.0661788 0 0 148.895 -2.03055 -121.321 
0.0696757 0 0 148.622 -1.97276 -121.073 
0.0612065 0 0 148.425 -1.93454 -120.949 
0.066274 0 0 148.25 -1.91127 -120.928 
0.0641227 0 0 148.154 -1.90626 -121.034 
0.0654239 0 0 148.101 -1.91881 -121.258 
0.0637923 0 0 148.087 -1.94841 -121.572 
0.0699238 0 0 148.133 -1.99797 -122.012 
0.0696766 0 0 148.245 -2.06845 -122.573 
0.0738393 0 0 148.408 -2.15986 -123.254 
0.0900848 0 0 148.631 -2.27109 -124.067 
0.0925999 0 0 148.91 -2.39477 -124.985 
0.1029 0 0 149.221 -2.51202 -126.019 
0.118103 0 0 149.58 -2.58323 -127.147 
0.123502 0 0 149.911 -2.53602 -128.281 
0.107287 0 0 150.215 -2.28511 -129.35 
0.108977 0 0 150.397 -1.80358 -130.188 
0.188979 0 0 150.557 -1.14883 -130.839 
0.396132 0 0 150.638 -0.517607 -131.211 
0.637096 0 0 150.764 -0.0280327 -131.427 
0.862228 0 0 151.004 0.222871 -131.558 
0.906072 0 0 151.347 0.203172 -131.615 
0.778379 0 0 151.786 -0.0630641 -131.609 
0.569094 0 0 152.254 -0.569448 -131.476 
0.3215 0 0 152.7 -1.21238 -131.185 
0.119946 0 0 151.778 -2.10042 -129.32 
0.0933828 0 0 151.88 -2.47055 -128.656 
0.0815378 0 0 151.771 -2.71603 -127.796 
0.0864074 0 0 151.503 -2.82024 -126.813 
0.0884926 0 0 151.086 -2.80846 -125.772 
0.0794726 0 0 150.577 -2.72121 -124.73 
0.0796097 0 0 150.055 -2.59873 -123.765 
0.0737781 0 0 149.521 -2.46448 -122.876 
0.0743803 0 0 149.008 -2.3352 -122.105 
0.0664035 0 0 148.527 -2.21699 -121.429 
0.0680793 0 0 148.108 -2.11479 -120.885 
0.063675 0 0 147.74 -2.02874 -120.446 
0.0698687 0 0 147.415 -1.96031 -120.128 
0.0651054 0 0 147.139 -1.90693 -119.898 
0.0666568 0 0 146.933 -1.87028 -119.792 
0.0663704 0 0 146.775 -1.84959 -119.788 
0.0660987 0 0 146.671 -1.84462 -119.891 
0.0720855 0 0 146.592 -1.85491 -120.077 
0.0708456 0 0 146.591 -1.88186 -120.377 
0.0683096 0 0 146.646 -1.92715 -120.784 
0.0737485 0 0 146.727 -1.9909 -121.284 
0.0760468 0 0 146.884 -2.07452 -121.892 
0.0913322 0 0 147.092 -2.17857 -122.616 
0.0924253 0 0 147.36 -2.29905 -123.436 
0.102748 0 0 147.677 -2.4252 -124.352 
0.117383 0 0 148.035 -2.53483 -125.342 
0.130567 0 0 148.415 -2.589 -126.369 
0.123428 0 0 148.817 -2.53315 -127.385 
0.102946 0 0 149.174 -2.32815 -128.279 
0.0931819 0 0 149.481 -1.98884 -128.991 
0.113987 0 0 149.789 -1.59856 -129.523 
0.174305 0 0 150.051 -1.2815 -129.838 
0.238521 0 0 150.394 -1.11457 -130.027 
0.255898 0 0 150.761 -1.1386 -130.079 
0.234181 0 0 151.123 -1.35669 -129.973 
0.174725 0 0 151.52 -1.69432 -129.769 
0.125274 0 0 151.773 -2.10591 -129.311 
0.0874717 0 0 150.695 -2.53979 -127.413 
0.0841908 0 0 150.68 -2.69284 -126.76 
0.0811419 0 0 150.519 -2.77156 -125.978 
0.087842 0 0 150.159 -2.77101 -125.064 
0.0854405 0 0 149.722 -2.71012 -124.142 
0.0790273 0 0 149.244 -2.60989 -123.243 
0.0826542 0 0 148.707 -2.4904 -122.373 
0.0736485 0 0 148.175 -2.36693 -121.577 
0.070196 0 0 147.677 -2.24849 -120.878 
0.0690363 0 0 147.208 -2.14124 -120.276 
0.0736257 0 0 146.781 -2.04694 -119.774 
0.0664644 0 0 146.417 -1.96725 -119.374 
0.0674352 0 0 146.08 -1.90193 -119.068 
0.0703972 0 0 145.825 -1.85275 -118.877 
0.0683778 0 0 145.608 -1.81744 -118.766 
0.0661012 0 0 145.443 -1.79617 -118.751 
0.070276 0 0 145.333 -1.79067 -118.841 
0.0702779 0 0 145.272 -1.79854 -119.013 
0.0767826 0 0 145.248 -1.82213 -119.279 
0.07731 0 0 145.29 -1.8625 -119.636 
0.0794748 0 0 145.377 -1.91902 -120.082 
0.0864578 0 0 145.537 -1.99638 -120.639 
0.0847647 0 0 145.736 -2.08976 -121.257 
0.0892565 0 0 145.984 -2.20077 -121.967 
0.111763 0 0 146.285 -2.32508 -122.772 
0.11865 0 0 146.64 -2.44935 -123.63 
0.128196 0 0 147.032 -2.55346 -124.528 
0.126254 0 0 147.471 -2.60813 -125.434 
0.120891 0 0 147.925 -2.58502 -126.291 
0.10359 0 0 148.35 -2.47273 -127.019 
0.091107 0 0 148.752 -2.30522 -127.59 
0.0840178 0 0 149.166 -2.13886 -128.001 
0.0897656 0 0 149.556 -2.04843 -128.225 
0.0986911 0 0 149.929 -2.05413 -128.283 
0.0930475 0 0 150.281 -2.16818 -128.174 
0.0938326 0 0 150.55 -2.34825 -127.894 
0.088935 0 0 150.688 -2.54143 -127.42 
0.0910838 0 0 149.621 -2.68863 -125.678 
0.0883131 0 0 149.567 -2.72948 -125.102 
0.0959564 0 0 149.341 -2.72999 -124.393 
0.0844197 0 0 148.992 -2.68778 -123.607 
0.0862446 0 0 148.561 -2.61207 -122.798 
0.0762294 0 0 148.064 -2.51338 -121.985 
0.0835803 0 0 147.545 -2.40344 -121.222 
0.0775595 0 0 147.018 -2.29042 -120.501 
0.0725153 0 0 146.52 -2.18171 -119.858 
0.0673142 0 0 146.059 -2.08214 -119.303 
0.0713405 0 0 145.624 -1.9939 -118.831 
0.0713118 0 0 145.259 -1.91887 -118.463 
0.0696755 0 0 144.919 -1.85677 -118.168 
0.0704799 0 0 144.652 -1.8083 -117.973 
0.0685448 0 0 144.428 -1.77346 -117.862 
0.0725092 0 0 144.266 -1.75227 -117.846 
0.0739203 0 0 144.144 -1.74463 -117.907 
0.0765592 0 0 144.096 -1.75072 -118.065 
0.0819015 0 0 144.078 -1.77107 -118.302 
0.0850746 0 0 144.101 -1.80479 -118.603 
0.0784371 0 0 144.186 -1.85477 -118.985 
0.0838123 0 0 144.339 -1.92196 -119.461 
0.0912519 0 0 144.529 -2.00645 -120.013 
0.102736 0 0 144.767 -2.10763 -120.635 
0.0998594 0 0 145.079 -2.22279 -121.321 
0.111893 0 0 145.436 -2.34722 -122.072 
0.114961 0 0 145.833 -2.46798 -122.846 
0.130523 0 0 146.256 -2.57013 -123.633 
0.128878 0 0 146.741 -2.63554 -124.403 
0.117723 0 0 147.234 -2.65052 -125.095 
0.104039 0 0 147.723 -2.61887 -125.68 
0.0918969 0 0 148.185 -2.56622 -126.105 
0.0800977 0 0 148.605 -2.52781 -126.358 
0.0813928 0 0 149.004 -2.52377 -126.455 
0.0788031 0 0 149.334 -2.55987 -126.376 
0.0839922 0 0 149.54 -2.62249 -126.115 
0.0904895 0 0 149.629 -2.68879 -125.681 
0.0878212 0 0 148.658 -2.69522 -124.187 
0.0907187 0 0 148.575 -2.68681 -123.697 
0.0849959 0 0 148.364 -2.65801 -123.107 
0.08552 0 0 148.001 -2.60449 -122.42 
0.0856838 0 0 147.58 -2.52981 -121.719 
0.0870284 0 0 147.077 -2.43809 -120.986 
0.0747407 0 0 146.545 -2.33703 -120.274 
0.0758842 0 0 146.036 -2.23487 -119.636 
0.0751793 0 0 145.538 -2.13396 -119.042 
0.0748568 0 0 145.056 -2.03961 -118.508 
0.0744189 0 0 144.65 -1.95657 -118.082 
0.0732105 0 0 144.27 -1.8838 -117.72 
0.0774139 0 0 143.942 -1.82357 -117.441 
0.0741619 0 0 143.661 -1.77514 -117.235 
0.0763009 0 0 143.448 -1.74042 -117.122 
0.0806601 0 0 143.272 -1.71756 -117.084 
0.0781453 0 0 143.162 -1.70813 -117.133 
0.0758937 0 0 143.099 -1.71059 -117.24 
0.07821 0 0 143.084 -1.72662 -117.439 
0.0790329 0 0 143.119 -1.75608 -117.703 
0.0866914 0 0 143.194 -1.7995 -118.038 
0.0915767 0 0 143.323 -1.85808 -118.44 
0.0966109 0 0 143.509 -1.9322 -118.912 
0.0958585 0 0 143.744 -2.022 -119.439 
0.101055 0 0 144.055 -2.1268 -120.044 
0.10739 0 0 144.397 -2.2421 -120.685 
0.111029 0 0 144.793 -2.3625 -121.351 
0.127299 0 0 145.23 -2.47905 -122.044 
0.118465 0 0 145.713 -2.57771 -122.717 
0.118436 0 0 146.236 -2.64935 -123.365 
0.111536 0 0 146.749 -2.68723 -123.921 
0.105281 0 0 147.231 -2.69572 -124.342 
0.0978693 0 0 147.688 -2.68945 -124.632 
0.089602 0 0 148.097 -2.6818 -124.774 
0.0871148 0 0 148.4 -2.68454 -124.728 
0.094651 0 0 148.584 -2.6915 -124.535 
0.0827555 0 0 148.668 -2.69566 -124.189 
0.0938603 0 0 147.86 -2.65067 -122.987 
0.0875797 0 0 147.757 -2.62389 -122.573 
0.0927269 0 0 147.529 -2.58763 -122.071 
0.0874571 0 0 147.187 -2.53416 -121.487 
0.0929093 0 0 146.75 -2.46702 -120.864 
0.0851112 0 0 146.264 -2.38491 -120.217 
0.0795685 0 0 145.747 -2.29373 -119.584 
0.0824577 0 0 145.225 -2.19798 -118.972 
0.0776934 0 0 144.72 -2.10298 -118.413 
0.0768438 0 0 144.273 -2.01428 -117.941 
0.0810664 0 0 143.841 -1.93218 -117.505 
0.0756621 0 0 143.461 -1.86071 -117.146 
0.0772367 0 0 143.137 -1.80111 -116.876 
0.0777954 0 0 142.874 -1.75356 -116.682 
0.0754204 0 0 142.637 -1.7168 -116.535 
0.0769692 0 0 142.468 -1.69247 -116.48 
0.0829199 0 0 142.345 -1.68028 -116.493 
0.0876089 0 0 142.277 -1.67988 -116.582 
0.0874479 0 0 142.258 -1.69095 -116.725 
0.0854914 0 0 142.292 -1.71513 -116.941 
0.0895871 0 0 142.373 -1.75235 -117.223 
0.0898715 0 0 142.51 -1.80332 -117.565 
0.092087 0 0 142.689 -1.86836 -117.966 
0.093561 0 0 142.924 -1.94725 -118.421 
0.0965467 0 0 143.212 -2.0399 -118.929 
0.0961776 0 0 143.551 -2.14475 -119.482 
0.108509 0 0 143.927 -2.25732 -120.063 
0.111515 0 0 144.377 -2.37197 -120.677 
0.115309 0 0 144.868 -2.47956 -121.291 
0.116785 0 0 145.374 -2.57033 -121.87 
0.108364 0 0 145.906 -2.6373 -122.398 
0.105375 0 0 146.413 -2.67538 -122.83 
0.0977439 0 0 146.885 -2.68957 -123.139 
0.0943151 0 0 147.285 -2.68923 -123.331 
0.0917807 0 0 147.611 -2.68004 -123.368 
0.0827521 0 0 147.801 -2.66588 -123.242 
0.0936085 0 0 147.849 -2.64981 -122.977 
0.0910162 0 0 147.21 -2.59171 -122.04 
0.0870415 0 0 147.129 -2.56622 -121.736 
0.0891145 0 0 146.9 -2.53211 -121.323 
0.0957029 0 0 146.569 -2.48657 -120.833 
0.0888886 0 0 146.142 -2.42722 -120.282 
0.0835405 0 0 145.649 -2.35418 -119.691 
0.0808216 0 0 145.137 -2.27036 -119.107 
0.0849584 0 0 144.593 -2.17996 -118.526 
0.0828096 0 0 144.094 -2.08911 -118 
0.0797419 0 0 143.645 -2.00284 -117.541 
0.081538 0 0 143.204 -1.92156 -117.112 
0.0812396 0 0 142.829 -1.85091 -116.766 
0.0769757 0 0 142.513 -1.79038 -116.487 
0.0778263 0 0 142.233 -1.74035 -116.264 
0.0823487 0 0 142.018 -1.70245 -116.122 
0.0810007 0 0 141.837 -1.67581 -116.032 
0.0891442 0 0 141.712 -1.66039 -116.016 
0.0843846 0 0 141.652 -1.65672 -116.066 
0.0857242 0 0 141.633 -1.66401 -116.169 
0.0916143 0 0 141.658 -1.68364 -116.342 
0.0933629 0 0 141.745 -1.71462 -116.571 
0.0872847 0 0 141.867 -1.75758 -116.841 
0.0917477 0 0 142.053 -1.81485 -117.19 
0.0939808 0 0 142.273 -1.88395 -117.572 
0.094009 0 0 142.555 -1.96603 -118.011 
0.1015 0 0 142.904 -2.06117 -118.505 
0.0985604 0 0 143.293 -2.16345 -119.02 
0.105294 0 0 143.729 -2.27106 -119.563 
0.10424 0 0 144.208 -2.3765 -120.114 
0.107169 0 0 144.711 -2.47131 -120.652 
0.109192 0 0 145.237 -2.54818 -121.157 
0.105142 0 0 145.764 -2.60149 -121.604 
0.100701 0 0 146.217 -2.62793 -121.922 
0.0918579 0 0 146.642 -2.63552 -122.161 
0.0929072 0 0 146.962 -2.62777 -122.257 
0.0898546 0 0 147.157 -2.613 -122.222 
0.0932156 0 0 147.204 -2.59225 -122.041 
0.0914989 0 0 146.761 -2.5431 -121.383 
0.0993414 0 0 146.677 -2.52474 -121.169 
0.0943282 0 0 146.445 -2.49664 -120.823 
0.0929283 0 0 146.121 -2.46045 -120.414 
0.0894845 0 0 145.692 -2.40941 -119.921 
0.0888227 0 0 145.203 -2.34441 -119.393 
0.0858422 0 0 144.702 -2.26811 -118.86 
0.0861928 0 0 144.167 -2.18198 -118.318 
0.08238 0 0 143.673 -2.09379 -117.812 
0.0816133 0 0 143.184 -2.00592 -117.327 
0.0821583 0 0 142.779 -1.92571 -116.931 
0.0829112 0 0 142.389 -1.85246 -116.569 
0.0853834 0 0 142.07 -1.79056 -116.283 
0.0803018 0 0 141.792 -1.73812 -116.038 
0.0797329 0 0 141.578 -1.69727 -115.866 
0.0879027 0 0 141.389 -1.66805 -115.755 
0.0825628 0 0 141.27 -1.64904 -115.694 
0.0899378 0 0 141.198 -1.64167 -115.705 
0.0884733 0 0 141.177 -1.64458 -115.768 
0.0903334 0 0 141.204 -1.65911 -115.889 
0.0915958 0 0 141.282 -1.68474 -116.063 
0.0890669 0 0 141.403 -1.72154 -116.285 
0.0946556 0 0 141.589 -1.77141 -116.579 
0.0896163 0 0 141.822 -1.83256 -116.908 
0.0921222 0 0 142.101 -1.90602 -117.286 
0.0917784 0 0 142.427 -1.99037 -117.708 
0.097424 0 0 142.806 -2.08456 -118.173 
0.099289 0 0 143.254 -2.18419 -118.678 
0.0991335 0 0 143.724 -2.28391 -119.181 
0.100802 0 0 144.217 -2.37684 -119.681 
0.0981144 0 0 144.751 -2.45724 -120.185 
0.100931 0 0 145.28 -2.5178 -120.639 
0.0965973 0 0 145.775 -2.55466 -121.019 
0.089927 0 0 146.18 -2.56917 -121.284 
0.0910594 0 0 146.492 -2.56902 -121.443 
0.091608 0 0 146.701 -2.55933 -121.479 
0.094027 0 0 146.751 -2.54406 -121.381 
0.0921818 0 0 146.479 -2.51345 -120.99 
0.0918367 0 0 146.407 -2.50212 -120.86 
0.0947365 0 0 146.204 -2.48424 -120.608 
0.0915808 0 0 145.851 -2.45585 -120.241 
0.0906297 0 0 145.44 -2.4148 -119.823 
0.089286 0 0 144.938 -2.35625 -119.324 
0.0900337 0 0 144.419 -2.28417 -118.814 
0.0859039 0 0 143.913 -2.20192 -118.314 
0.085066 0 0 143.405 -2.11373 -117.814 
0.0854366 0 0 142.939 -2.02604 -117.351 
0.0819662 0 0 142.518 -1.94303 -116.938 
0.080855 0 0 142.141 -1.86724 -116.567 
0.087051 0 0 141.802 -1.80124 -116.246 
0.0827874 0 0 141.527 -1.74604 -115.986 
0.088913 0 0 141.307 -1.70158 -115.787 
0.0854158 0 0 141.135 -1.66851 -115.639 
0.0881539 0 0 141.007 -1.64625 -115.547 
0.0857622 0 0 140.931 -1.63444 -115.505 
0.0914141 0 0 140.901 -1.633 -115.522 
0.0896355 0 0 140.937 -1.64323 -115.602 
0.0900676 0 0 141.019 -1.66392 -115.731 
0.0927102 0 0 141.142 -1.69579 -115.91 
0.0905462 0 0 141.309 -1.73816 -116.135 
0.0849487 0 0 141.535 -1.79225 -116.412 
0.0873661 0 0 141.821 -1.85853 -116.751 
0.0891548 0 0 142.144 -1.93519 -117.128 
0.0888617 0 0 142.546 -2.0218 -117.563 
0.0934776 0 0 142.961 -2.11385 -118.013 
0.094548 0 0 143.439 -2.20906 -118.504 
0.0943256 0 0 143.937 -2.29907 -118.988 
0.0923981 0 0 144.46 -2.37971 -119.48 
0.0944882 0 0 144.992 -2.4449 -119.954 
0.0962372 0 0 145.468 -2.48842 -120.351 
0.0921555 0 0 145.885 -2.51387 -120.675 
0.0969382 0 0 146.209 -2.52184 -120.897 
0.0922055 0 0 146.411 -2.52016 -121.002 
0.0960484 0 0 146.48 -2.51343 -120.993 
0.095693 0 0 146.406 -2.50234 -120.872 
0.100774 0 0 146.311 -2.50059 -120.802 
0.094536 0 0 146.1 -2.4918 -120.614 
0.0968417 0 0 145.79 -2.47528 -120.343 
0.0945343 0 0 145.353 -2.44068 -119.948 
0.0928676 0 0 144.873 -2.39019 -119.514 
0.0930229 0 0 144.351 -2.3225 -119.032 
0.0874737 0 0 143.841 -2.24073 -118.536 
0.0922536 0 0 143.33 -2.15203 -118.044 
0.084995 0 0 142.865 -2.06157 -117.578 
0.0838099 0 0 142.425 -1.97433 -117.132 
0.0888533 0 0 142.061 -1.89503 -116.757 
0.0869835 0 0 141.726 -1.8238 -116.409 
0.0910268 0 0 141.44 -1.764 -116.114 
0.086096 0 0 141.215 -1.7149 -115.873 
0.0963501 0 0 141.033 -1.67769 -115.687 
0.0935921 0 0 140.925 -1.65111 -115.562 
0.0898165 0 0 140.845 -1.63463 -115.473 
0.0916434 0 0 140.82 -1.6296 -115.447 
0.0928497 0 0 140.836 -1.63435 -115.465 
0.0909275 0 0 140.924 -1.65089 -115.555 
0.0864573 0 0 141.044 -1.6776 -115.686 
0.0856507 0 0 141.222 -1.71506 -115.873 
0.0884211 0 0 141.445 -1.76379 -116.117 
0.087094 0 0 141.724 -1.82382 -116.409 
0.0889683 0 0 142.036 -1.89414 -116.739 
0.0876215 0 0 142.427 -1.97446 -117.141 
0.0856733 0 0 142.854 -2.06127 -117.574 
0.0886538 0 0 143.338 -2.15235 -118.047 
0.0915585 0 0 143.831 -2.24125 -118.534 
0.0918339 0 0 144.358 -2.32223 -119.036 
0.0861024 0 0 144.888 -2.39043 -119.524 
0.0872457 0 0 145.367 -2.4413 -119.963 
0.096382 0 0 145.78 -2.47508 -120.333 
0.0916709 0 0 146.11 -2.49213 -120.619 
0.0883973 0 0 146.319 -2.49912 -120.794 
0.0947705 0 0 146.387 -2.50264 -120.858 
