15.3242 0 0 -264.897 -0.384026 229.004 
14.6514 0 0 -265.094 -0.442713 228.892 
12.7388 0 0 -265.678 -0.609231 228.574 
9.86681 0 0 -266.651 -0.903665 227.974 
6.6417 0 0 -267.943 -1.35187 226.971 
3.62251 0 0 -269.39 -1.90526 225.498 
1.4904 0 0 -270.786 -2.49934 223.373 
0.433811 0 0 -271.563 -2.98521 220.373 
0.102659 0 0 -271.617 -3.1846 216.857 
0.0749407 0 0 -270.954 -3.12902 213.13 
0.132735 0 0 -269.977 -2.93682 209.697 
0.16424 0 0 -268.833 -2.71652 206.661 
0.205043 0 0 -267.774 -2.50713 204.119 
0.221074 0 0 -266.807 -2.33067 202.045 
0.257796 0 0 -266.01 -2.1962 200.426 
0.291933 0 0 -265.37 -2.09491 199.183 
0.293648 0 0 -264.934 -2.02686 198.341 
0.284374 0 0 -264.658 -1.98456 197.833 
0.279109 0 0 -264.558 -1.9722 197.658 
0.294715 0 0 -264.66 -1.98597 197.84 
0.281371 0 0 -264.925 -2.02675 198.34 
0.269562 0 0 -265.371 -2.09638 199.187 
0.268839 0 0 -266.007 -2.19686 200.419 
0.23112 0 0 -266.77 -2.33195 202.022 
0.21108 0 0 -267.76 -2.50583 204.116 
0.172911 0 0 -268.816 -2.71492 206.639 
0.119522 0 0 -269.917 -2.94017 209.656 
0.073881 0 0 -270.963 -3.12889 213.142 
0.096511 0 0 -271.595 -3.18418 216.831 
0.43133 0 0 -271.549 -2.98434 220.366 
1.4896 0 0 -270.751 -2.50709 223.33 
3.63196 0 0 -269.398 -1.90319 225.509 
6.61208 0 0 -267.948 -1.34139 226.996 
9.88608 0 0 -266.659 -0.897066 227.987 
12.6911 0 0 -265.691 -0.600948 228.588 
14.6666 0 0 -265.097 -0.447093 228.893 
15.2901 0 0 -264.925 -0.371628 229.04 
14.6535 0 0 -265.101 -0.447891 228.878 
13.2575 0 0 -265.682 -0.521267 228.651 
10.7956 0 0 -266.679 -0.726555 228.177 
7.71071 0 0 -268.055 -1.09659 227.363 
4.49032 0 0 -269.704 -1.57866 226.181 
2.01292 0 0 -271.353 -2.19631 224.35 
0.610046 0 0 -272.596 -2.78535 221.746 
0.117979 0 0 -273.028 -3.14481 218.41 
0.0774979 0 0 -272.526 -3.20084 214.68 
0.143851 0 0 -271.434 -3.05402 211.026 
0.190465 0 0 -270.171 -2.83506 207.791 
0.241957 0 0 -268.862 -2.61728 205.032 
0.241642 0 0 -267.688 -2.42488 202.77 
0.280111 0 0 -266.642 -2.2737 200.935 
0.279073 0 0 -265.792 -2.15731 199.548 
0.279258 0 0 -265.116 -2.07185 198.527 
0.277823 0 0 -264.624 -2.01833 197.852 
0.285839 0 0 -264.331 -1.99022 197.537 
0.282056 0 0 -264.195 -1.99139 197.53 
0.27702 0 0 -264.251 -2.01389 197.871 
0.26495 0 0 -264.516 -2.06812 198.559 
0.218381 0 0 -264.912 -2.15441 199.606 
0.203353 0 0 -265.479 -2.26913 201.021 
0.188787 0 0 -266.22 -2.41795 202.861 
0.13805 0 0 -267.114 -2.60986 205.193 
0.0966886 0 0 -268.046 -2.82559 207.933 
0.0679869 0 0 -268.994 -3.04115 211.193 
0.078303 0 0 -269.752 -3.18771 214.79 
0.271435 0 0 -270.097 -3.15273 218.454 
0.99497 0 0 -269.74 -2.85615 221.713 
2.56986 0 0 -268.854 -2.33781 224.347 
5.07714 0 0 -267.664 -1.75938 226.225 
8.21007 0 0 -266.537 -1.26685 227.454 
11.1822 0 0 -265.634 -0.884261 228.242 
13.4773 0 0 -265.085 -0.614783 228.726 
14.7563 0 0 -264.889 -0.48587 228.891 
14.6609 0 0 -265.114 -0.440168 228.905 
12.7246 0 0 -265.679 -0.620485 228.514 
10.838 0 0 -266.679 -0.75375 228.102 
8.07067 0 0 -268.061 -1.01318 227.434 
4.99166 0 0 -269.838 -1.41478 226.469 
2.39085 0 0 -271.68 -1.99382 224.888 
0.750747 0 0 -273.259 -2.62093 222.608 
0.151113 0 0 -273.992 -3.09629 219.48 
0.078169 0 0 -273.638 -3.26432 215.767 
0.156492 0 0 -272.512 -3.1727 212.001 
0.212953 0 0 -271.113 -2.96605 208.613 
0.267106 0 0 -269.593 -2.74388 205.658 
0.271113 0 0 -268.157 -2.54215 203.195 
0.28239 0 0 -266.894 -2.37616 201.207 
0.285024 0 0 -265.784 -2.2472 199.644 
0.292306 0 0 -264.871 -2.14881 198.45 
0.273298 0 0 -264.173 -2.08078 197.638 
0.271365 0 0 -263.678 -2.04154 197.169 
0.258569 0 0 -263.32 -2.02564 197 
0.246744 0 0 -263.155 -2.0374 197.161 
0.227807 0 0 -263.203 -2.07375 197.677 
0.186513 0 0 -263.417 -2.13498 198.538 
0.183513 0 0 -263.787 -2.22933 199.745 
0.167252 0 0 -264.363 -2.35586 201.365 
0.132051 0 0 -265.02 -2.51673 203.393 
0.104198 0 0 -265.817 -2.71197 205.885 
0.0599013 0 0 -266.68 -2.93091 208.85 
0.0568793 0 0 -267.523 -3.12953 212.244 
0.158846 0 0 -268.097 -3.23342 215.909 
0.564002 0 0 -268.32 -3.1352 219.495 
1.57934 0 0 -267.928 -2.7963 222.555 
3.42091 0 0 -267.18 -2.2816 224.957 
6.03466 0 0 -266.29 -1.75194 226.597 
8.8567 0 0 -265.527 -1.2985 227.668 
11.3741 0 0 -265.019 -0.961947 228.287 
13.0054 0 0 -264.877 -0.726859 228.628 
13.479 0 0 -265.098 -0.604145 228.707 
12.7328 0 0 -265.692 -0.613308 228.537 
9.8665 0 0 -266.636 -0.932381 227.851 
7.73533 0 0 -268.01 -1.12401 227.242 
5.03928 0 0 -269.807 -1.45019 226.381 
2.55484 0 0 -271.771 -1.94912 225.011 
0.854076 0 0 -273.568 -2.54663 222.973 
0.162548 0 0 -274.578 -3.06974 220.087 
0.0878432 0 0 -274.363 -3.32103 216.45 
0.159779 0 0 -273.216 -3.28418 212.63 
0.231944 0 0 -271.638 -3.09695 209.071 
0.260005 0 0 -269.944 -2.87545 206.003 
0.276434 0 0 -268.301 -2.66755 203.401 
0.28047 0 0 -266.786 -2.49246 201.252 
0.275271 0 0 -265.473 -2.35136 199.548 
0.259678 0 0 -264.332 -2.24438 198.208 
0.254942 0 0 -263.405 -2.16341 197.24 
0.236971 0 0 -262.673 -2.1102 196.593 
0.229678 0 0 -262.125 -2.0817 196.274 
0.210497 0 0 -261.764 -2.0781 196.275 
0.209476 0 0 -261.631 -2.09601 196.615 
0.179174 0 0 -261.65 -2.13925 197.264 
0.168035 0 0 -261.829 -2.20818 198.256 
0.134634 0 0 -262.188 -2.30659 199.631 
0.0998089 0 0 -262.682 -2.437 201.385 
0.074475 0 0 -263.31 -2.60443 203.563 
0.0594816 0 0 -264.11 -2.80086 206.243 
0.0540239 0 0 -264.906 -3.01269 209.334 
0.0964048 0 0 -265.684 -3.19657 212.826 
0.293476 0 0 -266.226 -3.27537 216.449 
0.838933 0 0 -266.425 -3.15924 219.923 
2.00383 0 0 -266.236 -2.82077 222.889 
3.87783 0 0 -265.758 -2.36247 225.045 
6.19781 0 0 -265.215 -1.87424 226.574 
8.55475 0 0 -264.875 -1.46906 227.521 
10.3753 0 0 -264.79 -1.15077 228.069 
11.3271 0 0 -265.022 -0.962892 228.247 
11.2286 0 0 -265.632 -0.898956 228.152 
9.91008 0 0 -266.621 -0.936758 227.834 
6.67686 0 0 -267.902 -1.40384 226.791 
4.57344 0 0 -269.682 -1.64681 226.008 
2.43427 0 0 -271.634 -2.04817 224.765 
0.864417 0 0 -273.54 -2.57609 222.921 
0.17826 0 0 -274.732 -3.08545 220.23 
0.102856 0 0 -274.729 -3.37016 216.757 
0.183602 0 0 -273.677 -3.37365 212.998 
0.237786 0 0 -271.981 -3.21047 209.366 
0.27698 0 0 -270.106 -2.99662 206.173 
0.276051 0 0 -268.242 -2.78718 203.434 
0.274037 0 0 -266.497 -2.60709 201.15 
0.250012 0 0 -264.931 -2.45822 199.293 
0.241717 0 0 -263.607 -2.33957 197.84 
0.231951 0 0 -262.456 -2.25121 196.72 
0.221587 0 0 -261.527 -2.18592 195.941 
0.205553 0 0 -260.775 -2.14472 195.457 
0.179088 0 0 -260.205 -2.12509 195.275 
0.176212 0 0 -259.864 -2.12585 195.412 
0.146384 0 0 -259.656 -2.15008 195.851 
0.120193 0 0 -259.664 -2.19686 196.618 
0.115895 0 0 -259.863 -2.26993 197.754 
0.09477 0 0 -260.205 -2.3674 199.235 
0.0653422 0 0 -260.719 -2.50118 201.136 
0.0529857 0 0 -261.344 -2.66205 203.425 
0.037017 0 0 -262.124 -2.85405 206.186 
0.0617685 0 0 -262.886 -3.05869 209.311 
0.145625 0 0 -263.677 -3.23621 212.831 
0.393589 0 0 -264.307 -3.31269 216.452 
0.967151 0 0 -264.666 -3.21438 219.839 
2.10788 0 0 -264.731 -2.93021 222.639 
3.71719 0 0 -264.605 -2.52781 224.735 
5.67967 0 0 -264.482 -2.12054 226.126 
7.38754 0 0 -264.515 -1.76676 226.955 
8.59992 0 0 -264.853 -1.48967 227.422 
8.91821 0 0 -265.523 -1.3372 227.509 
8.24683 0 0 -266.509 -1.30541 227.286 
6.66158 0 0 -267.893 -1.39896 226.803 
3.72681 0 0 -269.363 -2.00262 225.266 
2.09691 0 0 -271.326 -2.30476 224.132 
0.801823 0 0 -273.194 -2.71905 222.416 
0.194522 0 0 -274.498 -3.14315 219.945 
0.102153 0 0 -274.767 -3.40275 216.735 
0.182945 0 0 -273.776 -3.43015 213.033 
0.253886 0 0 -272.106 -3.2881 209.439 
0.282289 0 0 -270.121 -3.08578 206.17 
0.272805 0 0 -268.093 -2.88352 203.349 
0.245064 0 0 -266.207 -2.70226 201.007 
0.250013 0 0 -264.432 -2.55106 199.019 
0.226413 0 0 -262.823 -2.42795 197.399 
0.212773 0 0 -261.477 -2.32944 196.163 
0.192493 0 0 -260.322 -2.2542 195.225 
0.165814 0 0 -259.4 -2.20255 194.603 
0.16312 0 0 -258.635 -2.16899 194.262 
0.15073 0 0 -258.066 -2.15462 194.197 
0.133639 0 0 -257.69 -2.16043 194.424 
0.114855 0 0 -257.532 -2.18653 194.998 
0.0940646 0 0 -257.545 -2.2331 195.863 
0.0719838 0 0 -257.706 -2.30419 197.065 
0.0654721 0 0 -258.048 -2.40204 198.626 
0.0404545 0 0 -258.58 -2.52857 200.606 
0.0326408 0 0 -259.205 -2.68541 202.948 
0.0402141 0 0 -259.986 -2.87111 205.735 
0.0733056 0 0 -260.813 -3.06849 208.888 
0.191127 0 0 -261.682 -3.24278 212.331 
0.460921 0 0 -262.433 -3.33821 215.85 
0.987693 0 0 -263.056 -3.28954 219.155 
1.90956 0 0 -263.453 -3.0826 221.891 
3.13929 0 0 -263.695 -2.76508 223.926 
4.5375 0 0 -263.994 -2.4325 225.25 
5.71657 0 0 -264.466 -2.14259 226.027 
6.2737 0 0 -265.156 -1.93787 226.331 
6.10074 0 0 -266.239 -1.82216 226.344 
5.18797 0 0 -267.614 -1.83384 225.985 
3.72096 0 0 -269.339 -2.00287 225.258 
1.62195 0 0 -270.648 -2.65143 223.032 
0.684036 0 0 -272.54 -2.92711 221.507 
0.189912 0 0 -273.938 -3.22688 219.257 
0.119225 0 0 -274.332 -3.42356 216.262 
0.194658 0 0 -273.657 -3.43892 212.861 
0.265184 0 0 -272.095 -3.31745 209.356 
0.269622 0 0 -270.15 -3.13327 206.132 
0.272135 0 0 -268.035 -2.94394 203.282 
0.26034 0 0 -265.943 -2.77031 200.814 
0.226088 0 0 -263.989 -2.6202 198.744 
0.204181 0 0 -262.188 -2.49515 197.016 
0.179713 0 0 -260.617 -2.39189 195.638 
0.169433 0 0 -259.244 -2.31053 194.568 
0.160953 0 0 -258.102 -2.2491 193.788 
0.144526 0 0 -257.134 -2.20358 193.268 
0.120592 0 0 -256.406 -2.17665 193.049 
0.116281 0 0 -255.855 -2.16824 193.091 
0.09258 0 0 -255.493 -2.17559 193.426 
0.0839672 0 0 -255.331 -2.20117 194.058 
0.0677975 0 0 -255.316 -2.24594 194.966 
0.0510976 0 0 -255.534 -2.31438 196.256 
0.0445859 0 0 -255.873 -2.40633 197.845 
0.032246 0 0 -256.403 -2.52652 199.838 
0.0275006 0 0 -257.086 -2.67409 202.193 
0.0431519 0 0 -257.894 -2.84748 204.938 
0.0973373 0 0 -258.775 -3.03634 207.981 
0.202612 0 0 -259.717 -3.2138 211.307 
0.418682 0 0 -260.634 -3.33603 214.661 
0.824705 0 0 -261.521 -3.35306 217.846 
1.48931 0 0 -262.256 -3.24384 220.488 
2.3278 0 0 -262.958 -3.03563 222.509 
3.21418 0 0 -263.663 -2.79898 223.79 
3.82392 0 0 -264.528 -2.58726 224.514 
3.9481 0 0 -265.658 -2.44386 224.767 
3.55172 0 0 -267.044 -2.40126 224.58 
2.67527 0 0 -268.747 -2.46561 224.025 
1.59612 0 0 -270.676 -2.64552 223.058 
0.528654 0 0 -271.466 -3.1594 220.059 
0.193085 0 0 -272.941 -3.319 218.095 
0.124678 0 0 -273.606 -3.41771 215.507 
0.205601 0 0 -273.222 -3.40627 212.386 
0.250481 0 0 -271.931 -3.29582 209.113 
0.305934 0 0 -270.13 -3.13476 206.008 
0.275447 0 0 -268.031 -2.96498 203.187 
0.256804 0 0 -265.805 -2.80445 200.651 
0.214036 0 0 -263.721 -2.66308 198.532 
0.19511 0 0 -261.77 -2.54081 196.731 
0.182037 0 0 -259.998 -2.43753 195.237 
0.146414 0 0 -258.402 -2.35058 194.021 
0.135305 0 0 -257.047 -2.28147 193.097 
0.118628 0 0 -255.906 -2.22932 192.439 
0.109416 0 0 -254.957 -2.19138 192.023 
0.0940635 0 0 -254.237 -2.16854 191.893 
0.0906736 0 0 -253.666 -2.16007 191.99 
0.0586593 0 0 -253.31 -2.1689 192.381 
0.0587513 0 0 -253.184 -2.19436 193.078 
0.0460274 0 0 -253.186 -2.23722 194.031 
0.0320975 0 0 -253.37 -2.29984 195.296 
0.0323625 0 0 -253.755 -2.38618 196.911 
0.0242068 0 0 -254.29 -2.49529 198.846 
0.026148 0 0 -254.999 -2.6321 201.168 
0.0508444 0 0 -255.809 -2.79178 203.752 
0.104876 0 0 -256.787 -2.96975 206.677 
0.203777 0 0 -257.845 -3.14699 209.811 
0.350296 0 0 -258.947 -3.29328 212.965 
0.640427 0 0 -260.075 -3.37234 215.939 
1.06344 0 0 -261.117 -3.36097 218.439 
1.53653 0 0 -262.222 -3.26837 220.394 
1.96757 0 0 -263.356 -3.13926 221.669 
2.20816 0 0 -264.652 -3.01394 222.375 
2.1367 0 0 -266.103 -2.94103 222.52 
1.72418 0 0 -267.783 -2.94172 222.188 
1.0855 0 0 -269.64 -3.01494 221.411 
0.529209 0 0 -271.464 -3.16128 220.062 
0.174411 0 0 -271.495 -3.38045 216.48 
0.142891 0 0 -272.443 -3.38845 214.299 
0.203394 0 0 -272.482 -3.33835 211.633 
0.272209 0 0 -271.635 -3.22971 208.723 
0.277631 0 0 -270.054 -3.09206 205.809 
0.296572 0 0 -268.078 -2.946 203.065 
0.258025 0 0 -265.913 -2.80481 200.592 
0.218877 0 0 -263.701 -2.67816 198.416 
0.194085 0 0 -261.618 -2.56468 196.56 
0.170419 0 0 -259.646 -2.46388 194.953 
0.139117 0 0 -257.874 -2.37703 193.633 
0.132393 0 0 -256.294 -2.30395 192.566 
0.117281 0 0 -254.946 -2.2444 191.762 
0.107149 0 0 -253.791 -2.19827 191.176 
0.0900171 0 0 -252.895 -2.16548 190.883 
0.0771204 0 0 -252.138 -2.1457 190.778 
0.0617025 0 0 -251.611 -2.13975 190.948 
0.0502982 0 0 -251.259 -2.14733 191.372 
0.0440546 0 0 -251.09 -2.16991 192.051 
0.0327917 0 0 -251.155 -2.2099 193.044 
0.0297911 0 0 -251.339 -2.2671 194.278 
0.0186849 0 0 -251.733 -2.34456 195.848 
0.0220464 0 0 -252.271 -2.44392 197.697 
0.0279617 0 0 -253.004 -2.56697 199.883 
0.0541406 0 0 -253.902 -2.71231 202.355 
0.0911889 0 0 -254.916 -2.87571 205.056 
0.171246 0 0 -256.075 -3.04625 207.91 
0.275413 0 0 -257.316 -3.20491 210.793 
0.479599 0 0 -258.63 -3.32478 213.469 
0.716298 0 0 -260.016 -3.38963 215.802 
0.914703 0 0 -261.388 -3.39648 217.591 
1.09947 0 0 -262.904 -3.36512 218.84 
1.12743 0 0 -264.516 -3.32238 219.471 
0.975251 0 0 -266.257 -3.29847 219.534 
0.712633 0 0 -268.124 -3.30739 219.068 
0.375996 0 0 -269.941 -3.34161 218.063 
0.175987 0 0 -271.454 -3.38324 216.435 
0.132809 0 0 -270.836 -3.33033 212.673 
0.196495 0 0 -271.333 -3.24791 210.533 
0.245894 0 0 -271.057 -3.13325 208.122 
0.299611 0 0 -269.89 -3.01154 205.482 
0.28432 0 0 -268.218 -2.88684 202.971 
0.269293 0 0 -266.151 -2.77294 200.58 
0.238544 0 0 -263.953 -2.66519 198.42 
0.193306 0 0 -261.75 -2.56577 196.509 
0.170593 0 0 -259.636 -2.47415 194.85 
0.13503 0 0 -257.678 -2.39093 193.43 
0.115783 0 0 -255.909 -2.31761 192.251 
0.0984716 0 0 -254.355 -2.25407 191.303 
0.0924584 0 0 -253.028 -2.20192 190.596 
0.0838448 0 0 -251.863 -2.16027 190.078 
0.0700635 0 0 -250.935 -2.13078 189.807 
0.0633612 0 0 -250.227 -2.11302 189.78 
0.048084 0 0 -249.71 -2.10763 189.979 
0.0458347 0 0 -249.362 -2.11448 190.404 
0.0351308 0 0 -249.229 -2.13529 191.089 
0.0239681 0 0 -249.253 -2.16989 192.012 
0.0234795 0 0 -249.465 -2.22195 193.223 
0.0211259 0 0 -249.87 -2.29104 194.705 
0.0182518 0 0 -250.451 -2.38005 196.467 
0.0273172 0 0 -251.223 -2.48923 198.5 
0.0465946 0 0 -252.12 -2.61799 200.743 
0.077724 0 0 -253.204 -2.76437 203.188 
0.140726 0 0 -254.478 -2.92247 205.787 
0.209193 0 0 -255.816 -3.0776 208.32 
0.318268 0 0 -257.289 -3.21503 210.712 
0.431224 0 0 -258.86 -3.32115 212.786 
0.520203 0 0 -260.525 -3.38843 214.406 
0.57993 0 0 -262.269 -3.41883 215.512 
0.54135 0 0 -264.098 -3.42829 216.032 
0.419121 0 0 -266.035 -3.42389 216.021 
0.260712 0 0 -267.888 -3.4109 215.448 
0.156027 0 0 -269.605 -3.38369 214.339 
0.138245 0 0 -270.821 -3.33338 212.671 
0.165449 0 0 -269.813 -3.13701 209.106 
0.229655 0 0 -270.08 -3.02563 207.205 
0.278129 0 0 -269.52 -2.90781 205.034 
0.30376 0 0 -268.257 -2.80241 202.783 
0.28549 0 0 -266.47 -2.70913 200.571 
0.25117 0 0 -264.38 -2.62489 198.502 
0.219576 0 0 -262.177 -2.54463 196.611 
0.174659 0 0 -259.94 -2.46719 194.897 
0.135678 0 0 -257.846 -2.39324 193.42 
0.120429 0 0 -255.914 -2.32458 192.168 
0.091724 0 0 -254.142 -2.2608 191.086 
0.0975775 0 0 -252.616 -2.20528 190.242 
0.0846604 0 0 -251.264 -2.15837 189.589 
0.0562166 0 0 -250.13 -2.12014 189.131 
0.0502558 0 0 -249.203 -2.09239 188.895 
0.0467936 0 0 -248.485 -2.07592 188.877 
0.0490733 0 0 -247.956 -2.06944 189.058 
0.0355066 0 0 -247.639 -2.07528 189.488 
0.0281123 0 0 -247.499 -2.09329 190.131 
0.020988 0 0 -247.546 -2.12415 191.013 
0.0175879 0 0 -247.787 -2.16994 192.146 
0.0180767 0 0 -248.207 -2.23132 193.539 
0.0222827 0 0 -248.823 -2.31003 195.174 
0.0274445 0 0 -249.582 -2.40503 196.992 
0.0453231 0 0 -250.543 -2.51871 199.041 
0.0670466 0 0 -251.672 -2.64702 201.222 
0.107314 0 0 -252.965 -2.78681 203.482 
0.166515 0 0 -254.413 -2.92949 205.705 
0.219191 0 0 -255.985 -3.06431 207.759 
0.273085 0 0 -257.708 -3.18012 209.555 
0.296282 0 0 -259.565 -3.26965 210.996 
0.295367 0 0 -261.446 -3.32723 211.922 
0.260183 0 0 -263.447 -3.35217 212.388 
0.196621 0 0 -265.438 -3.34694 212.316 
0.155188 0 0 -267.306 -3.30587 211.736 
0.122428 0 0 -268.827 -3.23534 210.656 
0.160113 0 0 -269.82 -3.13815 209.113 
0.216921 0 0 -268.709 -2.90548 205.972 
0.267027 0 0 -268.783 -2.79876 204.318 
0.299407 0 0 -268.099 -2.70316 202.472 
0.296952 0 0 -266.746 -2.62599 200.537 
0.277282 0 0 -264.924 -2.56185 198.626 
0.211365 0 0 -262.79 -2.50293 196.807 
0.191132 0 0 -260.56 -2.44558 195.117 
0.154206 0 0 -258.356 -2.38522 193.601 
0.132182 0 0 -256.249 -2.32422 192.256 
0.111051 0 0 -254.333 -2.26561 191.116 
0.0887869 0 0 -252.614 -2.20966 190.173 
0.07932 0 0 -251.055 -2.15882 189.363 
0.0729183 0 0 -249.727 -2.11577 188.764 
0.0603843 0 0 -248.603 -2.08047 188.351 
0.0418714 0 0 -247.685 -2.05409 188.122 
0.0421995 0 0 -246.953 -2.03716 188.087 
0.0332156 0 0 -246.455 -2.03076 188.277 
0.0306873 0 0 -246.122 -2.03438 188.651 
0.0235178 0 0 -245.997 -2.05006 189.266 
0.0188642 0 0 -246.042 -2.07701 190.076 
0.0196116 0 0 -246.299 -2.11682 191.115 
0.0176175 0 0 -246.717 -2.17012 192.355 
0.0189991 0 0 -247.34 -2.23842 193.824 
0.0286497 0 0 -248.141 -2.3216 195.475 
0.0425667 0 0 -249.117 -2.41918 197.28 
0.0609387 0 0 -250.281 -2.52994 199.198 
0.0900942 0 0 -251.634 -2.65145 201.161 
0.126749 0 0 -253.168 -2.77739 203.106 
0.143395 0 0 -254.842 -2.89874 204.883 
0.170797 0 0 -256.65 -3.0078 206.433 
0.180341 0 0 -258.545 -3.09419 207.609 
0.168229 0 0 -260.601 -3.1512 208.449 
0.141426 0 0 -262.662 -3.1756 208.832 
0.11695 0 0 -264.648 -3.1581 208.751 
0.128311 0 0 -266.476 -3.10405 208.263 
0.161675 0 0 -267.902 -3.0151 207.332 
0.228152 0 0 -268.741 -2.90626 205.987 
0.258269 0 0 -267.679 -2.69197 203.346 
0.285515 0 0 -267.62 -2.60268 201.937 
0.290523 0 0 -266.805 -2.53379 200.361 
0.288164 0 0 -265.419 -2.48334 198.725 
0.264153 0 0 -263.544 -2.4443 197.052 
0.199352 0 0 -261.387 -2.40752 195.442 
0.170826 0 0 -259.201 -2.36494 193.974 
0.149094 0 0 -257.006 -2.31823 192.618 
0.112703 0 0 -254.911 -2.26841 191.401 
0.0900607 0 0 -252.965 -2.2154 190.323 
0.0727491 0 0 -251.244 -2.16507 189.432 
0.0654189 0 0 -249.699 -2.11821 188.686 
0.0585464 0 0 -248.38 -2.07768 188.12 
0.0474435 0 0 -247.26 -2.04363 187.714 
0.0413099 0 0 -246.335 -2.01767 187.486 
0.0403815 0 0 -245.65 -2.00164 187.461 
0.0342375 0 0 -245.128 -1.99348 187.587 
0.0259139 0 0 -244.836 -1.99607 187.95 
0.0226205 0 0 -244.695 -2.00806 188.464 
0.0221829 0 0 -244.747 -2.03104 189.186 
0.0177496 0 0 -244.996 -2.06506 190.103 
0.0230153 0 0 -245.455 -2.11224 191.238 
0.0248858 0 0 -246.066 -2.17094 192.525 
0.0269541 0 0 -246.898 -2.24306 193.984 
0.0398715 0 0 -247.905 -2.32677 195.566 
0.0512134 0 0 -249.085 -2.42208 197.23 
0.0635309 0 0 -250.495 -2.52656 198.95 
0.0819055 0 0 -252.027 -2.63257 200.58 
0.106132 0 0 -253.776 -2.73819 202.127 
0.115771 0 0 -255.667 -2.83133 203.453 
0.115687 0 0 -257.66 -2.90708 204.503 
0.117285 0 0 -259.746 -2.95598 205.241 
0.101563 0 0 -261.865 -2.96909 205.624 
0.117696 0 0 -263.853 -2.94454 205.593 
0.138525 0 0 -265.624 -2.8831 205.199 
0.201594 0 0 -266.953 -2.79092 204.442 
0.258428 0 0 -267.655 -2.69348 203.322 
0.286853 0 0 -266.7 -2.51393 201.136 
0.313356 0 0 -266.553 -2.44779 200.004 
0.305601 0 0 -265.721 -2.40102 198.707 
0.280893 0 0 -264.275 -2.37277 197.312 
0.260273 0 0 -262.378 -2.35449 195.857 
0.202394 0 0 -260.238 -2.33196 194.455 
0.153045 0 0 -258.025 -2.30368 193.127 
0.122156 0 0 -255.831 -2.26673 191.888 
0.103673 0 0 -253.748 -2.22308 190.764 
0.0812461 0 0 -251.828 -2.17626 189.79 
0.0655136 0 0 -250.115 -2.12955 188.94 
0.0605562 0 0 -248.575 -2.08494 188.217 
0.0513795 0 0 -247.247 -2.0457 187.66 
0.0434844 0 0 -246.127 -2.01262 187.252 
0.0352497 0 0 -245.244 -1.98687 187.018 
0.032469 0 0 -244.54 -1.96941 186.947 
0.0289825 0 0 -244.024 -1.96033 187.035 
0.0230166 0 0 -243.712 -1.96036 187.306 
0.0224127 0 0 -243.593 -1.97009 187.755 
0.0231964 0 0 -243.685 -1.98987 188.412 
0.0235733 0 0 -243.933 -2.01916 189.217 
0.0214115 0 0 -244.357 -2.05851 190.157 
0.0244868 0 0 -245.02 -2.11043 191.307 
0.0308225 0 0 -245.849 -2.17203 192.576 
0.032919 0 0 -246.877 -2.24498 193.951 
0.0482308 0 0 -248.1 -2.32613 195.397 
0.052413 0 0 -249.543 -2.41541 196.89 
0.0706603 0 0 -251.13 -2.50528 198.304 
0.0778551 0 0 -252.881 -2.59331 199.615 
0.0906796 0 0 -254.819 -2.67245 200.793 
0.0914565 0 0 -256.864 -2.73452 201.727 
0.0948973 0 0 -258.997 -2.77081 202.414 
0.0945852 0 0 -261.139 -2.77498 202.814 
0.125456 0 0 -263.136 -2.74291 202.883 
0.158881 0 0 -264.822 -2.68134 202.606 
0.225371 0 0 -266.079 -2.59754 202.028 
0.27274 0 0 -266.716 -2.51206 201.153 
0.293667 0 0 -265.878 -2.37245 199.411 
0.304721 0 0 -265.735 -2.3236 198.548 
0.297304 0 0 -264.821 -2.29798 197.463 
0.266266 0 0 -263.342 -2.2906 196.277 
0.230729 0 0 -261.421 -2.28882 195.015 
0.188343 0 0 -259.266 -2.27902 193.766 
0.145885 0 0 -257.064 -2.25995 192.579 
0.124164 0 0 -254.895 -2.23001 191.461 
0.0926715 0 0 -252.818 -2.19115 190.415 
0.078095 0 0 -250.903 -2.14737 189.482 
0.0590876 0 0 -249.156 -2.10225 188.646 
0.0572389 0 0 -247.654 -2.05977 187.966 
0.0457397 0 0 -246.343 -2.02148 187.406 
0.0367774 0 0 -245.233 -1.98798 186.974 
0.0360008 0 0 -244.33 -1.962 186.71 
0.0268369 0 0 -243.626 -1.94318 186.576 
0.0267329 0 0 -243.115 -1.93273 186.6 
0.0259596 0 0 -242.798 -1.93068 186.796 
0.0193579 0 0 -242.705 -1.93758 187.174 
0.0217791 0 0 -242.76 -1.95299 187.684 
0.0208241 0 0 -243.059 -1.9787 188.384 
0.0233023 0 0 -243.505 -2.01339 189.214 
0.0231352 0 0 -244.17 -2.05778 190.196 
0.0304245 0 0 -245.009 -2.11159 191.287 
0.032169 0 0 -246.05 -2.17414 192.467 
0.0416389 0 0 -247.285 -2.24441 193.72 
0.0486743 0 0 -248.73 -2.32014 194.991 
0.0584583 0 0 -250.344 -2.39737 196.232 
0.0657834 0 0 -252.15 -2.47099 197.391 
0.0675748 0 0 -254.128 -2.53761 198.449 
0.0791211 0 0 -256.217 -2.58612 199.326 
0.0869313 0 0 -258.351 -2.61311 199.976 
0.107384 0 0 -260.499 -2.60921 200.426 
0.132982 0 0 -262.477 -2.57674 200.598 
0.196327 0 0 -264.161 -2.51377 200.474 
0.259835 0 0 -265.372 -2.44144 200.105 
0.288622 0 0 -265.917 -2.37256 199.442 
0.307948 0 0 -265.289 -2.26896 198.138 
0.328753 0 0 -265.074 -2.23575 197.466 
0.30443 0 0 -264.114 -2.22938 196.59 
0.255643 0 0 -262.591 -2.23859 195.582 
0.220259 0 0 -260.657 -2.2461 194.506 
0.167412 0 0 -258.525 -2.2475 193.411 
0.135312 0 0 -256.299 -2.23392 192.318 
0.106121 0 0 -254.123 -2.20803 191.279 
0.0789816 0 0 -252.065 -2.17148 190.305 
0.0731892 0 0 -250.153 -2.12994 189.409 
0.0560005 0 0 -248.439 -2.08614 188.602 
0.0458128 0 0 -246.929 -2.04381 187.916 
0.0403869 0 0 -245.622 -2.00487 187.333 
0.034289 0 0 -244.509 -1.97128 186.873 
0.0312288 0 0 -243.629 -1.9444 186.559 
0.0313206 0 0 -242.912 -1.92369 186.368 
0.0249824 0 0 -242.423 -1.91187 186.331 
0.0256395 0 0 -242.108 -1.90753 186.435 
0.0219763 0 0 -242.017 -1.91205 186.707 
0.0225601 0 0 -242.11 -1.92477 187.129 
0.0229579 0 0 -242.387 -1.94593 187.682 
0.0255026 0 0 -242.842 -1.97549 188.369 
0.027078 0 0 -243.48 -2.01376 189.182 
0.0286757 0 0 -244.356 -2.06118 190.132 
0.0346054 0 0 -245.417 -2.11602 191.15 
0.0353051 0 0 -246.675 -2.17717 192.237 
0.0428776 0 0 -248.121 -2.24237 193.34 
0.0562532 0 0 -249.794 -2.30913 194.457 
0.0527184 0 0 -251.602 -2.37244 195.499 
0.061926 0 0 -253.598 -2.42681 196.463 
0.0840353 0 0 -255.704 -2.46644 197.303 
0.0981308 0 0 -257.872 -2.48457 197.976 
0.118872 0 0 -259.997 -2.4761 198.456 
0.155898 0 0 -261.985 -2.44086 198.754 
0.213487 0 0 -263.657 -2.38306 198.804 
0.267691 0 0 -264.769 -2.32049 198.573 
0.293824 0 0 -265.273 -2.26877 198.125 
0.304799 0 0 -264.858 -2.19473 197.241 
0.305474 0 0 -264.544 -2.17963 196.736 
0.283888 0 0 -263.573 -2.18536 196.071 
0.245254 0 0 -262.036 -2.20767 195.25 
0.20898 0 0 -260.099 -2.22644 194.319 
0.159985 0 0 -257.956 -2.23435 193.348 
0.11835 0 0 -255.737 -2.22433 192.363 
0.0985072 0 0 -253.568 -2.20089 191.385 
0.0793781 0 0 -251.521 -2.16625 190.474 
0.0652873 0 0 -249.612 -2.12428 189.588 
0.0534503 0 0 -247.906 -2.08083 188.787 
0.0481204 0 0 -246.396 -2.03756 188.076 
0.0408914 0 0 -245.117 -1.99803 187.474 
0.0347026 0 0 -244.015 -1.96264 186.963 
0.0284221 0 0 -243.113 -1.93417 186.573 
0.0290873 0 0 -242.419 -1.91209 186.31 
0.0227617 0 0 -241.94 -1.89837 186.193 
0.0230872 0 0 -241.607 -1.89099 186.193 
0.0251911 0 0 -241.519 -1.89279 186.358 
0.0235789 0 0 -241.613 -1.9025 186.662 
0.0240638 0 0 -241.893 -1.92019 187.097 
0.0266549 0 0 -242.377 -1.94593 187.663 
0.029071 0 0 -243.033 -1.97979 188.345 
0.0311205 0 0 -243.889 -2.0209 189.13 
0.0335912 0 0 -244.974 -2.06957 190.015 
0.0372142 0 0 -246.233 -2.12333 190.951 
0.040604 0 0 -247.701 -2.18125 191.933 
0.0510809 0 0 -249.385 -2.24001 192.934 
0.059684 0 0 -251.206 -2.29505 193.889 
0.0691619 0 0 -253.211 -2.34175 194.8 
0.0764366 0 0 -255.36 -2.3731 195.637 
0.10932 0 0 -257.551 -2.38544 196.362 
0.146483 0 0 -259.695 -2.37373 196.927 
0.184352 0 0 -261.647 -2.339 197.31 
0.229367 0 0 -263.284 -2.28805 197.521 
0.2664 0 0 -264.407 -2.23106 197.498 
0.307925 0 0 -264.832 -2.19626 197.226 
0.315206 0 0 -264.556 -2.15456 196.682 
0.292476 0 0 -264.255 -2.15053 196.41 
0.280732 0 0 -263.262 -2.17148 195.923 
0.24237 0 0 -261.674 -2.20375 195.243 
0.185535 0 0 -259.744 -2.22825 194.478 
0.15553 0 0 -257.608 -2.23971 193.615 
0.107596 0 0 -255.382 -2.23309 192.717 
0.0871429 0 0 -253.185 -2.2097 191.776 
0.0725143 0 0 -251.165 -2.17396 190.901 
0.0600447 0 0 -249.279 -2.13181 190.036 
0.0478092 0 0 -247.583 -2.08651 189.212 
0.0424149 0 0 -246.079 -2.0418 188.467 
0.0338524 0 0 -244.776 -1.99954 187.793 
0.0365805 0 0 -243.694 -1.96305 187.228 
0.0346487 0 0 -242.788 -1.93206 186.757 
0.0277678 0 0 -242.111 -1.90843 186.416 
0.0240437 0 0 -241.627 -1.89192 186.202 
0.0301842 0 0 -241.326 -1.88291 186.109 
0.0245797 0 0 -241.238 -1.88186 186.159 
0.024505 0 0 -241.337 -1.88846 186.349 
0.0237535 0 0 -241.6 -1.90257 186.649 
0.0269999 0 0 -242.08 -1.92488 187.081 
0.0279878 0 0 -242.754 -1.95466 187.634 
0.0297256 0 0 -243.64 -1.99227 188.315 
0.0368015 0 0 -244.718 -2.03558 189.074 
0.0343823 0 0 -246.009 -2.08449 189.911 
0.0407938 0 0 -247.468 -2.13597 190.771 
0.0562443 0 0 -249.17 -2.18832 191.7 
0.0662257 0 0 -251.013 -2.23814 192.599 
0.0732369 0 0 -253.04 -2.27835 193.483 
0.0898256 0 0 -255.172 -2.30464 194.321 
0.0999247 0 0 -257.389 -2.31267 195.104 
0.15358 0 0 -259.528 -2.29903 195.75 
0.195703 0 0 -261.486 -2.26625 196.269 
0.248869 0 0 -263.08 -2.22206 196.608 
0.280926 0 0 -264.154 -2.17686 196.755 
0.3324 0 0 -264.584 -2.15108 196.691 
0.318653 0 0 -264.487 -2.13642 196.509 
0.328949 0 0 -264.135 -2.1507 196.407 
0.264562 0 0 -263.079 -2.18499 196.088 
0.212216 0 0 -261.497 -2.22312 195.597 
0.161598 0 0 -259.537 -2.25262 194.939 
0.133974 0 0 -257.386 -2.26617 194.184 
0.0845256 0 0 -255.217 -2.25898 193.38 
0.0754817 0 0 -253.054 -2.23511 192.508 
0.055899 0 0 -251.005 -2.19794 191.604 
0.0581816 0 0 -249.114 -2.15277 190.722 
0.0469351 0 0 -247.436 -2.10502 189.878 
0.0398189 0 0 -245.949 -2.05709 189.068 
0.0320227 0 0 -244.655 -2.01248 188.331 
0.0289007 0 0 -243.572 -1.97236 187.681 
0.0273954 0 0 -242.699 -1.93954 187.13 
0.0254211 0 0 -242.026 -1.91291 186.691 
0.0283483 0 0 -241.51 -1.89308 186.347 
0.0222886 0 0 -241.231 -1.88172 186.153 
0.0220378 0 0 -241.131 -1.87776 186.08 
0.0257305 0 0 -241.219 -1.88164 186.15 
0.0273989 0 0 -241.522 -1.89342 186.358 
0.0268368 0 0 -242.016 -1.91258 186.69 
0.0316678 0 0 -242.674 -1.93896 187.116 
0.0317214 0 0 -243.578 -1.97271 187.689 
0.0368454 0 0 -244.635 -2.01182 188.322 
0.0390324 0 0 -245.93 -2.05693 189.06 
0.0467055 0 0 -247.42 -2.10456 189.867 
0.0487901 0 0 -249.12 -2.15281 190.723 
0.0704987 0 0 -251.012 -2.19781 191.61 
0.0749404 0 0 -253.051 -2.23458 192.505 
0.097386 0 0 -255.172 -2.25932 193.344 
0.133586 0 0 -257.398 -2.26522 194.19 
0.167541 0 0 -259.52 -2.2534 194.925 
0.212873 0 0 -261.445 -2.22418 195.556 
0.264578 0 0 -263.054 -2.18577 196.07 
0.297163 0 0 -264.095 -2.15184 196.39 
0.328208 0 0 -264.489 -2.1396 196.511 
