51.6512 0 0 70.723 14.3836 -56.9607 
50.6319 0 0 70.7525 14.3239 -56.9918 
47.4799 0 0 70.8411 14.1847 -57.0796 
42.6379 0 0 70.991 13.7351 -57.2264 
36.1367 0 0 71.2196 13.1093 -57.4502 
28.6862 0 0 71.5421 12.1278 -57.7668 
20.8125 0 0 71.9763 10.8488 -58.1823 
13.5864 0 0 72.5225 8.98608 -58.7153 
7.76818 0 0 73.175 6.75791 -59.341 
3.89442 0 0 73.8698 4.35756 -59.9951 
1.67542 0 0 74.5136 2.19666 -60.597 
0.656123 0 0 75.0138 0.537496 -61.0646 
0.266744 0 0 75.3629 -0.545493 -61.3848 
0.125511 0 0 75.5937 -1.17964 -61.5936 
0.067923 0 0 75.7189 -1.51809 -61.7169 
0.0580345 0 0 75.7917 -1.69055 -61.7863 
0.0543709 0 0 75.8214 -1.77112 -61.8103 
0.0473014 0 0 75.8508 -1.80709 -61.8395 
0.0436681 0 0 75.8592 -1.816 -61.8372 
0.0449458 0 0 75.8503 -1.80706 -61.8333 
0.046035 0 0 75.836 -1.77182 -61.8183 
0.0539607 0 0 75.7885 -1.68991 -61.7768 
0.0694384 0 0 75.72 -1.51905 -61.7145 
0.12958 0 0 75.5911 -1.18061 -61.5964 
0.266256 0 0 75.3582 -0.553741 -61.3825 
0.678245 0 0 75.0126 0.534756 -61.0631 
1.68908 0 0 74.499 2.17979 -60.5867 
3.86807 0 0 73.8705 4.3609 -59.994 
7.78946 0 0 73.1775 6.75729 -59.3401 
13.557 0 0 72.5162 8.95494 -58.709 
20.8137 0 0 71.9744 10.8483 -58.1848 
28.6644 0 0 71.5401 12.1213 -57.7661 
36.1621 0 0 71.211 13.093 -57.4445 
42.6124 0 0 70.9894 13.7145 -57.225 
47.5657 0 0 70.8346 14.1283 -57.0731 
50.5246 0 0 70.7456 14.3752 -56.9834 
51.5464 0 0 70.7199 14.4749 -56.9562 
50.5468 0 0 70.7362 14.3528 -56.9925 
48.5506 0 0 70.8036 14.2489 -57.0575 
44.5212 0 0 70.9352 13.9715 -57.1864 
38.8185 0 0 71.1309 13.4699 -57.3741 
31.7763 0 0 71.4305 12.702 -57.664 
24.0285 0 0 71.8117 11.5503 -58.0385 
16.3091 0 0 72.3089 10.0086 -58.5201 
9.81151 0 0 72.9176 7.88704 -59.1137 
5.02295 0 0 73.6011 5.47082 -59.7644 
2.25345 0 0 74.2601 3.04733 -60.388 
0.889067 0 0 74.8149 1.11928 -60.9125 
0.348346 0 0 75.2215 -0.221511 -61.2868 
0.154669 0 0 75.4588 -1.01115 -61.5136 
0.0735109 0 0 75.6191 -1.43442 -61.6543 
0.0586239 0 0 75.7057 -1.65155 -61.7373 
0.0542704 0 0 75.7586 -1.75542 -61.7839 
0.0463225 0 0 75.7852 -1.80164 -61.8051 
0.0461313 0 0 75.7974 -1.81921 -61.8205 
0.0419256 0 0 75.7817 -1.81658 -61.8069 
0.0450727 0 0 75.7726 -1.7927 -61.7941 
0.045403 0 0 75.7565 -1.73718 -61.7755 
0.0656511 0 0 75.685 -1.61664 -61.7196 
0.091531 0 0 75.5793 -1.3749 -61.6225 
0.188332 0 0 75.4015 -0.903358 -61.4541 
0.438801 0 0 75.107 -0.0762677 -61.1859 
1.11392 0 0 74.685 1.2597 -60.791 
2.61317 0 0 74.1059 3.15208 -60.2527 
5.54383 0 0 73.4473 5.3962 -59.6274 
10.4009 0 0 72.7721 7.66326 -58.9852 
16.7932 0 0 72.1833 9.6767 -58.4157 
24.2368 0 0 71.6944 11.3008 -57.9428 
31.8646 0 0 71.3411 12.4789 -57.593 
38.8277 0 0 71.0757 13.2818 -57.3311 
44.4185 0 0 70.8783 13.8038 -57.1394 
48.5195 0 0 70.7712 14.1204 -57.0332 
50.5596 0 0 70.7293 14.3589 -56.9878 
50.6016 0 0 70.7447 14.373 -57.0023 
47.485 0 0 70.8178 14.19 -57.1141 
44.499 0 0 70.9198 13.9844 -57.2118 
39.705 0 0 71.0968 13.6331 -57.3848 
33.4326 0 0 71.3445 12.9977 -57.6283 
26.0494 0 0 71.6913 12.0466 -57.9672 
18.3916 0 0 72.1446 10.677 -58.411 
11.3825 0 0 72.7001 8.74094 -58.9581 
6.05933 0 0 73.3419 6.34992 -59.5798 
2.69981 0 0 73.996 3.82865 -60.2155 
1.0556 0 0 74.5677 1.61919 -60.7618 
0.385149 0 0 74.9883 0.060691 -61.1658 
0.14652 0 0 75.2601 -0.87698 -61.4157 
0.0735054 0 0 75.42 -1.37826 -61.5664 
0.0510396 0 0 75.5055 -1.63216 -61.6463 
0.0470853 0 0 75.5555 -1.74957 -61.6933 
0.0421034 0 0 75.5859 -1.80215 -61.7221 
0.041715 0 0 75.5878 -1.82168 -61.7261 
0.0369042 0 0 75.6023 -1.82471 -61.7358 
0.0422486 0 0 75.5949 -1.81461 -61.7329 
0.0451903 0 0 75.5697 -1.78277 -61.7077 
0.0464135 0 0 75.5316 -1.71063 -61.6745 
0.0627094 0 0 75.4767 -1.55688 -61.6197 
0.0971432 0 0 75.3361 -1.24608 -61.4938 
0.235416 0 0 75.1262 -0.66024 -61.297 
0.616995 0 0 74.7872 0.34532 -60.9816 
1.55609 0 0 74.3064 1.86405 -60.5274 
3.51163 0 0 73.7078 3.86718 -59.9513 
7.1091 0 0 73.0555 6.10954 -59.3298 
12.3916 0 0 72.4319 8.23126 -58.7306 
19.0108 0 0 71.905 10.1147 -58.2185 
26.2947 0 0 71.4838 11.5161 -57.7991 
33.392 0 0 71.1879 12.5664 -57.5016 
39.6509 0 0 70.9642 13.2144 -57.2833 
44.3731 0 0 70.8319 13.7917 -57.1422 
47.3899 0 0 70.7651 14.0398 -57.0739 
48.4498 0 0 70.7684 14.1585 -57.0709 
47.4318 0 0 70.816 14.1787 -57.1133 
42.5591 0 0 70.9203 13.7234 -57.2936 
38.9328 0 0 71.0755 13.4161 -57.4442 
33.3451 0 0 71.2909 12.9718 -57.6563 
26.6765 0 0 71.5999 12.2169 -57.9595 
19.3972 0 0 71.9965 11.0178 -58.3557 
12.5242 0 0 72.5057 9.23183 -58.8596 
6.79511 0 0 73.0991 7.00568 -59.4474 
3.03265 0 0 73.7288 4.41739 -60.0725 
1.12641 0 0 74.2733 2.03371 -60.6117 
0.378234 0 0 74.7103 0.282915 -61.0361 
0.140735 0 0 74.9613 -0.786247 -61.28 
0.0662436 0 0 75.1188 -1.34953 -61.4319 
0.045655 0 0 75.1995 -1.62478 -61.5149 
0.040177 0 0 75.2474 -1.74885 -61.5597 
0.0348661 0 0 75.2661 -1.79905 -61.5723 
0.0370763 0 0 75.2907 -1.81904 -61.6012 
0.041052 0 0 75.2869 -1.82242 -61.5956 
0.03654 0 0 75.29 -1.81924 -61.6002 
0.0401736 0 0 75.2794 -1.8061 -61.5886 
0.0362307 0 0 75.268 -1.7725 -61.5751 
0.0401023 0 0 75.2111 -1.69094 -61.5228 
0.064383 0 0 75.1489 -1.51748 -61.4679 
0.106667 0 0 75.0015 -1.1554 -61.3278 
0.269146 0 0 74.777 -0.492453 -61.1124 
0.73318 0 0 74.3995 0.625662 -60.7563 
1.85742 0 0 73.9178 2.27253 -60.2932 
4.15513 0 0 73.3364 4.31696 -59.7276 
8.04482 0 0 72.7068 6.46671 -59.1179 
13.4603 0 0 72.1583 8.49869 -58.5745 
19.8572 0 0 71.6945 10.2128 -58.1081 
26.7473 0 0 71.347 11.5303 -57.7568 
33.1147 0 0 71.0839 12.3947 -57.4952 
38.4856 0 0 70.9149 13.0717 -57.3213 
42.2867 0 0 70.8283 13.5429 -57.2183 
44.3664 0 0 70.7973 13.7467 -57.1862 
44.5792 0 0 70.8311 13.768 -57.2102 
42.5241 0 0 70.9226 13.7405 -57.2919 
36.094 0 0 71.0803 13.0783 -57.5545 
31.7459 0 0 71.2767 12.7583 -57.7415 
25.9822 0 0 71.5404 12.0315 -58.0086 
19.4548 0 0 71.9022 11.014 -58.3665 
12.8333 0 0 72.3406 9.46443 -58.819 
7.16246 0 0 72.8617 7.3258 -59.3541 
3.24882 0 0 73.4309 4.79845 -59.9355 
1.15463 0 0 73.9571 2.3303 -60.468 
0.364828 0 0 74.3409 0.431425 -60.8593 
0.124192 0 0 74.5795 -0.732235 -61.1046 
0.0537802 0 0 74.7221 -1.33459 -61.2406 
0.0379444 0 0 74.8099 -1.62385 -61.3315 
0.0383583 0 0 74.8462 -1.74255 -61.3653 
0.0346341 0 0 74.8776 -1.7875 -61.3909 
0.0377702 0 0 74.8767 -1.79996 -61.3975 
0.0391307 0 0 74.8818 -1.79983 -61.3985 
0.0382579 0 0 74.8923 -1.79782 -61.4088 
0.0401337 0 0 74.8735 -1.79478 -61.3971 
0.0378155 0 0 74.8653 -1.78535 -61.3863 
0.0391799 0 0 74.8487 -1.75766 -61.3724 
0.0404089 0 0 74.8084 -1.68139 -61.3322 
0.0474799 0 0 74.7427 -1.50287 -61.2646 
0.0964009 0 0 74.6003 -1.13102 -61.1341 
0.262248 0 0 74.3773 -0.422852 -60.9151 
0.755116 0 0 74.0251 0.749538 -60.5671 
1.9597 0 0 73.539 2.41322 -60.0969 
4.37263 0 0 72.9958 4.44166 -59.5565 
8.16369 0 0 72.4432 6.56605 -59.0052 
13.4588 0 0 71.9471 8.4758 -58.5056 
19.5385 0 0 71.5433 9.99082 -58.0933 
25.6626 0 0 71.2529 11.2558 -57.7877 
31.1912 0 0 71.0327 12.0776 -57.5623 
35.6026 0 0 70.9224 12.6782 -57.435 
38.5035 0 0 70.8727 13.0815 -57.3685 
39.5302 0 0 70.8843 13.2516 -57.3707 
38.7349 0 0 70.9447 13.2631 -57.424 
36.1517 0 0 71.0788 13.0476 -57.5515 
28.5965 0 0 71.2614 12.1473 -57.8622 
23.985 0 0 71.4969 11.5481 -58.0991 
18.2797 0 0 71.8054 10.6939 -58.4117 
12.4481 0 0 72.1973 9.26234 -58.8132 
7.18654 0 0 72.6407 7.32356 -59.2881 
3.28664 0 0 73.1388 4.95076 -59.8104 
1.16 0 0 73.5954 2.50623 -60.2886 
0.339028 0 0 73.9395 0.529981 -60.6614 
0.105085 0 0 74.156 -0.688478 -60.8876 
0.0426228 0 0 74.2855 -1.3298 -61.0215 
0.0362541 0 0 74.3505 -1.61341 -61.0857 
0.0350792 0 0 74.3921 -1.72806 -61.1315 
0.0355838 0 0 74.4064 -1.76129 -61.1454 
0.0389827 0 0 74.4076 -1.76339 -61.1479 
0.0376109 0 0 74.4066 -1.75622 -61.1493 
0.0352521 0 0 74.4131 -1.75015 -61.1516 
0.0380977 0 0 74.4129 -1.74852 -61.1508 
0.037645 0 0 74.413 -1.75028 -61.1492 
0.0367711 0 0 74.401 -1.74902 -61.1401 
0.0344548 0 0 74.3939 -1.73273 -61.1307 
0.038759 0 0 74.3446 -1.67215 -61.0888 
0.0451675 0 0 74.297 -1.51471 -61.0384 
0.0771152 0 0 74.1812 -1.16287 -60.9221 
0.225278 0 0 73.9665 -0.469833 -60.7123 
0.655483 0 0 73.6383 0.681 -60.3939 
1.80375 0 0 73.2092 2.30058 -59.9668 
4.02383 0 0 72.7166 4.29153 -59.4625 
7.64473 0 0 72.2334 6.30847 -58.9656 
12.337 0 0 71.7841 8.12946 -58.5071 
17.7945 0 0 71.4449 9.58163 -58.1508 
23.036 0 0 71.1951 10.7721 -57.8784 
27.6875 0 0 71.0425 11.5132 -57.7066 
31.1771 0 0 70.9634 12.1111 -57.6077 
32.9922 0 0 70.9433 12.4639 -57.569 
33.3496 0 0 70.992 12.5168 -57.6083 
31.8636 0 0 71.1001 12.454 -57.7076 
28.6361 0 0 71.2721 12.1413 -57.8676 
20.7545 0 0 71.4657 10.8158 -58.2125 
16.3124 0 0 71.7355 9.97903 -58.4897 
11.3602 0 0 72.0462 8.77974 -58.8223 
6.74285 0 0 72.434 7.03463 -59.2395 
3.18846 0 0 72.8332 4.86644 -59.6802 
1.13023 0 0 73.2181 2.54281 -60.0964 
0.323049 0 0 73.5019 0.593991 -60.4165 
0.0832404 0 0 73.6915 -0.655974 -60.6273 
0.0371969 0 0 73.7842 -1.30892 -60.7328 
0.0296775 0 0 73.853 -1.59461 -60.8037 
0.0376999 0 0 73.8838 -1.6989 -60.8336 
0.0383922 0 0 73.8942 -1.7224 -60.8511 
0.038371 0 0 73.8934 -1.71366 -60.8508 
0.0390145 0 0 73.9021 -1.69749 -60.8558 
0.0421938 0 0 73.9075 -1.68403 -60.8627 
0.0392323 0 0 73.9006 -1.67714 -60.8598 
0.0431606 0 0 73.9077 -1.67904 -60.8632 
0.0382747 0 0 73.9207 -1.68759 -60.8689 
0.0341139 0 0 73.9033 -1.69656 -60.8571 
0.0362679 0 0 73.9016 -1.69573 -60.8512 
0.0361625 0 0 73.86 -1.65836 -60.8174 
0.0349102 0 0 73.8181 -1.53804 -60.7744 
0.0643495 0 0 73.7227 -1.24005 -60.6768 
0.166462 0 0 73.5528 -0.633305 -60.508 
0.507724 0 0 73.2887 0.431458 -60.2397 
1.41055 0 0 72.9161 1.96116 -59.8669 
3.31494 0 0 72.4733 3.82469 -59.4175 
6.35265 0 0 72.0554 5.73783 -58.9769 
10.4127 0 0 71.6824 7.49211 -58.5799 
14.9481 0 0 71.3966 8.91514 -58.266 
19.3407 0 0 71.202 9.98603 -58.0426 
23.1139 0 0 71.0796 10.7233 -57.8962 
25.5755 0 0 71.0322 11.232 -57.8271 
26.7052 0 0 71.0515 11.4827 -57.8277 
26.1719 0 0 71.1296 11.5169 -57.8897 
24.2158 0 0 71.2723 11.2567 -58.0256 
20.7926 0 0 71.4674 10.8308 -58.2157 
13.4874 0 0 71.6645 9.01347 -58.574 
9.75242 0 0 71.917 7.94791 -58.8483 
5.99373 0 0 72.23 6.43597 -59.1895 
2.98354 0 0 72.5402 4.50617 -59.5444 
1.12787 0 0 72.8435 2.41123 -59.8963 
0.30919 0 0 73.07 0.597873 -60.1616 
0.083351 0 0 73.2204 -0.62522 -60.3395 
0.0376445 0 0 73.3037 -1.2769 -60.4372 
0.0299999 0 0 73.3487 -1.56201 -60.4873 
0.0383988 0 0 73.3723 -1.66282 -60.5206 
0.0362465 0 0 73.3906 -1.6768 -60.5349 
0.0344968 0 0 73.3919 -1.65815 -60.5388 
0.0354459 0 0 73.3861 -1.63121 -60.5347 
0.0385461 0 0 73.3987 -1.60943 -60.5438 
0.0395601 0 0 73.3828 -1.59409 -60.533 
0.0419248 0 0 73.3891 -1.59027 -60.5378 
0.0379304 0 0 73.3918 -1.59608 -60.5363 
0.0380877 0 0 73.3899 -1.61078 -60.5399 
0.0358921 0 0 73.4014 -1.62949 -60.5415 
0.0377342 0 0 73.3879 -1.64278 -60.5304 
0.0378439 0 0 73.3739 -1.63138 -60.5163 
0.0383964 0 0 73.3196 -1.55487 -60.4688 
0.0489558 0 0 73.2659 -1.33803 -60.416 
0.106998 0 0 73.136 -0.854046 -60.2874 
0.315769 0 0 72.9428 0.0376465 -60.0874 
0.959266 0 0 72.636 1.39195 -59.7777 
2.39223 0 0 72.286 3.07535 -59.4072 
4.75245 0 0 71.9293 4.8461 -59.0326 
7.87906 0 0 71.6298 6.50905 -58.7011 
11.5342 0 0 71.3804 7.87056 -58.4245 
14.9456 0 0 71.2344 8.91081 -58.2368 
17.6081 0 0 71.1423 9.62547 -58.1193 
19.4208 0 0 71.129 10.0609 -58.0796 
19.8483 0 0 71.1813 10.187 -58.1081 
18.9163 0 0 71.289 10.102 -58.2041 
16.735 0 0 71.4504 9.70889 -58.3604 
13.4914 0 0 71.6568 9.03987 -58.5736 
7.6846 0 0 71.7767 6.8605 -58.8646 
4.98918 0 0 71.9893 5.54972 -59.1108 
2.62869 0 0 72.2407 3.95955 -59.3958 
1.07322 0 0 72.4656 2.17674 -59.6638 
0.328836 0 0 72.6284 0.572669 -59.8747 
0.0845082 0 0 72.7497 -0.586002 -60.0314 
0.0350152 0 0 72.825 -1.2318 -60.1194 
0.0293996 0 0 72.8564 -1.52176 -60.1581 
0.0345196 0 0 72.875 -1.62042 -60.1787 
0.0375226 0 0 72.8817 -1.62925 -60.1864 
0.0394111 0 0 72.8928 -1.60322 -60.1974 
0.0391685 0 0 72.888 -1.56772 -60.1958 
0.0390725 0 0 72.8933 -1.53639 -60.1975 
0.0379671 0 0 72.8992 -1.5134 -60.2078 
0.0330622 0 0 72.9048 -1.50073 -60.2122 
0.0391216 0 0 72.9003 -1.49905 -60.205 
0.0373976 0 0 72.8954 -1.50831 -60.2062 
0.0375349 0 0 72.8933 -1.5267 -60.2025 
0.0422863 0 0 72.8828 -1.55215 -60.1954 
0.0344286 0 0 72.8903 -1.57804 -60.1972 
0.0337549 0 0 72.8793 -1.58918 -60.1879 
0.0373612 0 0 72.8588 -1.55555 -60.1672 
0.0419391 0 0 72.812 -1.41942 -60.1246 
0.0641607 0 0 72.7401 -1.07851 -60.045 
0.189166 0 0 72.6015 -0.410195 -59.9079 
0.551662 0 0 72.3861 0.685604 -59.6865 
1.44454 0 0 72.1083 2.11713 -59.3997 
3.03708 0 0 71.8268 3.71428 -59.0958 
5.32707 0 0 71.5739 5.21193 -58.8138 
7.93503 0 0 71.3809 6.51511 -58.5885 
10.41 0 0 71.2709 7.46708 -58.4399 
12.3535 0 0 71.2157 8.11256 -58.3534 
13.3137 0 0 71.2248 8.43866 -58.335 
13.3349 0 0 71.2878 8.5098 -58.375 
12.2779 0 0 71.4046 8.2837 -58.4851 
10.3208 0 0 71.5671 7.72817 -58.6477 
7.64023 0 0 71.7694 6.84579 -58.8584 
3.75892 0 0 71.7719 4.52832 -59.0305 
2.16163 0 0 71.9501 3.2167 -59.2397 
0.981263 0 0 72.1015 1.81711 -59.4299 
0.32876 0 0 72.2426 0.468793 -59.6081 
0.0952171 0 0 72.3174 -0.555467 -59.7186 
0.0378226 0 0 72.364 -1.17322 -59.785 
0.0305721 0 0 72.391 -1.47288 -59.8248 
0.032399 0 0 72.4116 -1.57835 -59.8469 
0.038511 0 0 72.4235 -1.58786 -59.8633 
0.0344419 0 0 72.4175 -1.55609 -59.8571 
0.0323301 0 0 72.4326 -1.51465 -59.8665 
0.0366979 0 0 72.4256 -1.47429 -59.8641 
0.037092 0 0 72.4257 -1.44228 -59.8645 
0.0383979 0 0 72.4231 -1.42069 -59.8622 
0.0361513 0 0 72.4248 -1.40954 -59.8598 
0.0390093 0 0 72.4339 -1.41066 -59.8714 
0.038449 0 0 72.4337 -1.42155 -59.8702 
0.0358252 0 0 72.4329 -1.44326 -59.8687 
0.0388991 0 0 72.4331 -1.4724 -59.8696 
0.0346839 0 0 72.4289 -1.5058 -59.8645 
0.0412958 0 0 72.4236 -1.53368 -59.8633 
0.0362898 0 0 72.4015 -1.53426 -59.8444 
0.0366997 0 0 72.3774 -1.46812 -59.8174 
0.0502182 0 0 72.3289 -1.26514 -59.7719 
0.0976007 0 0 72.2366 -0.821335 -59.6801 
0.28226 0 0 72.1113 -0.0442086 -59.548 
0.74929 0 0 71.9095 1.07004 -59.3438 
1.63558 0 0 71.7084 2.40009 -59.1236 
3.03821 0 0 71.5324 3.72889 -58.9133 
4.71005 0 0 71.3791 4.86388 -58.7365 
6.34799 0 0 71.2873 5.74791 -58.6083 
7.55023 0 0 71.259 6.33279 -58.5473 
8.07979 0 0 71.2771 6.6086 -58.5409 
7.95092 0 0 71.3609 6.53157 -58.6037 
7.02796 0 0 71.4783 6.17264 -58.7081 
5.49149 0 0 71.6164 5.52186 -58.8545 
3.78273 0 0 71.7658 4.51238 -59.0288 
1.58198 0 0 71.6703 2.41043 -59.0735 
0.811708 0 0 71.7625 1.35188 -59.2011 
0.319349 0 0 71.8442 0.303239 -59.32 
0.099066 0 0 71.913 -0.54867 -59.4104 
0.0366637 0 0 71.9552 -1.12084 -59.4704 
0.0330646 0 0 71.9694 -1.41944 -59.5046 
0.0320193 0 0 71.988 -1.53573 -59.5217 
0.035839 0 0 71.988 -1.55082 -59.5281 
0.035394 0 0 72.0054 -1.52068 -59.54 
0.0360676 0 0 71.9933 -1.47414 -59.5335 
0.0352138 0 0 72.0024 -1.42753 -59.5372 
0.0339003 0 0 72.0108 -1.38788 -59.5465 
0.0367348 0 0 72.0048 -1.35723 -59.5389 
0.0378877 0 0 72.0026 -1.3371 -59.541 
0.0359981 0 0 72.0052 -1.32754 -59.5426 
0.0364881 0 0 72.0149 -1.32947 -59.5478 
0.0373852 0 0 72.0048 -1.34115 -59.5421 
0.033715 0 0 71.9945 -1.36263 -59.5338 
0.0387871 0 0 72.0052 -1.39339 -59.5409 
0.0349129 0 0 72.0115 -1.43089 -59.5469 
0.0358835 0 0 72.006 -1.46795 -59.5401 
0.0371613 0 0 71.9888 -1.49239 -59.5306 
0.0361423 0 0 71.9793 -1.47944 -59.5206 
0.0398196 0 0 71.9532 -1.38261 -59.495 
0.0587621 0 0 71.9039 -1.13229 -59.4465 
0.131081 0 0 71.8177 -0.649904 -59.3615 
0.310735 0 0 71.706 0.109082 -59.2472 
0.734918 0 0 71.5722 1.09285 -59.0999 
1.45036 0 0 71.438 2.15156 -58.9471 
2.35372 0 0 71.335 3.10158 -58.8162 
3.28141 0 0 71.2822 3.85405 -58.7322 
4.00355 0 0 71.2569 4.3562 -58.6777 
4.30668 0 0 71.291 4.50931 -58.686 
4.13814 0 0 71.3616 4.40624 -58.7409 
3.43138 0 0 71.4468 3.99695 -58.8241 
2.50967 0 0 71.5467 3.33234 -58.9344 
1.60951 0 0 71.6676 2.39888 -59.07 
0.593425 0 0 71.454 0.811952 -58.9803 
0.272548 0 0 71.5154 0.0733086 -59.0602 
0.106132 0 0 71.5566 -0.595026 -59.1266 
0.0481448 0 0 71.5926 -1.07764 -59.1823 
0.0321379 0 0 71.608 -1.36562 -59.2087 
0.0305055 0 0 71.6192 -1.49233 -59.2214 
0.0369396 0 0 71.6217 -1.52077 -59.2308 
0.0390059 0 0 71.6187 -1.49585 -59.2327 
0.034957 0 0 71.6372 -1.4498 -59.2433 
0.0358015 0 0 71.6245 -1.39765 -59.2345 
0.0370378 0 0 71.6297 -1.35135 -59.24 
0.0377192 0 0 71.6221 -1.31266 -59.2353 
0.0389428 0 0 71.6186 -1.28405 -59.2308 
0.0398839 0 0 71.6236 -1.26538 -59.2341 
0.0382048 0 0 71.6211 -1.25691 -59.2366 
0.0351234 0 0 71.6363 -1.25883 -59.2436 
0.0376902 0 0 71.6165 -1.26932 -59.2306 
0.0345406 0 0 71.6308 -1.29014 -59.2372 
0.0374044 0 0 71.6314 -1.3201 -59.2418 
0.0328876 0 0 71.6251 -1.35733 -59.233 
0.0401572 0 0 71.623 -1.3988 -59.2369 
0.0404159 0 0 71.6137 -1.43602 -59.2276 
0.0368322 0 0 71.6164 -1.45569 -59.2294 
0.0407803 0 0 71.5996 -1.43026 -59.2137 
0.0453325 0 0 71.5731 -1.31865 -59.1901 
0.0653566 0 0 71.5287 -1.06878 -59.1465 
0.135972 0 0 71.4629 -0.627846 -59.0825 
0.269375 0 0 71.3962 -0.0021275 -59.002 
0.559718 0 0 71.3118 0.739864 -58.9066 
1.00037 0 0 71.2443 1.46283 -58.8223 
1.40835 0 0 71.2049 2.04742 -58.757 
1.76395 0 0 71.2036 2.44315 -58.7279 
1.89214 0 0 71.2219 2.57461 -58.7306 
1.78338 0 0 71.2778 2.44349 -58.7703 
1.44322 0 0 71.3336 2.10013 -58.8263 
1.01966 0 0 71.3915 1.52254 -58.8983 
0.594765 0 0 71.4568 0.805007 -58.9829 
0.209349 0 0 71.2173 -0.233252 -58.8267 
0.0956699 0 0 71.2443 -0.682189 -58.8648 
0.0474821 0 0 71.2684 -1.05822 -58.9052 
0.0350791 0 0 71.2736 -1.31464 -58.9263 
0.0319262 0 0 71.2866 -1.44868 -58.9423 
0.0349692 0 0 71.2957 -1.49256 -58.954 
0.0384142 0 0 71.2989 -1.4797 -58.9601 
0.0420513 0 0 71.2953 -1.43779 -58.9615 
0.0396563 0 0 71.2922 -1.38598 -58.9582 
0.0343574 0 0 71.2997 -1.33472 -58.9613 
0.039042 0 0 71.3002 -1.28971 -58.9615 
0.0390536 0 0 71.2932 -1.25293 -58.9587 
0.0364519 0 0 71.2992 -1.22607 -58.9625 
0.0385448 0 0 71.3027 -1.20792 -58.9617 
0.0403776 0 0 71.3019 -1.19914 -58.9626 
0.0349147 0 0 71.2904 -1.19943 -58.9564 
0.0350943 0 0 71.3088 -1.20963 -58.9672 
0.0375906 0 0 71.3041 -1.22775 -58.9643 
0.0317857 0 0 71.3041 -1.25446 -58.96 
0.0358555 0 0 71.3002 -1.28954 -58.9629 
0.0354175 0 0 71.3065 -1.33039 -58.9674 
0.0375209 0 0 71.3051 -1.37314 -58.9678 
0.035535 0 0 71.2964 -1.40915 -58.9564 
0.0372659 0 0 71.2891 -1.42451 -58.95 
0.0381675 0 0 71.2712 -1.39706 -58.9394 
0.0459681 0 0 71.2565 -1.29308 -58.9224 
0.0554384 0 0 71.231 -1.08447 -58.8981 
0.10814 0 0 71.1842 -0.746639 -58.849 
0.183179 0 0 71.1496 -0.307578 -58.8051 
0.329443 0 0 71.1109 0.160922 -58.7539 
0.493224 0 0 71.0818 0.564978 -58.7067 
0.658871 0 0 71.0826 0.850866 -58.6886 
0.699743 0 0 71.0901 0.946432 -58.6843 
0.688182 0 0 71.1151 0.863039 -58.7028 
0.55592 0 0 71.1442 0.620781 -58.731 
0.374563 0 0 71.1901 0.22626 -58.7836 
0.208458 0 0 71.2123 -0.228287 -58.8212 
0.0802357 0 0 70.9953 -0.826935 -58.653 
0.0442622 0 0 70.9989 -1.08167 -58.673 
0.0304294 0 0 71.0135 -1.28004 -58.6934 
0.0319229 0 0 71.0087 -1.40576 -58.6968 
0.0328219 0 0 71.0177 -1.46447 -58.7118 
0.0362782 0 0 71.0152 -1.46711 -58.7155 
0.0372742 0 0 71.0299 -1.43651 -58.7238 
0.04072 0 0 71.0171 -1.38915 -58.7175 
0.0386552 0 0 71.0255 -1.3369 -58.7227 
0.0364508 0 0 71.0213 -1.28753 -58.72 
0.0354927 0 0 71.0296 -1.24443 -58.7241 
0.0361869 0 0 71.0328 -1.20898 -58.724 
0.0380214 0 0 71.0259 -1.18245 -58.7197 
0.0410607 0 0 71.0172 -1.16391 -58.7162 
0.0304184 0 0 71.037 -1.15447 -58.7262 
0.0360396 0 0 71.0311 -1.15344 -58.7237 
0.0364605 0 0 71.0242 -1.16039 -58.7183 
0.0345373 0 0 71.0244 -1.17519 -58.7196 
0.038344 0 0 71.0282 -1.19848 -58.7228 
0.0343482 0 0 71.0216 -1.22879 -58.717 
0.0340241 0 0 71.0297 -1.26642 -58.7196 
0.0346059 0 0 71.0332 -1.30917 -58.7232 
0.037607 0 0 71.0213 -1.35089 -58.7154 
0.0356778 0 0 71.0203 -1.38593 -58.7131 
0.0405017 0 0 71.0168 -1.40221 -58.715 
0.0378966 0 0 71.0089 -1.38136 -58.7032 
0.0431466 0 0 70.9935 -1.30608 -58.692 
0.0514613 0 0 70.9731 -1.16089 -58.6717 
0.0733787 0 0 70.9591 -0.948582 -58.6505 
0.109287 0 0 70.9292 -0.691633 -58.6198 
0.161487 0 0 70.9217 -0.449215 -58.597 
0.214954 0 0 70.9249 -0.256447 -58.5874 
0.226013 0 0 70.9251 -0.167566 -58.5791 
0.23216 0 0 70.9476 -0.202288 -58.593 
0.190873 0 0 70.9576 -0.345884 -58.6028 
0.120819 0 0 70.9686 -0.56276 -58.6207 
0.0760019 0 0 70.9945 -0.827975 -58.6552 
0.0482288 0 0 70.7739 -1.14012 -58.4762 
0.0325258 0 0 70.7987 -1.2701 -58.4988 
0.0339291 0 0 70.7853 -1.37287 -58.4954 
0.0359203 0 0 70.7941 -1.43488 -58.5103 
0.0365073 0 0 70.7996 -1.4533 -58.5147 
0.0349887 0 0 70.8015 -1.43834 -58.5156 
0.0379055 0 0 70.7859 -1.40116 -58.5066 
0.0415791 0 0 70.793 -1.35362 -58.5111 
0.037449 0 0 70.7991 -1.30413 -58.5193 
0.0393673 0 0 70.7998 -1.25674 -58.5201 
0.0402994 0 0 70.7972 -1.21443 -58.5142 
0.034169 0 0 70.8073 -1.17975 -58.5195 
0.0334803 0 0 70.8034 -1.15296 -58.5182 
0.0372608 0 0 70.7962 -1.1336 -58.5134 
0.0323563 0 0 70.8005 -1.12253 -58.5137 
0.0378788 0 0 70.8043 -1.11936 -58.5213 
0.0364123 0 0 70.8104 -1.12275 -58.5218 
0.0349586 0 0 70.8029 -1.13359 -58.5178 
0.0350499 0 0 70.8012 -1.15212 -58.5149 
0.0344731 0 0 70.8086 -1.17819 -58.5214 
0.0394535 0 0 70.8029 -1.21041 -58.5184 
0.0374179 0 0 70.8033 -1.24957 -58.5225 
0.0331015 0 0 70.8004 -1.29097 -58.5158 
0.0413208 0 0 70.7993 -1.33247 -58.5204 
0.0375915 0 0 70.8031 -1.36707 -58.5199 
0.0368501 0 0 70.7911 -1.38627 -58.5092 
0.0380274 0 0 70.7916 -1.38013 -58.5093 
0.0422544 0 0 70.7799 -1.3387 -58.5001 
0.0478095 0 0 70.7701 -1.2551 -58.4889 
0.0479906 0 0 70.7667 -1.13991 -58.4771 
0.0620482 0 0 70.7507 -1.01144 -58.4618 
0.0746682 0 0 70.7558 -0.901668 -58.4558 
0.0892068 0 0 70.7487 -0.832908 -58.4474 
0.0779805 0 0 70.7532 -0.831994 -58.445 
0.0713256 0 0 70.7741 -0.895964 -58.4576 
0.0583023 0 0 70.7752 -1.0016 -58.4644 
0.0461769 0 0 70.7806 -1.13826 -58.4785 
0.0347596 0 0 70.6208 -1.28996 -58.3387 
0.038131 0 0 70.6215 -1.35597 -58.3436 
0.032314 0 0 70.6162 -1.4069 -58.3427 
0.0384505 0 0 70.6232 -1.43507 -58.3528 
0.0347443 0 0 70.6275 -1.4376 -58.3561 
0.0384193 0 0 70.6214 -1.41648 -58.3529 
0.0399024 0 0 70.6308 -1.38035 -58.3593 
0.0397511 0 0 70.6249 -1.33566 -58.3578 
0.0417204 0 0 70.6251 -1.28758 -58.3579 
0.0355114 0 0 70.6402 -1.24235 -58.3665 
0.0389123 0 0 70.6252 -1.20093 -58.3557 
0.0378318 0 0 70.6262 -1.16601 -58.3572 
0.0374257 0 0 70.6324 -1.1378 -58.3602 
0.0350533 0 0 70.633 -1.11705 -58.3593 
0.0340201 0 0 70.6355 -1.1035 -58.3611 
0.0393034 0 0 70.6374 -1.09668 -58.3653 
0.0345469 0 0 70.6414 -1.09655 -58.3658 
0.0368848 0 0 70.6359 -1.10305 -58.3614 
0.0389694 0 0 70.6284 -1.1165 -58.3574 
0.0337697 0 0 70.6311 -1.13686 -58.3604 
0.03334 0 0 70.635 -1.16351 -58.3627 
0.0402813 0 0 70.639 -1.19651 -58.3669 
0.0377024 0 0 70.6313 -1.23419 -58.361 
0.0394048 0 0 70.6367 -1.27502 -58.3645 
0.037989 0 0 70.626 -1.31517 -58.358 
0.0361179 0 0 70.6301 -1.35098 -58.3598 
0.0359103 0 0 70.6221 -1.37529 -58.353 
0.0377719 0 0 70.6225 -1.38305 -58.3541 
0.0369502 0 0 70.6172 -1.36804 -58.3485 
0.0396158 0 0 70.6118 -1.33236 -58.3417 
0.0351204 0 0 70.5979 -1.27631 -58.3257 
0.0446468 0 0 70.611 -1.22314 -58.333 
0.0405374 0 0 70.6169 -1.17765 -58.3284 
0.0455499 0 0 70.6073 -1.16357 -58.3253 
0.0404199 0 0 70.6085 -1.18083 -58.3219 
0.0438387 0 0 70.6092 -1.22724 -58.3276 
0.032616 0 0 70.6244 -1.2876 -58.3353 
0.0397279 0 0 70.4977 -1.35642 -58.2292 
0.034012 0 0 70.5033 -1.38829 -58.234 
0.0359896 0 0 70.5003 -1.41385 -58.233 
0.0363518 0 0 70.5156 -1.42856 -58.2465 
0.0401851 0 0 70.5067 -1.42534 -58.2444 
0.0403022 0 0 70.5107 -1.40612 -58.2489 
0.0427378 0 0 70.5088 -1.37335 -58.2481 
0.0418532 0 0 70.496 -1.33162 -58.2366 
0.0391006 0 0 70.5018 -1.28738 -58.2399 
0.0388625 0 0 70.4975 -1.24316 -58.2366 
0.0402738 0 0 70.5087 -1.20324 -58.2483 
0.0361358 0 0 70.5185 -1.16768 -58.2519 
0.0357534 0 0 70.5093 -1.13738 -58.2422 
0.0346148 0 0 70.5097 -1.11353 -58.2422 
0.032937 0 0 70.5118 -1.09611 -58.2429 
0.0378397 0 0 70.5034 -1.08532 -58.238 
0.0352099 0 0 70.5147 -1.08123 -58.2451 
0.0372961 0 0 70.5077 -1.08302 -58.2439 
0.0358109 0 0 70.5054 -1.09125 -58.2405 
0.0377086 0 0 70.5069 -1.10581 -58.2431 
0.0373284 0 0 70.5056 -1.1266 -58.2424 
0.0331907 0 0 70.5122 -1.15309 -58.2445 
0.0358611 0 0 70.5076 -1.18524 -58.2406 
0.0350935 0 0 70.5129 -1.22206 -58.2477 
0.0392776 0 0 70.5002 -1.2608 -58.2399 
0.0383277 0 0 70.5065 -1.3005 -58.242 
0.0388354 0 0 70.5078 -1.33746 -58.2441 
0.0361687 0 0 70.5135 -1.36697 -58.2486 
0.0401741 0 0 70.4917 -1.38387 -58.2327 
0.0363826 0 0 70.4915 -1.38702 -58.2298 
0.0355589 0 0 70.501 -1.37621 -58.2341 
0.0355451 0 0 70.4984 -1.35585 -58.2323 
0.0353225 0 0 70.492 -1.33347 -58.224 
0.0348014 0 0 70.5015 -1.3163 -58.2279 
0.0311158 0 0 70.5014 -1.31602 -58.2258 
0.0373474 0 0 70.4931 -1.32897 -58.2217 
0.0323488 0 0 70.5094 -1.35661 -58.2344 
0.0351974 0 0 70.4302 -1.38258 -58.1638 
0.0336996 0 0 70.431 -1.39703 -58.1643 
0.0378845 0 0 70.4317 -1.41129 -58.168 
0.0349677 0 0 70.4337 -1.41979 -58.1698 
0.0395248 0 0 70.4322 -1.41821 -58.1718 
0.041131 0 0 70.4276 -1.40384 -58.1701 
0.043579 0 0 70.4277 -1.37786 -58.1721 
0.0388449 0 0 70.4293 -1.3425 -58.1701 
0.0416676 0 0 70.4261 -1.30216 -58.1702 
0.0422566 0 0 70.4273 -1.26049 -58.1728 
0.0408905 0 0 70.4309 -1.21963 -58.1726 
0.0379265 0 0 70.4335 -1.18232 -58.1735 
0.0406811 0 0 70.4446 -1.14986 -58.1815 
0.0359891 0 0 70.4419 -1.1229 -58.1773 
0.0375588 0 0 70.4394 -1.10164 -58.1778 
0.0384024 0 0 70.4353 -1.08572 -58.1719 
0.0354927 0 0 70.4385 -1.07702 -58.1741 
0.0368988 0 0 70.4381 -1.07334 -58.1728 
0.0359268 0 0 70.4452 -1.07663 -58.1789 
0.0362388 0 0 70.4383 -1.08481 -58.1747 
0.0352411 0 0 70.4425 -1.09951 -58.1733 
0.0366306 0 0 70.4341 -1.11967 -58.1706 
0.0395069 0 0 70.4304 -1.14614 -58.1719 
0.0339435 0 0 70.4348 -1.17752 -58.1729 
0.0373948 0 0 70.4406 -1.21369 -58.1799 
0.0393487 0 0 70.438 -1.25206 -58.176 
0.0368503 0 0 70.4375 -1.29103 -58.1743 
0.0388971 0 0 70.4385 -1.32924 -58.1781 
0.0385202 0 0 70.4316 -1.36123 -58.1733 
0.0367305 0 0 70.4319 -1.3848 -58.1715 
0.036529 0 0 70.4336 -1.39728 -58.1686 
0.0391123 0 0 70.4343 -1.39938 -58.1722 
0.0354422 0 0 70.4255 -1.39212 -58.1621 
0.034199 0 0 70.4211 -1.38242 -58.1561 
0.0340246 0 0 70.4251 -1.37555 -58.16 
0.0376585 0 0 70.425 -1.37559 -58.1613 
0.0355492 0 0 70.4329 -1.38313 -58.1646 
0.0363802 0 0 70.4086 -1.38926 -58.1419 
0.0326011 0 0 70.4086 -1.39282 -58.1433 
0.0332246 0 0 70.4159 -1.40101 -58.1472 
0.0366918 0 0 70.4103 -1.40829 -58.1459 
0.0358744 0 0 70.3955 -1.41124 -58.1372 
0.038391 0 0 70.3954 -1.40594 -58.1398 
0.0391197 0 0 70.3983 -1.38965 -58.1421 
0.0415994 0 0 70.4009 -1.36299 -58.1431 
0.0429814 0 0 70.3958 -1.32885 -58.1425 
0.03768 0 0 70.4104 -1.29043 -58.1506 
0.0402742 0 0 70.4077 -1.25002 -58.1494 
0.041344 0 0 70.4008 -1.21119 -58.146 
0.0381959 0 0 70.4067 -1.17523 -58.1502 
0.0396837 0 0 70.4107 -1.14414 -58.1518 
0.037399 0 0 70.4124 -1.11787 -58.1516 
0.0355071 0 0 70.4165 -1.09757 -58.1519 
0.0382054 0 0 70.4054 -1.08262 -58.1472 
0.0382667 0 0 70.4107 -1.07411 -58.1511 
0.0357521 0 0 70.4201 -1.07159 -58.1565 
0.0361671 0 0 70.4045 -1.07374 -58.1436 
0.0405011 0 0 70.4047 -1.08318 -58.1485 
0.0378782 0 0 70.4027 -1.09721 -58.1431 
0.0389985 0 0 70.4101 -1.11787 -58.1492 
0.0357508 0 0 70.4126 -1.14363 -58.1458 
0.0402551 0 0 70.3977 -1.17482 -58.144 
0.0400966 0 0 70.4043 -1.21071 -58.147 
0.0400208 0 0 70.4074 -1.25026 -58.1496 
0.0388944 0 0 70.406 -1.28999 -58.1461 
0.0415925 0 0 70.4075 -1.32927 -58.1512 
0.0398313 0 0 70.4031 -1.36346 -58.1498 
0.0394394 0 0 70.4014 -1.39004 -58.1475 
0.0399973 0 0 70.4039 -1.40641 -58.1489 
0.0364759 0 0 70.4128 -1.41173 -58.148 
0.0356484 0 0 70.4112 -1.40918 -58.1478 
0.0326676 0 0 70.4125 -1.40051 -58.1481 
0.0352547 0 0 70.4037 -1.39305 -58.141 
0.0305809 0 0 70.4024 -1.38954 -58.1383 
