42.8541 0 0 0 13.9122 0 
41.8665 0 0 0 13.8718 0 
39.3313 0 0 0 13.5347 0 
34.9205 0 0 0 13.1755 0 
29.4239 0 0 0 12.4465 0 
23.0759 0 0 0 11.5259 0 
16.7582 0 0 0 10.167 0 
10.9334 0 0 0 8.43599 0 
6.23562 0 0 0 6.49863 0 
3.11354 0 0 0 4.4462 0 
1.35818 0 0 0 2.61674 0 
0.527579 0 0 0 1.23572 0 
0.194176 0 0 0 0.315185 0 
0.0669969 0 0 0 -0.220439 0 
0.0269053 0 0 0 -0.511002 0 
0.00961462 0 0 0 -0.658194 0 
0.00621356 0 0 0 -0.7309 0 
0.00303476 0 0 0 -0.761924 0 
0.00170158 0 0 0 -0.769617 0 
0.00239129 0 0 0 -0.761732 0 
0.0046035 0 0 0 -0.730657 0 
0.00916449 0 0 0 -0.660272 0 
0.0256803 0 0 0 -0.510913 0 
0.070412 0 0 0 -0.222631 0 
0.195934 0 0 0 0.318085 0 
0.519705 0 0 0 1.23291 0 
1.35567 0 0 0 2.61174 0 
3.11826 0 0 0 4.46764 0 
6.22077 0 0 0 6.48487 0 
10.8939 0 0 0 8.50165 0 
16.73 0 0 0 10.1694 0 
23.1718 0 0 0 11.5116 0 
29.4187 0 0 0 12.4904 0 
35.0409 0 0 0 13.1467 0 
39.2453 0 0 0 13.5899 0 
41.8851 0 0 0 13.811 0 
42.8025 0 0 0 13.9184 0 
41.9483 0 0 0 13.7928 0 
40.0872 0 0 0 13.6943 0 
36.5709 0 0 0 13.376 0 
31.6948 0 0 0 12.7976 0 
25.7547 0 0 0 12.0142 0 
19.3501 0 0 0 10.8921 0 
13.1404 0 0 0 9.32643 0 
7.89372 0 0 0 7.43471 0 
4.09365 0 0 0 5.36168 0 
1.84742 0 0 0 3.35563 0 
0.743506 0 0 0 1.73155 0 
0.26421 0 0 0 0.620784 0 
0.094776 0 0 0 -0.0620928 0 
0.0299343 0 0 0 -0.43488 0 
0.0135836 0 0 0 -0.626554 0 
0.00498749 0 0 0 -0.717717 0 
0.00293742 0 0 0 -0.760209 0 
0.00169735 0 0 0 -0.775015 0 
0.00186491 0 0 0 -0.774036 0 
0.00210956 0 0 0 -0.755976 0 
0.00587448 0 0 0 -0.70994 0 
0.015819 0 0 0 -0.609354 0 
0.0417509 0 0 0 -0.405369 0 
0.122318 0 0 0 -0.0105923 0 
0.327906 0 0 0 0.691955 0 
0.868123 0 0 0 1.82422 0 
2.09858 0 0 0 3.38367 0 
4.40503 0 0 0 5.30738 0 
8.19582 0 0 0 7.3341 0 
13.4175 0 0 0 9.16264 0 
19.5031 0 0 0 10.6574 0 
25.7748 0 0 0 11.8821 0 
31.799 0 0 0 12.6476 0 
36.6156 0 0 0 13.2479 0 
40.0935 0 0 0 13.624 0 
41.8814 0 0 0 13.8113 0 
41.8734 0 0 0 13.7881 0 
39.1007 0 0 0 13.5746 0 
36.5377 0 0 0 13.3643 0 
32.3498 0 0 0 12.9249 0 
27.0462 0 0 0 12.2588 0 
20.9314 0 0 0 11.2415 0 
14.7086 0 0 0 9.93385 0 
9.18256 0 0 0 8.14271 0 
4.95022 0 0 0 6.05846 0 
2.27419 0 0 0 3.97284 0 
0.89307 0 0 0 2.14284 0 
0.316173 0 0 0 0.851911 0 
0.104937 0 0 0 0.0482512 0 
0.0355733 0 0 0 -0.390075 0 
0.0106526 0 0 0 -0.615319 0 
0.00467407 0 0 0 -0.722454 0 
0.00211498 0 0 0 -0.769649 0 
0.000712646 0 0 0 -0.78912 0 
0.000730147 0 0 0 -0.793149 0 
0.00134084 0 0 0 -0.786171 0 
0.00288005 0 0 0 -0.762722 0 
0.00678178 0 0 0 -0.705174 0 
0.0172554 0 0 0 -0.581101 0 
0.0542277 0 0 0 -0.32532 0 
0.157925 0 0 0 0.15938 0 
0.451454 0 0 0 0.988996 0 
1.18602 0 0 0 2.25959 0 
2.72254 0 0 0 3.95987 0 
5.54009 0 0 0 5.87123 0 
9.73173 0 0 0 7.81187 0 
15.0605 0 0 0 9.56436 0 
21.1462 0 0 0 10.9252 0 
27.0185 0 0 0 12.012 0 
32.3277 0 0 0 12.7499 0 
36.4183 0 0 0 13.2256 0 
39.0569 0 0 0 13.5362 0 
39.9353 0 0 0 13.6522 0 
39.1132 0 0 0 13.5853 0 
34.8158 0 0 0 13.0736 0 
31.5376 0 0 0 12.754 0 
26.9284 0 0 0 12.2322 0 
21.325 0 0 0 11.3657 0 
15.5028 0 0 0 10.1697 0 
9.96438 0 0 0 8.53427 0 
5.49787 0 0 0 6.55836 0 
2.57561 0 0 0 4.40343 0 
1.01498 0 0 0 2.46504 0 
0.342838 0 0 0 1.01628 0 
0.106108 0 0 0 0.116781 0 
0.0345191 0 0 0 -0.379331 0 
0.00991639 0 0 0 -0.623959 0 
0.00379212 0 0 0 -0.739041 0 
0.000846749 0 0 0 -0.78625 0 
0.000535185 0 0 0 -0.803984 0 
0.000134406 0 0 0 -0.809092 0 
0.000214583 0 0 0 -0.808441 0 
0.000678112 0 0 0 -0.801207 0 
0.00128087 0 0 0 -0.777195 0 
0.00506924 0 0 0 -0.717924 0 
0.0169078 0 0 0 -0.581639 0 
0.0588728 0 0 0 -0.299379 0 
0.183572 0 0 0 0.243769 0 
0.536358 0 0 0 1.15675 0 
1.3829 0 0 0 2.51997 0 
3.13213 0 0 0 4.26725 0 
6.14625 0 0 0 6.16809 0 
10.3857 0 0 0 8.07258 0 
15.7226 0 0 0 9.65778 0 
21.4153 0 0 0 10.9271 0 
26.7005 0 0 0 11.8934 0 
31.2889 0 0 0 12.5339 0 
34.5382 0 0 0 13.0225 0 
36.3713 0 0 0 13.1962 0 
36.3695 0 0 0 13.2493 0 
34.7756 0 0 0 13.1388 0 
29.0678 0 0 0 12.3765 0 
25.3511 0 0 0 11.9687 0 
20.6559 0 0 0 11.2208 0 
15.3751 0 0 0 10.1238 0 
10.1327 0 0 0 8.64201 0 
5.79591 0 0 0 6.77933 0 
2.70279 0 0 0 4.65832 0 
1.04028 0 0 0 2.67354 0 
0.349112 0 0 0 1.12126 0 
0.0997454 0 0 0 0.142499 0 
0.0271533 0 0 0 -0.390173 0 
0.00681254 0 0 0 -0.646731 0 
0.00230753 0 0 0 -0.759323 0 
0.000356804 0 0 0 -0.801353 0 
9.5283e-05 0 0 0 -0.813224 0 
2.72016e-05 0 0 0 -0.814812 0 
0.000470753 0 0 0 -0.814641 0 
5.62721e-05 0 0 0 -0.814805 0 
0.000377399 0 0 0 -0.812031 0 
0.000799786 0 0 0 -0.795988 0 
0.00247006 0 0 0 -0.742933 0 
0.0141443 0 0 0 -0.611732 0 
0.0457323 0 0 0 -0.323811 0 
0.168585 0 0 0 0.226962 0 
0.523789 0 0 0 1.17928 0 
1.41377 0 0 0 2.57125 0 
3.15298 0 0 0 4.33413 0 
6.15682 0 0 0 6.20005 0 
10.2383 0 0 0 7.97129 0 
15.16 0 0 0 9.50781 0 
20.3035 0 0 0 10.6564 0 
24.9989 0 0 0 11.5602 0 
28.6341 0 0 0 12.174 0 
31.0026 0 0 0 12.5696 0 
32.0566 0 0 0 12.7044 0 
31.2581 0 0 0 12.6467 0 
29.0594 0 0 0 12.381 0 
22.6296 0 0 0 11.3751 0 
18.8073 0 0 0 10.7637 0 
14.3805 0 0 0 9.76291 0 
9.71029 0 0 0 8.43481 0 
5.68152 0 0 0 6.71418 0 
2.69925 0 0 0 4.72445 0 
1.04855 0 0 0 2.74151 0 
0.329101 0 0 0 1.15186 0 
0.087794 0 0 0 0.138623 0 
0.0208334 0 0 0 -0.41249 0 
0.00478957 0 0 0 -0.671065 0 
0.000904322 0 0 0 -0.778056 0 
8.31986e-05 0 0 0 -0.810997 0 
0.000115987 0 0 0 -0.814208 0 
0.000233125 0 0 0 -0.808612 0 
0.000216743 0 0 0 -0.80395 0 
0.000134427 0 0 0 -0.804419 0 
0.000124835 0 0 0 -0.809148 0 
3.68126e-05 0 0 0 -0.814419 0 
0.000554502 0 0 0 -0.809837 0 
0.00215572 0 0 0 -0.774063 0 
0.00690885 0 0 0 -0.665473 0 
0.0380368 0 0 0 -0.407559 0 
0.133246 0 0 0 0.114414 0 
0.430782 0 0 0 1.02841 0 
1.2166 0 0 0 2.37301 0 
2.84735 0 0 0 4.08469 0 
5.49114 0 0 0 5.88892 0 
9.1532 0 0 0 7.61203 0 
13.4466 0 0 0 9.07499 0 
17.905 0 0 0 10.1886 0 
21.7446 0 0 0 10.9916 0 
24.6229 0 0 0 11.5456 0 
26.3434 0 0 0 11.8177 0 
26.6054 0 0 0 11.8846 0 
25.2595 0 0 0 11.8011 0 
22.5657 0 0 0 11.4168 0 
16.0361 0 0 0 10.0123 0 
12.5343 0 0 0 9.16917 0 
8.78726 0 0 0 7.92321 0 
5.28872 0 0 0 6.38801 0 
2.61009 0 0 0 4.55601 0 
1.01234 0 0 0 2.70126 0 
0.326649 0 0 0 1.14261 0 
0.083313 0 0 0 0.118093 0 
0.0231981 0 0 0 -0.437159 0 
0.00320453 0 0 0 -0.692575 0 
0.000638211 0 0 0 -0.791116 0 
0.000211476 0 0 0 -0.814561 0 
4.48614e-05 0 0 0 -0.808361 0 
0.000105682 0 0 0 -0.793833 0 
0.000396112 0 0 0 -0.781998 0 
0.000411594 0 0 0 -0.777136 0 
0.000437301 0 0 0 -0.780327 0 
4.28136e-05 0 0 0 -0.790911 0 
4.52093e-05 0 0 0 -0.805648 0 
0.000236267 0 0 0 -0.814761 0 
0.000547893 0 0 0 -0.799913 0 
0.00397938 0 0 0 -0.72442 0 
0.0209554 0 0 0 -0.516342 0 
0.0832712 0 0 0 -0.0753372 0 
0.314715 0 0 0 0.733001 0 
0.92714 0 0 0 1.98342 0 
2.23599 0 0 0 3.56895 0 
4.41082 0 0 0 5.28451 0 
7.55958 0 0 0 6.88583 0 
11.1013 0 0 0 8.28714 0 
14.7248 0 0 0 9.32343 0 
17.6823 0 0 0 10.0997 0 
19.7897 0 0 0 10.6245 0 
20.7541 0 0 0 10.86 0 
20.4528 0 0 0 10.8141 0 
18.7025 0 0 0 10.5541 0 
15.9903 0 0 0 9.99714 0 
10.1834 0 0 0 8.23955 0 
7.34737 0 0 0 7.20424 0 
4.58887 0 0 0 5.84623 0 
2.3609 0 0 0 4.21494 0 
0.974472 0 0 0 2.51028 0 
0.321963 0 0 0 1.08867 0 
0.078784 0 0 0 0.0982998 0 
0.0156708 0 0 0 -0.452335 0 
0.0024962 0 0 0 -0.705945 0 
0.000258341 0 0 0 -0.798796 0 
0.000126286 0 0 0 -0.814406 0 
0.000582871 0 0 0 -0.799279 0 
0.000478952 0 0 0 -0.775877 0 
0.000168299 0 0 0 -0.755905 0 
0.00102637 0 0 0 -0.742953 0 
0.000442743 0 0 0 -0.740107 0 
0.000736287 0 0 0 -0.747018 0 
0.000994561 0 0 0 -0.762865 0 
0.000164557 0 0 0 -0.785797 0 
0.000121761 0 0 0 -0.807471 0 
0.000142684 0 0 0 -0.813695 0 
0.000841128 0 0 0 -0.775321 0 
0.0102771 0 0 0 -0.635564 0 
0.0419648 0 0 0 -0.297569 0 
0.180605 0 0 0 0.353918 0 
0.584957 0 0 0 1.40618 0 
1.47847 0 0 0 2.82014 0 
3.07767 0 0 0 4.42047 0 
5.41913 0 0 0 5.93623 0 
8.21643 0 0 0 7.23638 0 
10.9266 0 0 0 8.24324 0 
13.2208 0 0 0 8.91779 0 
14.5827 0 0 0 9.33948 0 
14.9421 0 0 0 9.47214 0 
14.3432 0 0 0 9.349 0 
12.6656 0 0 0 8.9345 0 
10.2499 0 0 0 8.17812 0 
5.64773 0 0 0 6.17495 0 
3.69859 0 0 0 5.04332 0 
2.01846 0 0 0 3.67904 0 
0.888722 0 0 0 2.25654 0 
0.304028 0 0 0 0.979839 0 
0.0822094 0 0 0 0.0705413 0 
0.0159242 0 0 0 -0.457374 0 
0.00351483 0 0 0 -0.711385 0 
0.000386579 0 0 0 -0.801842 0 
0.000202762 0 0 0 -0.813167 0 
0.000262107 0 0 0 -0.791416 0 
0.000396013 0 0 0 -0.760465 0 
0.00024963 0 0 0 -0.731774 0 
0.000305826 0 0 0 -0.710292 0 
6.53521e-05 0 0 0 -0.699287 0 
0.000773326 0 0 0 -0.69843 0 
0.000213677 0 0 0 -0.708757 0 
7.15008e-05 0 0 0 -0.728352 0 
0.000360601 0 0 0 -0.756711 0 
0.000959528 0 0 0 -0.788037 0 
2.68443e-05 0 0 0 -0.81161 0 
0.000288394 0 0 0 -0.806503 0 
0.0021943 0 0 0 -0.730218 0 
0.0192427 0 0 0 -0.512814 0 
0.0819475 0 0 0 -0.0397804 0 
0.299255 0 0 0 0.773695 0 
0.826197 0 0 0 1.91189 0 
1.87198 0 0 0 3.28991 0 
3.38865 0 0 0 4.66371 0 
5.34535 0 0 0 5.8389 0 
7.22341 0 0 0 6.80845 0 
8.73497 0 0 0 7.42955 0 
9.71561 0 0 0 7.75026 0 
9.79139 0 0 0 7.76062 0 
8.99872 0 0 0 7.56023 0 
7.5809 0 0 0 6.99151 0 
5.65474 0 0 0 6.18269 0 
2.70851 0 0 0 4.07107 0 
1.59337 0 0 0 3.0187 0 
0.75079 0 0 0 1.89356 0 
0.277246 0 0 0 0.842527 0 
0.0835568 0 0 0 0.0441803 0 
0.0184365 0 0 0 -0.45741 0 
0.00283341 0 0 0 -0.708123 0 
0.000363972 0 0 0 -0.80166 0 
0.00014539 0 0 0 -0.812777 0 
0.000814029 0 0 0 -0.78747 0 
0.000345803 0 0 0 -0.750576 0 
0.000136177 0 0 0 -0.714734 0 
0.000235227 0 0 0 -0.685648 0 
0.000464136 0 0 0 -0.665758 0 
0.000449467 0 0 0 -0.655962 0 
0.00079143 0 0 0 -0.657536 0 
0.000902624 0 0 0 -0.669068 0 
0.00069019 0 0 0 -0.690627 0 
0.000633415 0 0 0 -0.722039 0 
0.000183742 0 0 0 -0.758397 0 
8.31531e-07 0 0 0 -0.794244 0 
0.000164651 0 0 0 -0.814594 0 
0.000629053 0 0 0 -0.791171 0 
0.00810427 0 0 0 -0.673561 0 
0.0301749 0 0 0 -0.386213 0 
0.122214 0 0 0 0.156719 0 
0.362724 0 0 0 1.00786 0 
0.905576 0 0 0 2.08196 0 
1.80821 0 0 0 3.23485 0 
2.99502 0 0 0 4.27229 0 
4.18439 0 0 0 5.10976 0 
5.12013 0 0 0 5.65571 0 
5.60864 0 0 0 5.88898 0 
5.51593 0 0 0 5.87064 0 
4.94455 0 0 0 5.55641 0 
3.91151 0 0 0 4.94513 0 
2.69902 0 0 0 4.08664 0 
1.13785 0 0 0 2.283 0 
0.595388 0 0 0 1.45449 0 
0.251934 0 0 0 0.649354 0 
0.0839821 0 0 0 -0.0158518 0 
0.0207619 0 0 0 -0.455223 0 
0.0037641 0 0 0 -0.698662 0 
0.000110951 0 0 0 -0.797704 0 
0.00033157 0 0 0 -0.813592 0 
0.000518488 0 0 0 -0.788907 0 
0.000300019 0 0 0 -0.74872 0 
0.000306474 0 0 0 -0.707813 0 
0.000521187 0 0 0 -0.671505 0 
0.000520936 0 0 0 -0.643889 0 
8.74322e-05 0 0 0 -0.625892 0 
0.000922401 0 0 0 -0.617562 0 
0.000509981 0 0 0 -0.619895 0 
0.000803574 0 0 0 -0.631953 0 
0.000399818 0 0 0 -0.653689 0 
0.000554312 0 0 0 -0.685024 0 
0.000820955 0 0 0 -0.723381 0 
0.000291007 0 0 0 -0.765048 0 
0.000768708 0 0 0 -0.801287 0 
4.61354e-05 0 0 0 -0.814253 0 
0.000805815 0 0 0 -0.772675 0 
0.00879321 0 0 0 -0.625821 0 
0.0381664 0 0 0 -0.311664 0 
0.140668 0 0 0 0.22184 0 
0.351299 0 0 0 0.964914 0 
0.768022 0 0 0 1.8319 0 
1.35804 0 0 0 2.65564 0 
2.02987 0 0 0 3.32969 0 
2.52436 0 0 0 3.79505 0 
2.77883 0 0 0 4.00123 0 
2.74398 0 0 0 3.9248 0 
2.31887 0 0 0 3.59019 0 
1.74626 0 0 0 3.01617 0 
1.12697 0 0 0 2.27734 0 
0.408301 0 0 0 0.962374 0 
0.201981 0 0 0 0.398054 0 
0.0760032 0 0 0 -0.0949726 0 
0.0240147 0 0 0 -0.46388 0 
0.00638234 0 0 0 -0.686557 0 
0.000482585 0 0 0 -0.790082 0 
0.000566975 0 0 0 -0.81474 0 
0.000153861 0 0 0 -0.794693 0 
0.000667207 0 0 0 -0.755443 0 
0.000706204 0 0 0 -0.711143 0 
0.000106582 0 0 0 -0.669317 0 
0.000477095 0 0 0 -0.635606 0 
0.000517793 0 0 0 -0.609341 0 
8.95692e-05 0 0 0 -0.592214 0 
0.000222803 0 0 0 -0.585179 0 
0.000328998 0 0 0 -0.587202 0 
0.000514878 0 0 0 -0.598077 0 
0.000421708 0 0 0 -0.619125 0 
0.000348681 0 0 0 -0.648602 0 
0.00079814 0 0 0 -0.68593 0 
0.000712281 0 0 0 -0.729045 0 
0.00020284 0 0 0 -0.77275 0 
0.000361596 0 0 0 -0.806189 0 
0.000244189 0 0 0 -0.812016 0 
0.000878445 0 0 0 -0.76103 0 
0.00930507 0 0 0 -0.611989 0 
0.0356349 0 0 0 -0.325096 0 
0.117039 0 0 0 0.113918 0 
0.265409 0 0 0 0.670534 0 
0.497479 0 0 0 1.2549 0 
0.762874 0 0 0 1.76815 0 
1.02244 0 0 0 2.11982 0 
1.14229 0 0 0 2.25497 0 
1.13827 0 0 0 2.1829 0 
0.954649 0 0 0 1.92317 0 
0.695615 0 0 0 1.4993 0 
0.418882 0 0 0 0.961193 0 
0.141267 0 0 0 0.122302 0 
0.0694707 0 0 0 -0.210483 0 
0.0230414 0 0 0 -0.485171 0 
0.00715896 0 0 0 -0.676619 0 
0.00147964 0 0 0 -0.779687 0 
5.9715e-05 0 0 0 -0.814083 0 
0.00027876 0 0 0 -0.803443 0 
3.04289e-05 0 0 0 -0.768943 0 
0.000894089 0 0 0 -0.724612 0 
0.000482227 0 0 0 -0.679983 0 
0.000869605 0 0 0 -0.640172 0 
0.000675462 0 0 0 -0.607768 0 
0.00102565 0 0 0 -0.582848 0 
0.000547242 0 0 0 -0.566769 0 
0.00104761 0 0 0 -0.559435 0 
7.88239e-06 0 0 0 -0.559824 0 
0.00038567 0 0 0 -0.56985 0 
0.000165674 0 0 0 -0.587603 0 
0.000890183 0 0 0 -0.61451 0 
0.0006499 0 0 0 -0.648978 0 
0.000252496 0 0 0 -0.689718 0 
6.31782e-05 0 0 0 -0.734361 0 
0.000345971 0 0 0 -0.777612 0 
6.19243e-05 0 0 0 -0.80833 0 
0.000105643 0 0 0 -0.811291 0 
0.00125722 0 0 0 -0.763059 0 
0.00838606 0 0 0 -0.640081 0 
0.0242572 0 0 0 -0.422404 0 
0.0653816 0 0 0 -0.119084 0 
0.143826 0 0 0 0.229835 0 
0.253195 0 0 0 0.554976 0 
0.34128 0 0 0 0.799061 0 
0.411169 0 0 0 0.916345 0 
0.398308 0 0 0 0.89433 0 
0.339177 0 0 0 0.729431 0 
0.24383 0 0 0 0.446635 0 
0.142044 0 0 0 0.119142 0 
0.0464122 0 0 0 -0.353669 0 
0.0194301 0 0 0 -0.531556 0 
0.00647063 0 0 0 -0.675276 0 
0.00180162 0 0 0 -0.768076 0 
0.000260831 0 0 0 -0.80992 0 
1.28875e-05 0 0 0 -0.811195 0 
0.000204836 0 0 0 -0.785521 0 
0.00124862 0 0 0 -0.746143 0 
0.000299633 0 0 0 -0.701614 0 
0.000679154 0 0 0 -0.658816 0 
0.000250477 0 0 0 -0.620626 0 
9.12089e-05 0 0 0 -0.589355 0 
0.000448083 0 0 0 -0.565006 0 
0.00025717 0 0 0 -0.549244 0 
0.00070531 0 0 0 -0.540581 0 
0.00141804 0 0 0 -0.540085 0 
0.000591672 0 0 0 -0.547163 0 
0.000316877 0 0 0 -0.56207 0 
0.000227618 0 0 0 -0.584237 0 
0.00021303 0 0 0 -0.614321 0 
0.000441777 0 0 0 -0.651239 0 
0.000319171 0 0 0 -0.693095 0 
0.000223307 0 0 0 -0.737357 0 
0.00038504 0 0 0 -0.778479 0 
0.000308845 0 0 0 -0.807717 0 
0.000138881 0 0 0 -0.812977 0 
0.000714413 0 0 0 -0.779176 0 
0.00518258 0 0 0 -0.694718 0 
0.0162475 0 0 0 -0.556344 0 
0.0346101 0 0 0 -0.377911 0 
0.0665064 0 0 0 -0.188565 0 
0.0985223 0 0 0 -0.0343904 0 
0.121306 0 0 0 0.0515482 0 
0.128957 0 0 0 0.0535079 0 
0.105966 0 0 0 -0.0285456 0 
0.0785107 0 0 0 -0.174179 0 
0.0491557 0 0 0 -0.355395 0 
0.0139808 0 0 0 -0.599277 0 
0.00636784 0 0 0 -0.68919 0 
0.00203229 0 0 0 -0.758908 0 
0.000378423 0 0 0 -0.802588 0 
0.000151999 0 0 0 -0.814779 0 
7.28225e-05 0 0 0 -0.801772 0 
0.000689618 0 0 0 -0.771543 0 
0.00088404 0 0 0 -0.731388 0 
0.000908837 0 0 0 -0.688856 0 
0.000365145 0 0 0 -0.647999 0 
0.000659876 0 0 0 -0.61137 0 
0.000642577 0 0 0 -0.580717 0 
0.000261136 0 0 0 -0.556358 0 
0.000154434 0 0 0 -0.539455 0 
2.84984e-05 0 0 0 -0.529556 0 
0.000422322 0 0 0 -0.526602 0 
0.0003236 0 0 0 -0.530543 0 
9.33333e-05 0 0 0 -0.541563 0 
0.000439016 0 0 0 -0.559449 0 
0.00104043 0 0 0 -0.584504 0 
0.000125131 0 0 0 -0.61552 0 
0.000218176 0 0 0 -0.652205 0 
0.000467351 0 0 0 -0.694015 0 
0.000376833 0 0 0 -0.736718 0 
0.000237185 0 0 0 -0.775163 0 
0.000125609 0 0 0 -0.804274 0 
0.000112316 0 0 0 -0.814768 0 
0.000603987 0 0 0 -0.798641 0 
0.00234328 0 0 0 -0.751535 0 
0.00655262 0 0 0 -0.675622 0 
0.0133538 0 0 0 -0.582458 0 
0.0253429 0 0 0 -0.497349 0 
0.0341883 0 0 0 -0.435054 0 
0.0361804 0 0 0 -0.417588 0 
0.0349634 0 0 0 -0.446203 0 
0.0241056 0 0 0 -0.51324 0 
0.0141469 0 0 0 -0.599814 0 
0.00541043 0 0 0 -0.717253 0 
0.00268858 0 0 0 -0.75974 0 
0.000852498 0 0 0 -0.793876 0 
3.60113e-05 0 0 0 -0.812436 0 
0.000138917 0 0 0 -0.81242 0 
0.000416877 0 0 0 -0.795378 0 
0.00123751 0 0 0 -0.765088 0 
0.000719723 0 0 0 -0.72747 0 
0.000376291 0 0 0 -0.687102 0 
0.00064359 0 0 0 -0.64811 0 
0.000523933 0 0 0 -0.61232 0 
0.00025797 0 0 0 -0.581447 0 
0.000119279 0 0 0 -0.556552 0 
0.00026021 0 0 0 -0.537968 0 
0.00082512 0 0 0 -0.525651 0 
0.000881523 0 0 0 -0.51945 0 
0.000714212 0 0 0 -0.520153 0 
0.000179671 0 0 0 -0.526236 0 
0.000772307 0 0 0 -0.539756 0 
5.10487e-05 0 0 0 -0.55838 0 
0.000767774 0 0 0 -0.584383 0 
0.000961973 0 0 0 -0.615922 0 
0.000363969 0 0 0 -0.651562 0 
0.000790829 0 0 0 -0.691131 0 
0.000471593 0 0 0 -0.731004 0 
0.000635696 0 0 0 -0.768119 0 
0.000154067 0 0 0 -0.797302 0 
0.000383847 0 0 0 -0.813278 0 
0.000169455 0 0 0 -0.811578 0 
0.000977844 0 0 0 -0.790808 0 
0.00336773 0 0 0 -0.754467 0 
0.00695299 0 0 0 -0.711882 0 
0.00738787 0 0 0 -0.674351 0 
0.0099304 0 0 0 -0.653137 0 
0.0119313 0 0 0 -0.655115 0 
0.00845575 0 0 0 -0.677445 0 
0.00615271 0 0 0 -0.716887 0 
0.00199755 0 0 0 -0.769407 0 
0.00131578 0 0 0 -0.788342 0 
0.000264259 0 0 0 -0.805436 0 
0.00017717 0 0 0 -0.814451 0 
0.000241241 0 0 0 -0.811025 0 
0.000676769 0 0 0 -0.795065 0 
0.000750785 0 0 0 -0.768262 0 
0.000675371 0 0 0 -0.73398 0 
0.000707948 0 0 0 -0.696336 0 
0.000388301 0 0 0 -0.658738 0 
0.000102001 0 0 0 -0.623608 0 
0.000239029 0 0 0 -0.592287 0 
0.00106813 0 0 0 -0.565381 0 
0.000116391 0 0 0 -0.544072 0 
0.000312315 0 0 0 -0.528837 0 
0.00014409 0 0 0 -0.519218 0 
0.000197657 0 0 0 -0.51555 0 
0.000316587 0 0 0 -0.517331 0 
0.000251316 0 0 0 -0.525183 0 
0.000510082 0 0 0 -0.539097 0 
9.21406e-05 0 0 0 -0.558411 0 
0.000646367 0 0 0 -0.583285 0 
0.000887409 0 0 0 -0.61348 0 
0.000858701 0 0 0 -0.647703 0 
0.000563488 0 0 0 -0.685408 0 
0.000524143 0 0 0 -0.722928 0 
0.000175625 0 0 0 -0.758174 0 
0.000607503 0 0 0 -0.7876 0 
3.88691e-05 0 0 0 -0.80732 0 
0.000182903 0 0 0 -0.814799 0 
0.000295139 0 0 0 -0.809454 0 
0.00068075 0 0 0 -0.793829 0 
0.00175684 0 0 0 -0.774159 0 
0.00222444 0 0 0 -0.757755 0 
0.00262297 0 0 0 -0.750258 0 
0.00260994 0 0 0 -0.754067 0 
0.00196617 0 0 0 -0.7688 0 
0.00109306 0 0 0 -0.789689 0 
0.00134842 0 0 0 -0.798486 0 
0.000269956 0 0 0 -0.808274 0 
9.44929e-05 0 0 0 -0.814301 0 
0.000162466 0 0 0 -0.812835 0 
0.000122261 0 0 0 -0.801248 0 
0.00062673 0 0 0 -0.780073 0 
0.000540908 0 0 0 -0.750383 0 
0.000576579 0 0 0 -0.716636 0 
0.000201222 0 0 0 -0.680662 0 
0.00079624 0 0 0 -0.645172 0 
0.00025358 0 0 0 -0.611607 0 
0.000554034 0 0 0 -0.582664 0 
0.000349 0 0 0 -0.558418 0 
0.000280611 0 0 0 -0.538966 0 
0.000117561 0 0 0 -0.525287 0 
0.000367164 0 0 0 -0.516852 0 
0.000312185 0 0 0 -0.514011 0 
0.00046526 0 0 0 -0.516695 0 
0.000506338 0 0 0 -0.52528 0 
0.000329483 0 0 0 -0.538405 0 
0.000218645 0 0 0 -0.557642 0 
0.000500735 0 0 0 -0.581712 0 
0.000631332 0 0 0 -0.610631 0 
0.000674284 0 0 0 -0.643199 0 
0.000537959 0 0 0 -0.678658 0 
0.000274944 0 0 0 -0.715141 0 
0.000376745 0 0 0 -0.748832 0 
0.000476805 0 0 0 -0.778733 0 
0.000369003 0 0 0 -0.800558 0 
0.000376971 0 0 0 -0.812402 0 
0.000189996 0 0 0 -0.814462 0 
0.000510703 0 0 0 -0.808418 0 
0.000501611 0 0 0 -0.798882 0 
0.000971474 0 0 0 -0.79004 0 
0.00159669 0 0 0 -0.78628 0 
0.000883442 0 0 0 -0.789325 0 
0.000828934 0 0 0 -0.795353 0 
0.000558306 0 0 0 -0.797926 0 
0.000236306 0 0 0 -0.804342 0 
0.000183882 0 0 0 -0.811578 0 
0.000101931 0 0 0 -0.81482 0 
0.000155338 0 0 0 -0.810566 0 
0.00113926 0 0 0 -0.797089 0 
6.90254e-05 0 0 0 -0.774524 0 
0.00104848 0 0 0 -0.745467 0 
0.000349883 0 0 0 -0.711776 0 
0.000584693 0 0 0 -0.675757 0 
0.000519122 0 0 0 -0.641256 0 
0.000438794 0 0 0 -0.608806 0 
0.000726522 0 0 0 -0.580523 0 
0.000235089 0 0 0 -0.556493 0 
0.000242707 0 0 0 -0.537909 0 
0.000195701 0 0 0 -0.524404 0 
0.000596826 0 0 0 -0.516781 0 
0.000252669 0 0 0 -0.51355 0 
0.000573929 0 0 0 -0.51671 0 
0.000829922 0 0 0 -0.524712 0 
0.000822014 0 0 0 -0.538183 0 
0.000178442 0 0 0 -0.556773 0 
0.000129118 0 0 0 -0.580543 0 
0.000142229 0 0 0 -0.608941 0 
0.000627933 0 0 0 -0.641201 0 
0.000756938 0 0 0 -0.676089 0 
0.00106812 0 0 0 -0.711563 0 
4.34955e-05 0 0 0 -0.745195 0 
0.000650161 0 0 0 -0.774842 0 
0.000483801 0 0 0 -0.797134 0 
0.000309982 0 0 0 -0.810657 0 
8.19382e-05 0 0 0 -0.81482 0 
0.000174473 0 0 0 -0.811627 0 
0.000570801 0 0 0 -0.804548 0 
0.000980386 0 0 0 -0.798072 0 
0.000500417 0 0 0 -0.79508 0 
