14.9389 0 0 13.6622 6.44198 -33.4612 
14.3182 0 0 13.6627 6.30067 -33.3428 
12.5708 0 0 13.6647 5.90777 -32.9829 
9.95761 0 0 13.658 5.14209 -32.365 
6.8994 0 0 13.6346 4.07989 -31.5025 
3.99388 0 0 13.5789 2.69613 -30.4174 
1.79073 0 0 13.4669 1.12741 -29.1439 
0.558277 0 0 13.267 -0.438136 -27.7207 
0.105544 0 0 12.9841 -1.60972 -26.2639 
0.0169375 0 0 12.6556 -2.2136 -24.9077 
0.0146403 0 0 12.3193 -2.39129 -23.7187 
0.0179806 0 0 12.007 -2.35151 -22.7411 
0.0188549 0 0 11.7274 -2.24159 -21.935 
0.0179186 0 0 11.4935 -2.1225 -21.3006 
0.0208239 0 0 11.3023 -2.02152 -20.8201 
0.01866 0 0 11.1509 -1.94181 -20.4447 
0.0200604 0 0 11.0436 -1.88622 -20.1937 
0.0212371 0 0 10.9827 -1.85464 -20.05 
0.0196525 0 0 10.9598 -1.84433 -19.9964 
0.0213344 0 0 10.9814 -1.85452 -20.0491 
0.0191931 0 0 11.0456 -1.88704 -20.1966 
0.0187513 0 0 11.1483 -1.94165 -20.4411 
0.0206527 0 0 11.3012 -2.02168 -20.8158 
0.0209878 0 0 11.4947 -2.12328 -21.3087 
0.018765 0 0 11.7291 -2.24065 -21.9372 
0.019363 0 0 12.0043 -2.35197 -22.7305 
0.0161748 0 0 12.3185 -2.39087 -23.722 
0.0200041 0 0 12.6587 -2.21662 -24.9061 
0.107663 0 0 12.9862 -1.60792 -26.2658 
0.555737 0 0 13.2647 -0.447964 -27.7129 
1.7809 0 0 13.4635 1.12171 -29.1403 
4.01943 0 0 13.5797 2.68889 -30.4213 
6.92385 0 0 13.6386 4.09077 -31.5151 
9.95442 0 0 13.659 5.13799 -32.3609 
12.5479 0 0 13.6631 5.90765 -32.9827 
14.2876 0 0 13.6598 6.30558 -33.3359 
14.9131 0 0 13.6647 6.47199 -33.4744 
14.3631 0 0 13.6891 6.29969 -33.4122 
13.1577 0 0 13.7243 6.06791 -33.1632 
10.958 0 0 13.7548 5.48262 -32.6637 
8.14681 0 0 13.7754 4.57117 -31.9222 
5.15569 0 0 13.7692 3.30678 -30.9406 
2.59114 0 0 13.7164 1.77162 -29.7603 
0.937159 0 0 13.5824 0.150159 -28.4179 
0.22106 0 0 13.3445 -1.2452 -26.9798 
0.0348269 0 0 13.0264 -2.09005 -25.5822 
0.0159722 0 0 12.6742 -2.40844 -24.3276 
0.0179364 0 0 12.3275 -2.42598 -23.2674 
0.0233226 0 0 12.011 -2.32548 -22.3944 
0.0219167 0 0 11.7303 -2.19822 -21.6819 
0.0217063 0 0 11.4926 -2.08109 -21.115 
0.0210936 0 0 11.3004 -1.98723 -20.685 
0.0183697 0 0 11.1489 -1.91706 -20.3604 
0.0196948 0 0 11.0454 -1.87081 -20.1584 
0.0192642 0 0 10.9804 -1.84697 -20.0454 
0.0200117 0 0 10.962 -1.84521 -20.0394 
0.0189587 0 0 10.9826 -1.86385 -20.1209 
0.0192888 0 0 11.0449 -1.90433 -20.3107 
0.0203182 0 0 11.1525 -1.9675 -20.6093 
0.0191053 0 0 11.3024 -2.05466 -21.0266 
0.0179584 0 0 11.4926 -2.16195 -21.5803 
0.0202458 0 0 11.7304 -2.27715 -22.3014 
0.013831 0 0 12.0068 -2.35941 -23.1905 
0.0111889 0 0 12.3166 -2.31349 -24.2874 
0.0338728 0 0 12.6388 -1.95601 -25.5807 
0.238516 0 0 12.9451 -1.09783 -27.0085 
0.987474 0 0 13.1921 0.247066 -28.4591 
2.64516 0 0 13.3675 1.83238 -29.8355 
5.17579 0 0 13.4845 3.30008 -31.0333 
8.09567 0 0 13.56 4.56776 -32.0235 
10.9053 0 0 13.5996 5.42665 -32.7322 
13.1052 0 0 13.6335 6.02245 -33.2127 
14.3175 0 0 13.66 6.29909 -33.4349 
14.3339 0 0 13.6903 6.3217 -33.4176 
12.6388 0 0 13.779 5.91065 -33.2784 
11.0395 0 0 13.8451 5.49946 -32.8946 
8.61022 0 0 13.9037 4.72807 -32.2616 
5.78767 0 0 13.9474 3.64555 -31.4044 
3.15103 0 0 13.9518 2.23027 -30.3376 
1.28947 0 0 13.887 0.591049 -29.0867 
0.348949 0 0 13.7061 -0.929492 -27.6994 
0.0619176 0 0 13.4199 -1.96204 -26.3177 
0.0156034 0 0 13.0576 -2.42384 -25.0076 
0.0193007 0 0 12.6836 -2.5033 -23.8729 
0.0229097 0 0 12.3296 -2.41517 -22.9285 
0.0216212 0 0 12.0089 -2.2809 -22.1464 
0.0215486 0 0 11.7334 -2.14975 -21.5229 
0.021233 0 0 11.4941 -2.03864 -21.024 
0.0213872 0 0 11.3014 -1.95437 -20.6417 
0.0195143 0 0 11.1506 -1.89347 -20.366 
0.0204077 0 0 11.0452 -1.85686 -20.1964 
0.0171585 0 0 10.981 -1.84103 -20.1192 
0.0189323 0 0 10.9604 -1.84625 -20.1444 
0.0165531 0 0 10.9813 -1.87209 -20.2643 
0.0166249 0 0 11.0456 -1.92029 -20.4966 
0.0165205 0 0 11.1553 -1.99274 -20.8472 
0.0157352 0 0 11.3 -2.08538 -21.3131 
0.0171628 0 0 11.4948 -2.19679 -21.94 
0.0153525 0 0 11.7315 -2.30507 -22.7361 
0.0143149 0 0 12.0047 -2.35406 -23.7235 
0.00808953 0 0 12.3075 -2.2194 -24.9138 
0.0560342 0 0 12.624 -1.70079 -26.2971 
0.378672 0 0 12.9107 -0.678629 -27.7589 
1.33274 0 0 13.142 0.750179 -29.1943 
3.17041 0 0 13.3161 2.28137 -30.5008 
5.69613 0 0 13.4404 3.62152 -31.5836 
8.44524 0 0 13.5268 4.68244 -32.4223 
10.8856 0 0 13.5978 5.4809 -33.0273 
12.5467 0 0 13.6575 5.90389 -33.3524 
13.1601 0 0 13.7149 6.06233 -33.4339 
12.6264 0 0 13.781 5.95232 -33.2929 
10.0873 0 0 13.9314 5.24749 -33.0727 
8.20003 0 0 14.0317 4.6502 -32.5597 
5.84422 0 0 14.1199 3.68348 -31.8197 
3.40067 0 0 14.1811 2.41299 -30.8771 
1.48776 0 0 14.1772 0.867263 -29.7361 
0.432973 0 0 14.0668 -0.688066 -28.4442 
0.0718138 0 0 13.8197 -1.86132 -27.0707 
0.0156661 0 0 13.4703 -2.44378 -25.7484 
0.0204236 0 0 13.0798 -2.58345 -24.5648 
0.0241081 0 0 12.6959 -2.51012 -23.5605 
0.0236226 0 0 12.3339 -2.36796 -22.7101 
0.0241438 0 0 12.013 -2.22194 -22.0184 
0.0210299 0 0 11.7313 -2.09536 -21.4495 
0.0199319 0 0 11.4973 -1.99585 -21.0106 
0.0173056 0 0 11.3046 -1.9216 -20.676 
0.0196476 0 0 11.1539 -1.87017 -20.44 
0.0175789 0 0 11.046 -1.84115 -20.3005 
0.0155883 0 0 10.9815 -1.83328 -20.2565 
0.0159345 0 0 10.9604 -1.84492 -20.3128 
0.0164867 0 0 10.9839 -1.87774 -20.4757 
0.0174601 0 0 11.0486 -1.93293 -20.745 
0.018489 0 0 11.1539 -2.01083 -21.1377 
0.0190218 0 0 11.3035 -2.10972 -21.6684 
0.0194887 0 0 11.4952 -2.22366 -22.3489 
0.0187095 0 0 11.7309 -2.32642 -23.2258 
0.0151742 0 0 12.0057 -2.34884 -24.2939 
0.00664914 0 0 12.307 -2.1486 -25.5673 
0.06758 0 0 12.6181 -1.52715 -27.0107 
0.429695 0 0 12.8949 -0.414546 -28.4786 
1.49619 0 0 13.125 0.970982 -29.8526 
3.28811 0 0 13.3031 2.40595 -31.0665 
5.61747 0 0 13.4407 3.61383 -32.0313 
7.92639 0 0 13.5508 4.54215 -32.7451 
9.81047 0 0 13.6488 5.19544 -33.2058 
10.8979 0 0 13.7389 5.52126 -33.3979 
10.9894 0 0 13.8335 5.50253 -33.3464 
10.0436 0 0 13.9284 5.22687 -33.0575 
7.01819 0 0 14.1491 4.23571 -32.7822 
5.25469 0 0 14.2749 3.40731 -32.15 
3.22993 0 0 14.3954 2.32585 -31.3499 
1.50967 0 0 14.4495 0.887367 -30.3149 
0.456263 0 0 14.4099 -0.595281 -29.1371 
0.0747474 0 0 14.2185 -1.8122 -27.8269 
0.0163021 0 0 13.9006 -2.47621 -26.5304 
0.0219489 0 0 13.5028 -2.66617 -25.3054 
0.0283969 0 0 13.0931 -2.60497 -24.2482 
0.0289587 0 0 12.7022 -2.45651 -23.3496 
0.0258894 0 0 12.3398 -2.29679 -22.5955 
0.0227344 0 0 12.0159 -2.15446 -21.9698 
0.0203353 0 0 11.7331 -2.0387 -21.461 
0.0189402 0 0 11.498 -1.94972 -21.0633 
0.0163234 0 0 11.305 -1.88553 -20.7681 
0.0173581 0 0 11.1527 -1.84281 -20.5641 
0.0160145 0 0 11.0459 -1.8212 -20.456 
0.0168975 0 0 10.9835 -1.8188 -20.4404 
0.0181523 0 0 10.9637 -1.83701 -20.5349 
0.0170346 0 0 10.9826 -1.87496 -20.7233 
0.0174234 0 0 11.0484 -1.9345 -21.0337 
0.0186557 0 0 11.1537 -2.01721 -21.4622 
0.0232778 0 0 11.3033 -2.12136 -22.0442 
0.0257301 0 0 11.4987 -2.23983 -22.7925 
0.0268962 0 0 11.7345 -2.34155 -23.7272 
0.0215145 0 0 12.0124 -2.35412 -24.8705 
0.0056303 0 0 12.3121 -2.13325 -26.19 
0.0485215 0 0 12.621 -1.48638 -27.6595 
0.401057 0 0 12.9022 -0.406538 -29.0987 
1.29649 0 0 13.137 0.920095 -30.4156 
2.8437 0 0 13.3314 2.2368 -31.523 
4.81536 0 0 13.4882 3.33058 -32.3732 
6.64759 0 0 13.6275 4.12381 -32.9558 
7.97464 0 0 13.759 4.65183 -33.2878 
8.58309 0 0 13.8843 4.80821 -33.3475 
8.25315 0 0 14.012 4.65892 -33.1731 
7.03845 0 0 14.1522 4.24709 -32.7913 
4.10308 0 0 14.4315 2.91713 -32.4457 
2.65814 0 0 14.5864 1.93097 -31.736 
1.30935 0 0 14.7069 0.717092 -30.8627 
0.427777 0 0 14.7263 -0.65833 -29.783 
0.0733292 0 0 14.5996 -1.82636 -28.5712 
0.0113932 0 0 14.3213 -2.51893 -27.3005 
0.0255719 0 0 13.9411 -2.74283 -26.0882 
0.0309294 0 0 13.5191 -2.69583 -24.9899 
0.0313845 0 0 13.1002 -2.54319 -24.0451 
0.0289702 0 0 12.7035 -2.3709 -23.233 
0.0262926 0 0 12.3422 -2.21365 -22.5609 
0.0221966 0 0 12.0149 -2.08241 -21.9872 
0.0210815 0 0 11.7395 -1.97914 -21.5366 
0.0171197 0 0 11.4975 -1.90009 -21.1699 
0.0171174 0 0 11.3043 -1.84558 -20.9049 
0.0141734 0 0 11.1566 -1.81049 -20.733 
0.0143427 0 0 11.0488 -1.79498 -20.6531 
0.0140277 0 0 10.9843 -1.79718 -20.6657 
0.0156153 0 0 10.9623 -1.81894 -20.7786 
0.0139017 0 0 10.9847 -1.86042 -21.0013 
0.0155518 0 0 11.0492 -1.92367 -21.3424 
0.0222377 0 0 11.1557 -2.00927 -21.8114 
0.0267008 0 0 11.3067 -2.1172 -22.4324 
0.0323252 0 0 11.5001 -2.23879 -23.2178 
0.0332755 0 0 11.7378 -2.34736 -24.1916 
0.0289291 0 0 12.0155 -2.3735 -25.3647 
0.0118666 0 0 12.322 -2.18326 -26.7199 
0.0234771 0 0 12.6359 -1.6063 -28.1772 
0.262164 0 0 12.9319 -0.621086 -29.5967 
0.94883 0 0 13.1843 0.576199 -30.8437 
2.14773 0 0 13.4015 1.75864 -31.8522 
3.57612 0 0 13.5853 2.68709 -32.5741 
4.84561 0 0 13.7621 3.39969 -33.0587 
5.66957 0 0 13.9242 3.77532 -33.2595 
5.86969 0 0 14.0891 3.80469 -33.2137 
5.30327 0 0 14.2609 3.50162 -32.9295 
4.12548 0 0 14.4285 2.90865 -32.4396 
1.87457 0 0 14.7639 1.32105 -32.0576 
0.976983 0 0 14.9273 0.288786 -31.2956 
0.326927 0 0 15.0113 -0.863757 -30.3607 
0.0550932 0 0 14.9513 -1.90749 -29.2563 
0.013962 0 0 14.7243 -2.5735 -28.0555 
0.027282 0 0 14.3781 -2.81078 -26.8681 
0.0391531 0 0 13.9628 -2.77776 -25.7691 
0.0378995 0 0 13.5277 -2.624 -24.7832 
0.0320459 0 0 13.1044 -2.44248 -23.9348 
0.028993 0 0 12.7033 -2.27092 -23.2002 
0.0264378 0 0 12.3407 -2.12564 -22.5797 
0.020667 0 0 12.0169 -2.00784 -22.0619 
0.0166015 0 0 11.7361 -1.91592 -21.6405 
0.0195104 0 0 11.5002 -1.84781 -21.3146 
0.0199543 0 0 11.3075 -1.79973 -21.0786 
0.0154869 0 0 11.1571 -1.77116 -20.9292 
0.0135338 0 0 11.0505 -1.76034 -20.8717 
0.0142574 0 0 10.9838 -1.76602 -20.9028 
0.0130611 0 0 10.9623 -1.79035 -21.0377 
0.0167866 0 0 10.983 -1.83294 -21.2823 
0.0147608 0 0 11.0479 -1.8973 -21.6496 
0.0231635 0 0 11.1571 -1.98337 -22.1476 
0.0274291 0 0 11.3105 -2.09258 -22.7966 
0.0341213 0 0 11.502 -2.21733 -23.5951 
0.0461444 0 0 11.7446 -2.33755 -24.597 
0.0491466 0 0 12.0203 -2.3942 -25.7611 
0.0260257 0 0 12.3362 -2.27816 -27.1093 
0.0073314 0 0 12.664 -1.844 -28.536 
0.0996047 0 0 12.9787 -1.03343 -29.9119 
0.485001 0 0 13.2592 -0.0103087 -31.0986 
1.22051 0 0 13.507 0.993169 -32.0194 
2.16071 0 0 13.7319 1.82226 -32.6605 
2.9136 0 0 13.9446 2.35689 -33.0254 
3.39493 0 0 14.1496 2.56926 -33.1255 
3.31366 0 0 14.3622 2.51764 -32.9998 
2.74591 0 0 14.5671 2.06518 -32.6289 
1.85209 0 0 14.7674 1.32328 -32.0657 
0.549427 0 0 15.1122 -0.292963 -31.6385 
0.185328 0 0 15.2403 -1.21491 -30.8213 
0.0267432 0 0 15.2489 -2.05916 -29.8482 
0.0120957 0 0 15.0923 -2.63385 -28.7544 
0.0341806 0 0 14.7928 -2.86932 -27.6115 
0.0423993 0 0 14.4026 -2.84539 -26.5329 
0.0462373 0 0 13.9721 -2.69734 -25.5442 
0.0382972 0 0 13.531 -2.51149 -24.6644 
0.0346709 0 0 13.1078 -2.33112 -23.8953 
0.0283192 0 0 12.7046 -2.17085 -23.2213 
0.0224941 0 0 12.3446 -2.03975 -22.655 
0.02076 0 0 12.0206 -1.93402 -22.1777 
0.0201699 0 0 11.7372 -1.85226 -21.7819 
0.0152921 0 0 11.5011 -1.79145 -21.4822 
0.0140539 0 0 11.3069 -1.74984 -21.2629 
0.0145997 0 0 11.1552 -1.72572 -21.1312 
0.0132862 0 0 11.0496 -1.71793 -21.0954 
0.0146698 0 0 10.9861 -1.72652 -21.1488 
0.0136909 0 0 10.966 -1.75156 -21.3053 
0.0193595 0 0 10.9847 -1.79379 -21.5618 
0.0176026 0 0 11.0498 -1.8571 -21.9413 
0.0253255 0 0 11.1573 -1.94174 -22.4507 
0.0285169 0 0 11.3097 -2.04931 -23.1016 
0.0400766 0 0 11.5052 -2.17459 -23.9073 
0.0536855 0 0 11.7468 -2.30416 -24.8893 
0.0610403 0 0 12.0303 -2.39864 -26.0311 
0.0548443 0 0 12.3494 -2.37664 -27.3201 
0.0254093 0 0 12.6929 -2.1189 -28.6967 
0.0138155 0 0 13.0363 -1.55763 -30.0172 
0.148277 0 0 13.3526 -0.778959 -31.1453 
0.481816 0 0 13.6473 0.032677 -32.018 
0.966486 0 0 13.9151 0.679786 -32.5841 
1.37641 0 0 14.1738 1.06311 -32.8637 
1.53224 0 0 14.4256 1.18578 -32.897 
1.38693 0 0 14.6706 0.97816 -32.6846 
1.01384 0 0 14.9053 0.457311 -32.2529 
0.55389 0 0 15.1046 -0.306082 -31.6252 
0.0689223 0 0 15.4069 -1.65266 -31.1459 
0.00918099 0 0 15.4715 -2.27315 -30.3044 
0.0214375 0 0 15.3956 -2.71319 -29.3453 
0.0400562 0 0 15.1618 -2.91326 -28.2954 
0.0551644 0 0 14.8256 -2.89793 -27.2692 
0.0534115 0 0 14.4138 -2.76081 -26.2967 
0.0433508 0 0 13.9742 -2.57635 -25.4087 
0.0430877 0 0 13.5357 -2.39077 -24.6142 
0.0355329 0 0 13.1079 -2.22078 -23.9097 
0.0232721 0 0 12.706 -2.07588 -23.2858 
0.0232973 0 0 12.343 -1.95665 -22.7556 
0.0211799 0 0 12.0225 -1.86309 -22.3125 
0.015467 0 0 11.7389 -1.78959 -21.9425 
0.0161036 0 0 11.4991 -1.73526 -21.658 
0.0136968 0 0 11.3041 -1.69799 -21.4571 
0.0124259 0 0 11.158 -1.67724 -21.3464 
0.0128692 0 0 11.0492 -1.67072 -21.3183 
0.0137007 0 0 10.9855 -1.68015 -21.3873 
0.012239 0 0 10.9634 -1.70392 -21.5472 
0.0168769 0 0 10.9878 -1.74575 -21.8223 
0.0178008 0 0 11.0511 -1.80556 -22.2019 
0.0264851 0 0 11.1572 -1.88618 -22.7079 
0.0342322 0 0 11.3088 -1.98894 -23.3471 
0.0402147 0 0 11.5058 -2.1117 -24.1334 
0.0584815 0 0 11.7461 -2.24706 -25.0708 
0.0723661 0 0 12.033 -2.36958 -26.1544 
0.0765299 0 0 12.3605 -2.42982 -27.3637 
0.0640379 0 0 12.7173 -2.34832 -28.6452 
0.0290535 0 0 13.0898 -2.05048 -29.8953 
0.0175906 0 0 13.4532 -1.56951 -30.9684 
0.0906634 0 0 13.7928 -1.00977 -31.7946 
0.249978 0 0 14.1103 -0.565563 -32.3077 
0.390415 0 0 14.4181 -0.290565 -32.5569 
0.427279 0 0 14.7094 -0.284907 -32.532 
0.356833 0 0 14.9865 -0.551302 -32.2729 
0.203993 0 0 15.2291 -1.03107 -31.8085 
0.0685037 0 0 15.4066 -1.65553 -31.1415 
0.00998646 0 0 15.6052 -2.50685 -30.5852 
0.0315549 0 0 15.6045 -2.80292 -29.777 
0.0575851 0 0 15.4644 -2.94521 -28.8702 
0.0654828 0 0 15.1949 -2.93131 -27.9335 
0.0598211 0 0 14.8332 -2.81039 -27.0078 
0.0559631 0 0 14.4177 -2.63713 -26.1419 
0.0475963 0 0 13.9791 -2.45136 -25.3445 
0.0353374 0 0 13.5316 -2.27499 -24.6081 
0.0316643 0 0 13.1094 -2.12061 -23.9636 
0.0263667 0 0 12.7076 -1.98981 -23.3846 
0.023584 0 0 12.3449 -1.88211 -22.8865 
0.0200655 0 0 12.0217 -1.79619 -22.4633 
0.0182427 0 0 11.7374 -1.72921 -22.112 
0.0139102 0 0 11.5008 -1.67976 -21.8471 
0.0126138 0 0 11.3064 -1.6462 -21.6599 
0.0115594 0 0 11.1596 -1.62769 -21.5587 
0.00724186 0 0 11.0473 -1.62126 -21.5309 
0.0124594 0 0 10.9843 -1.63026 -21.6045 
0.0132097 0 0 10.9656 -1.65341 -21.7768 
0.012991 0 0 10.9868 -1.69153 -22.0459 
0.019881 0 0 11.0502 -1.74758 -22.4206 
0.0249019 0 0 11.1579 -1.82247 -22.9154 
0.0280064 0 0 11.3091 -1.91785 -23.5296 
0.0411365 0 0 11.505 -2.03455 -24.2753 
0.0538429 0 0 11.7481 -2.16822 -25.1504 
0.0738993 0 0 12.0352 -2.30513 -26.1544 
0.0910769 0 0 12.3642 -2.41893 -27.2559 
0.089735 0 0 12.7342 -2.46277 -28.4174 
0.0677402 0 0 13.1265 -2.38842 -29.5528 
0.0375003 0 0 13.5261 -2.18291 -30.5584 
0.0170747 0 0 13.9181 -1.89477 -31.348 
0.0192174 0 0 14.2861 -1.63868 -31.8455 
0.0384052 0 0 14.6338 -1.51259 -32.0649 
0.0404477 0 0 14.9607 -1.55623 -32.0224 
0.0248187 0 0 15.249 -1.78004 -31.7467 
0.00824879 0 0 15.476 -2.13034 -31.2567 
0.0123476 0 0 15.6094 -2.506 -30.5947 
0.0556106 0 0 15.7128 -2.88265 -30.0307 
0.0699924 0 0 15.6651 -2.96576 -29.2739 
0.0762082 0 0 15.4935 -2.94669 -28.4731 
0.0726727 0 0 15.2072 -2.84398 -27.6457 
0.0641798 0 0 14.8367 -2.68759 -26.8289 
0.0526845 0 0 14.4191 -2.51099 -26.0504 
0.0443741 0 0 13.9743 -2.33512 -25.319 
0.0393508 0 0 13.5361 -2.1752 -24.6556 
0.0321729 0 0 13.1093 -2.03388 -24.0485 
0.0258224 0 0 12.7088 -1.91324 -23.5036 
0.0251641 0 0 12.347 -1.81562 -23.0337 
0.016345 0 0 12.0195 -1.73609 -22.6238 
0.0155856 0 0 11.7347 -1.67403 -22.287 
0.0121842 0 0 11.4988 -1.62866 -22.033 
0.0123467 0 0 11.3057 -1.59716 -21.8543 
0.0122432 0 0 11.157 -1.57909 -21.7568 
0.00980845 0 0 11.0478 -1.57359 -21.7367 
0.0125794 0 0 10.9849 -1.58112 -21.8117 
0.0158091 0 0 10.9615 -1.60172 -21.9704 
0.0148919 0 0 10.9829 -1.6364 -22.2297 
0.0166214 0 0 11.0497 -1.68753 -22.5954 
0.0241487 0 0 11.1564 -1.75497 -23.0634 
0.0319006 0 0 11.3074 -1.84211 -23.646 
0.0391928 0 0 11.5068 -1.94967 -24.3418 
0.0498209 0 0 11.7464 -2.07443 -25.1437 
0.0749744 0 0 12.0344 -2.21265 -26.0499 
0.0842084 0 0 12.369 -2.35078 -27.0395 
0.0969521 0 0 12.7391 -2.46421 -28.0661 
0.106274 0 0 13.1472 -2.52455 -29.0779 
0.096896 0 0 13.5693 -2.51413 -29.9841 
0.0750619 0 0 13.9957 -2.4461 -30.7112 
0.0500207 0 0 14.408 -2.36765 -31.1954 
0.0355924 0 0 14.7929 -2.34116 -31.4158 
0.0252898 0 0 15.1352 -2.3993 -31.3776 
0.0289648 0 0 15.4197 -2.54623 -31.1027 
0.043083 0 0 15.6241 -2.72293 -30.6501 
0.0604415 0 0 15.7084 -2.88428 -30.0192 
0.0863566 0 0 15.751 -2.96198 -29.5013 
0.0859507 0 0 15.6924 -2.93979 -28.8693 
0.0786742 0 0 15.5002 -2.85548 -28.1647 
0.0728838 0 0 15.2096 -2.72509 -27.4395 
0.0664031 0 0 14.836 -2.56703 -26.7169 
0.0563196 0 0 14.4182 -2.39962 -26.0143 
0.0450433 0 0 13.9782 -2.23813 -25.3483 
0.0393316 0 0 13.5353 -2.09122 -24.729 
0.0311412 0 0 13.1061 -1.9607 -24.1514 
0.0266928 0 0 12.7094 -1.84985 -23.6403 
0.0202162 0 0 12.3432 -1.75849 -23.183 
0.0204107 0 0 12.018 -1.68414 -22.7922 
0.01401 0 0 11.7377 -1.62617 -22.4731 
0.0124407 0 0 11.4979 -1.58235 -22.2191 
0.01456 0 0 11.3065 -1.55234 -22.045 
0.00879576 0 0 11.1551 -1.53438 -21.9441 
0.0143719 0 0 11.0494 -1.52887 -21.9292 
0.00938874 0 0 10.9857 -1.53404 -21.996 
0.0145828 0 0 10.9638 -1.5527 -22.1479 
0.01715 0 0 10.9852 -1.58327 -22.3925 
0.0168328 0 0 11.05 -1.62829 -22.7348 
0.0235526 0 0 11.1583 -1.68934 -23.172 
0.0245371 0 0 11.3071 -1.76614 -23.7008 
0.0367866 0 0 11.5059 -1.86269 -24.341 
0.045264 0 0 11.7478 -1.97701 -25.0728 
0.0646845 0 0 12.0333 -2.1077 -25.8758 
0.0755733 0 0 12.365 -2.24762 -26.7472 
0.0948743 0 0 12.7451 -2.38732 -27.6616 
0.113701 0 0 13.1493 -2.50777 -28.5281 
0.130342 0 0 13.5849 -2.5976 -29.3324 
0.123897 0 0 14.0327 -2.65492 -29.993 
0.113048 0 0 14.4669 -2.68894 -30.4438 
0.0946811 0 0 14.8667 -2.72842 -30.6588 
0.0950731 0 0 15.2287 -2.7842 -30.665 
0.0937128 0 0 15.5099 -2.85939 -30.4438 
0.0903669 0 0 15.6904 -2.9272 -30.0468 
0.0910576 0 0 15.7546 -2.96089 -29.5049 
0.100961 0 0 15.7691 -2.90498 -29.0669 
0.0922529 0 0 15.6942 -2.8442 -28.5287 
0.0848344 0 0 15.5013 -2.74329 -27.9299 
0.0741916 0 0 15.2089 -2.61173 -27.3058 
0.0686908 0 0 14.8401 -2.46231 -26.6634 
0.0561489 0 0 14.4207 -2.30753 -26.0285 
0.0483986 0 0 13.9787 -2.1594 -25.4134 
0.0415711 0 0 13.538 -2.02319 -24.8325 
0.0292146 0 0 13.1086 -1.90228 -24.2865 
0.0298743 0 0 12.7097 -1.799 -23.7919 
0.0185116 0 0 12.3439 -1.71188 -23.349 
0.0163252 0 0 12.0199 -1.64193 -22.9714 
0.0183425 0 0 11.7381 -1.58596 -22.6544 
0.0154393 0 0 11.4994 -1.54327 -22.4064 
0.0106304 0 0 11.3035 -1.51314 -22.224 
0.00816023 0 0 11.1549 -1.49494 -22.1244 
0.014805 0 0 11.0466 -1.48831 -22.0984 
0.00988303 0 0 10.9825 -1.49172 -22.1515 
0.0129983 0 0 10.9631 -1.5066 -22.2936 
0.0164317 0 0 10.9844 -1.5337 -22.5178 
0.0206111 0 0 11.0477 -1.57353 -22.8272 
0.0242433 0 0 11.1556 -1.62642 -23.2258 
0.0281605 0 0 11.3078 -1.69452 -23.7172 
0.0346057 0 0 11.5029 -1.77976 -24.2876 
0.0350861 0 0 11.7442 -1.88172 -24.939 
0.0594348 0 0 12.0288 -2.00011 -25.6563 
0.0661412 0 0 12.3646 -2.13343 -26.4293 
0.078972 0 0 12.7405 -2.27298 -27.2225 
0.111301 0 0 13.1512 -2.41138 -27.9899 
0.119977 0 0 13.5838 -2.5383 -28.6842 
0.133884 0 0 14.0394 -2.64644 -29.2792 
0.142301 0 0 14.4884 -2.73457 -29.7077 
0.130129 0 0 14.9013 -2.80486 -29.9391 
0.123519 0 0 15.2557 -2.86286 -29.9676 
0.118162 0 0 15.539 -2.90395 -29.8215 
0.111117 0 0 15.7156 -2.92224 -29.5087 
0.098506 0 0 15.7682 -2.90405 -29.0621 
0.101276 0 0 15.7671 -2.80423 -28.7102 
0.0951436 0 0 15.6952 -2.73739 -28.2755 
0.0829604 0 0 15.5017 -2.63841 -27.774 
0.0779368 0 0 15.2074 -2.51548 -27.2264 
0.065605 0 0 14.8406 -2.37912 -26.6583 
0.0539045 0 0 14.4203 -2.23729 -26.0779 
0.0472269 0 0 13.9765 -2.09932 -25.5051 
0.0435261 0 0 13.5384 -1.97301 -24.9599 
0.0336676 0 0 13.1087 -1.85836 -24.4366 
0.027719 0 0 12.7113 -1.76019 -23.9614 
0.0246302 0 0 12.3451 -1.6768 -23.5288 
0.018734 0 0 12.0194 -1.60764 -23.151 
0.0175501 0 0 11.7362 -1.55348 -22.8361 
0.0156869 0 0 11.5002 -1.51231 -22.5882 
0.0138092 0 0 11.3058 -1.48184 -22.4067 
0.0104303 0 0 11.1544 -1.46262 -22.2915 
0.0119827 0 0 11.0472 -1.45396 -22.257 
0.0132839 0 0 10.9833 -1.45585 -22.2933 
0.0110966 0 0 10.963 -1.46723 -22.412 
0.0137332 0 0 10.9865 -1.49044 -22.6138 
0.0158432 0 0 11.0461 -1.5239 -22.8825 
0.0179224 0 0 11.156 -1.57054 -23.2443 
0.0299999 0 0 11.3067 -1.63089 -23.6854 
0.0278846 0 0 11.5037 -1.70499 -24.198 
0.0371101 0 0 11.744 -1.79479 -24.7792 
0.0456629 0 0 12.0268 -1.90026 -25.4128 
0.061943 0 0 12.3606 -2.02065 -26.0958 
0.0718328 0 0 12.7333 -2.15197 -26.7869 
0.0937047 0 0 13.1418 -2.28741 -27.4633 
0.106616 0 0 13.5779 -2.42079 -28.084 
0.124414 0 0 14.0339 -2.54504 -28.6249 
0.120283 0 0 14.4796 -2.65197 -29.026 
0.133256 0 0 14.8988 -2.73716 -29.279 
0.127417 0 0 15.2618 -2.79879 -29.3578 
0.117232 0 0 15.539 -2.83242 -29.2764 
0.109838 0 0 15.7115 -2.83553 -29.0473 
0.101111 0 0 15.7673 -2.8033 -28.708 
0.0957963 0 0 15.7618 -2.70312 -28.4361 
0.0874015 0 0 15.6947 -2.6426 -28.0973 
0.0804644 0 0 15.5003 -2.55358 -27.6736 
0.0775455 0 0 15.2094 -2.44204 -27.2065 
0.0638221 0 0 14.8393 -2.31785 -26.6924 
0.0567862 0 0 14.422 -2.18709 -26.1664 
0.0538668 0 0 13.9834 -2.05906 -25.6344 
0.0451052 0 0 13.5376 -1.93789 -25.1084 
0.0323338 0 0 13.1098 -1.82832 -24.6078 
0.028593 0 0 12.7079 -1.73305 -24.1396 
0.0245959 0 0 12.346 -1.65263 -23.7191 
0.023519 0 0 12.0222 -1.58539 -23.3458 
0.0184439 0 0 11.7391 -1.53091 -23.0256 
0.0128645 0 0 11.5017 -1.48872 -22.7703 
0.0138216 0 0 11.3062 -1.45842 -22.5755 
0.0100964 0 0 11.1545 -1.43733 -22.4499 
0.012544 0 0 11.0459 -1.42714 -22.3929 
0.00975385 0 0 10.9853 -1.42641 -22.4161 
0.0113841 0 0 10.9646 -1.43503 -22.5113 
0.0176448 0 0 10.9813 -1.4528 -22.6704 
0.0139421 0 0 11.0492 -1.48229 -22.9172 
0.0159938 0 0 11.1557 -1.52236 -23.2335 
0.0173179 0 0 11.3057 -1.57417 -23.6189 
0.0273325 0 0 11.5049 -1.64031 -24.0841 
0.0274126 0 0 11.7431 -1.71958 -24.5941 
0.0397717 0 0 12.0279 -1.81282 -25.1618 
0.051428 0 0 12.3564 -1.91917 -25.7593 
0.0591339 0 0 12.7282 -2.03862 -26.3809 
0.0768879 0 0 13.1402 -2.16682 -26.994 
0.0959251 0 0 13.573 -2.29578 -27.5534 
0.107013 0 0 14.0258 -2.42153 -28.0531 
0.110626 0 0 14.4725 -2.5327 -28.4479 
0.120129 0 0 14.8909 -2.62442 -28.7134 
0.126161 0 0 15.2561 -2.69093 -28.8455 
0.110437 0 0 15.5333 -2.72646 -28.8273 
0.102869 0 0 15.7113 -2.73194 -28.6941 
0.0922871 0 0 15.7637 -2.70403 -28.4356 
0.0892982 0 0 15.7553 -2.6191 -28.2344 
0.0914712 0 0 15.6939 -2.57008 -27.98 
0.0843597 0 0 15.5009 -2.49181 -27.6327 
0.079354 0 0 15.214 -2.39367 -27.2334 
0.0697965 0 0 14.841 -2.27815 -26.7715 
0.0623901 0 0 14.4279 -2.15818 -26.2918 
0.0489566 0 0 13.9833 -2.0353 -25.7892 
0.0437953 0 0 13.5379 -1.91937 -25.2834 
0.0370849 0 0 13.1098 -1.81363 -24.7967 
0.0322938 0 0 12.7103 -1.72016 -24.3395 
0.027832 0 0 12.3454 -1.63929 -23.9145 
0.0218166 0 0 12.0188 -1.57216 -23.5356 
0.0150794 0 0 11.7378 -1.51761 -23.2113 
0.0158821 0 0 11.4987 -1.47397 -22.9426 
0.0124026 0 0 11.3071 -1.44183 -22.7388 
0.0114826 0 0 11.1551 -1.41929 -22.5943 
0.00961143 0 0 11.0495 -1.40697 -22.5223 
0.0109747 0 0 10.9854 -1.40413 -22.5161 
0.0158657 0 0 10.9607 -1.40908 -22.5765 
0.0142489 0 0 10.984 -1.42318 -22.7135 
0.018003 0 0 11.0482 -1.44802 -22.9189 
0.016973 0 0 11.1528 -1.48262 -23.191 
0.0199017 0 0 11.3061 -1.5281 -23.5347 
0.0225899 0 0 11.5018 -1.58542 -23.9385 
0.0247109 0 0 11.7424 -1.65499 -24.3985 
0.0345594 0 0 12.0233 -1.73781 -24.9003 
0.0416149 0 0 12.3532 -1.83393 -25.4414 
0.0532707 0 0 12.7253 -1.94187 -26.0027 
0.0674629 0 0 13.1326 -2.06016 -26.5574 
0.0757283 0 0 13.5638 -2.18202 -27.0795 
0.0913892 0 0 14.0186 -2.30353 -27.5594 
0.0930859 0 0 14.4592 -2.41517 -27.9463 
0.109753 0 0 14.8792 -2.51054 -28.2414 
0.104612 0 0 15.2428 -2.58238 -28.4167 
0.107038 0 0 15.5298 -2.62618 -28.4777 
0.0947701 0 0 15.6987 -2.63781 -28.4004 
0.091375 0 0 15.7584 -2.61969 -28.2409 
0.0905491 0 0 15.7553 -2.5569 -28.0984 
0.0887677 0 0 15.6888 -2.52039 -27.9152 
0.0809482 0 0 15.4995 -2.45489 -27.6384 
0.0780433 0 0 15.2101 -2.36576 -27.2956 
0.0710322 0 0 14.8449 -2.26142 -26.8943 
0.0606546 0 0 14.4235 -2.14647 -26.4422 
0.0550876 0 0 13.9862 -2.03044 -25.9766 
0.0421445 0 0 13.5424 -1.91835 -25.4923 
0.0393067 0 0 13.1126 -1.8137 -25.0113 
0.0301269 0 0 12.7111 -1.7191 -24.5568 
0.0250804 0 0 12.3443 -1.6381 -24.1242 
0.0220029 0 0 12.0185 -1.56966 -23.7379 
0.0181388 0 0 11.7402 -1.51376 -23.4039 
0.0162359 0 0 11.4994 -1.4687 -23.1158 
0.0126997 0 0 11.3061 -1.43382 -22.892 
0.0126255 0 0 11.1532 -1.40962 -22.7247 
0.0162298 0 0 11.0462 -1.39469 -22.6255 
0.0120282 0 0 10.9838 -1.38852 -22.5943 
0.0145339 0 0 10.9607 -1.39009 -22.6244 
0.0158838 0 0 10.9829 -1.40149 -22.7265 
0.0181638 0 0 11.0466 -1.42153 -22.8969 
0.0190549 0 0 11.1557 -1.45126 -23.135 
0.0170126 0 0 11.3059 -1.49077 -23.4295 
0.0187689 0 0 11.5001 -1.54117 -23.7855 
0.0228782 0 0 11.7421 -1.60413 -24.1987 
0.0277896 0 0 12.0244 -1.67801 -24.653 
0.0377267 0 0 12.3549 -1.76592 -25.1481 
0.0525028 0 0 12.7205 -1.86486 -25.6565 
0.0573724 0 0 13.1254 -1.97303 -26.1699 
0.0734666 0 0 13.559 -2.08874 -26.6728 
0.0769194 0 0 14.0037 -2.20561 -27.1259 
0.0895478 0 0 14.4497 -2.31614 -27.5297 
0.0875158 0 0 14.8657 -2.4139 -27.8418 
0.0941357 0 0 15.2319 -2.4923 -28.0642 
0.0938084 0 0 15.5136 -2.54247 -28.1765 
0.087249 0 0 15.6895 -2.5654 -28.1865 
0.0908195 0 0 15.7566 -2.55792 -28.102 
0.088476 0 0 15.7518 -2.52144 -28.0201 
0.0858302 0 0 15.6877 -2.49409 -27.9016 
0.0808251 0 0 15.5008 -2.44134 -27.698 
0.0842066 0 0 15.2171 -2.36331 -27.4152 
0.0760346 0 0 14.8493 -2.26572 -27.0562 
0.0660578 0 0 14.4344 -2.15779 -26.6527 
0.0589993 0 0 13.9916 -2.04455 -26.2013 
0.0483741 0 0 13.5451 -1.93225 -25.728 
0.0408711 0 0 13.1166 -1.82768 -25.256 
0.034927 0 0 12.7147 -1.73325 -24.7944 
0.0293994 0 0 12.3494 -1.64993 -24.3594 
0.0257419 0 0 12.0226 -1.57845 -23.9557 
0.0197885 0 0 11.7407 -1.52059 -23.597 
0.0143747 0 0 11.4975 -1.47239 -23.2869 
0.0150866 0 0 11.3055 -1.43513 -23.0384 
0.0142715 0 0 11.1562 -1.40783 -22.8512 
0.0146271 0 0 11.0464 -1.3899 -22.7186 
0.0131078 0 0 10.9837 -1.38054 -22.6553 
0.0142371 0 0 10.961 -1.37899 -22.6562 
0.0121532 0 0 10.9835 -1.38675 -22.7238 
0.0114833 0 0 11.0494 -1.40325 -22.8593 
0.0167545 0 0 11.1523 -1.42746 -23.0489 
0.017335 0 0 11.307 -1.46313 -23.3136 
0.0186799 0 0 11.5005 -1.50792 -23.6243 
0.0260882 0 0 11.7384 -1.5638 -23.9927 
0.0282013 0 0 12.0239 -1.63192 -24.4121 
0.0405969 0 0 12.3509 -1.71228 -24.863 
0.0422061 0 0 12.7171 -1.80422 -25.3389 
0.0420832 0 0 13.1214 -1.90651 -25.8267 
0.0661905 0 0 13.5545 -2.01646 -26.3131 
0.0684786 0 0 13.9984 -2.12982 -26.7662 
0.0777165 0 0 14.4381 -2.23986 -27.1738 
0.0799908 0 0 14.8603 -2.34188 -27.5253 
0.0911311 0 0 15.2305 -2.42641 -27.7954 
0.0953372 0 0 15.5127 -2.48574 -27.9686 
0.0891048 0 0 15.6933 -2.51729 -28.0427 
0.0871217 0 0 15.7556 -2.52205 -28.0257 
0.0876546 0 0 15.7538 -2.50962 -27.996 
0.0859151 0 0 15.6889 -2.49447 -27.9452 
0.0899202 0 0 15.5105 -2.4509 -27.8091 
0.0835542 0 0 15.2213 -2.38237 -27.5784 
0.0771007 0 0 14.8514 -2.29211 -27.2628 
0.0719157 0 0 14.4348 -2.18727 -26.886 
0.0604773 0 0 13.9933 -2.07693 -26.4581 
0.0462593 0 0 13.5481 -1.96502 -25.9996 
0.0476124 0 0 13.1209 -1.85885 -25.5309 
0.0351871 0 0 12.7145 -1.76052 -25.0505 
0.0325682 0 0 12.3484 -1.6738 -24.6019 
0.0301111 0 0 12.0212 -1.59931 -24.1754 
0.0201545 0 0 11.7411 -1.53687 -23.7958 
0.0203848 0 0 11.5001 -1.48562 -23.4591 
0.0125875 0 0 11.3062 -1.44416 -23.1795 
0.0191373 0 0 11.1563 -1.41442 -22.9597 
0.0116502 0 0 11.0472 -1.39246 -22.7954 
0.0151194 0 0 10.982 -1.3798 -22.6977 
0.0131757 0 0 10.9614 -1.37532 -22.665 
0.0135931 0 0 10.982 -1.37968 -22.6962 
0.0112565 0 0 11.0472 -1.3926 -22.7949 
0.0142009 0 0 11.1541 -1.41345 -22.9566 
0.0145278 0 0 11.3039 -1.44443 -23.1744 
0.0202766 0 0 11.5005 -1.48523 -23.4614 
0.0195678 0 0 11.7386 -1.53615 -23.7924 
0.0215467 0 0 12.0216 -1.59887 -24.1742 
0.0329941 0 0 12.3489 -1.67395 -24.5992 
0.0356074 0 0 12.716 -1.76024 -25.052 
0.0426641 0 0 13.1159 -1.85802 -25.5214 
0.0554487 0 0 13.5494 -1.96477 -26.0001 
0.0629293 0 0 13.9931 -2.07624 -26.4598 
0.0697466 0 0 14.4348 -2.18769 -26.8862 
0.0806501 0 0 14.8535 -2.29235 -27.2684 
0.0884004 0 0 15.2213 -2.38211 -27.5781 
0.0853171 0 0 15.5013 -2.44925 -27.7982 
0.0875778 0 0 15.6896 -2.49317 -27.9467 
0.0906362 0 0 15.7502 -2.50762 -27.9919 
