28.2712 0 0 -53.052 8.35043 19.9539 
27.4845 0 0 -53.0761 8.2579 19.9716 
25.0126 0 0 -53.1213 7.97816 20.0135 
21.2914 0 0 -53.1813 7.4298 20.084 
16.6258 0 0 -53.2402 6.59009 20.1697 
11.5662 0 0 -53.2537 5.53248 20.2469 
7.08699 0 0 -53.1928 4.06884 20.3031 
3.64651 0 0 -52.9842 2.40493 20.304 
1.51474 0 0 -52.5719 0.72258 20.2165 
0.510543 0 0 -52.0182 -0.667293 20.0573 
0.16506 0 0 -51.371 -1.56979 19.8376 
0.0771526 0 0 -50.701 -2.02532 19.5919 
0.0646644 0 0 -50.0846 -2.17911 19.3467 
0.0566313 0 0 -49.5471 -2.18053 19.1254 
0.0530708 0 0 -49.1023 -2.12302 18.9368 
0.0544619 0 0 -48.7584 -2.05459 18.7887 
0.0500467 0 0 -48.5004 -1.99576 18.676 
0.0519304 0 0 -48.3501 -1.95813 18.6083 
0.0579415 0 0 -48.3071 -1.94578 18.589 
0.053096 0 0 -48.3574 -1.95878 18.6109 
0.0509548 0 0 -48.5001 -1.99513 18.6775 
0.0578079 0 0 -48.7526 -2.05364 18.7884 
0.0604352 0 0 -49.1032 -2.1232 18.9382 
0.0576264 0 0 -49.5403 -2.18023 19.1231 
0.0596951 0 0 -50.0803 -2.17964 19.3468 
0.0702756 0 0 -50.6945 -2.02477 19.5892 
0.155596 0 0 -51.3592 -1.57119 19.8318 
0.507244 0 0 -52.011 -0.672834 20.0561 
1.51457 0 0 -52.5675 0.717225 20.2173 
3.63967 0 0 -52.981 2.40217 20.3042 
7.11086 0 0 -53.1922 4.08473 20.3015 
11.6424 0 0 -53.2646 5.51486 20.2485 
16.5932 0 0 -53.2327 6.62395 20.1658 
21.2517 0 0 -53.1801 7.44735 20.0851 
25.0523 0 0 -53.115 7.94038 20.0157 
27.4926 0 0 -53.071 8.25639 19.9697 
28.2954 0 0 -53.0645 8.39811 19.9544 
27.4081 0 0 -53.1173 8.26735 19.9806 
25.7483 0 0 -53.2125 8.13852 20.0239 
22.6162 0 0 -53.3294 7.72149 20.099 
18.3542 0 0 -53.4629 7.04512 20.1957 
13.3968 0 0 -53.5918 6.14416 20.3085 
8.62634 0 0 -53.6483 4.82446 20.4071 
4.68391 0 0 -53.559 3.15772 20.4596 
2.03878 0 0 -53.2775 1.39516 20.4408 
0.719321 0 0 -52.8002 -0.188218 20.3293 
0.216944 0 0 -52.143 -1.31456 20.1253 
0.0923569 0 0 -51.4313 -1.92653 19.8758 
0.061754 0 0 -50.7254 -2.16791 19.6091 
0.0577295 0 0 -50.0923 -2.20397 19.3565 
0.0594978 0 0 -49.5522 -2.15468 19.1345 
0.0494402 0 0 -49.0954 -2.08094 18.9389 
0.0521664 0 0 -48.7536 -2.01324 18.7864 
0.0565139 0 0 -48.51 -1.96361 18.68 
0.0553218 0 0 -48.3632 -1.938 18.6144 
0.0501927 0 0 -48.31 -1.9379 18.5891 
0.0545078 0 0 -48.3628 -1.96298 18.612 
0.0537977 0 0 -48.5096 -2.01151 18.6798 
0.0547055 0 0 -48.7502 -2.07688 18.7817 
0.0555574 0 0 -49.096 -2.14483 18.9341 
0.0534084 0 0 -49.5385 -2.18214 19.1207 
0.0601819 0 0 -50.0609 -2.11906 19.3349 
0.105036 0 0 -50.6694 -1.83928 19.5716 
0.296827 0 0 -51.2934 -1.19036 19.7996 
0.951948 0 0 -51.8877 -0.0758409 19.9937 
2.42837 0 0 -52.374 1.43154 20.126 
5.20838 0 0 -52.711 3.06704 20.1898 
9.15181 0 0 -52.9159 4.64244 20.1906 
13.798 0 0 -52.9967 5.92187 20.1447 
18.6312 0 0 -53.0216 6.85 20.0834 
22.8063 0 0 -53.031 7.58337 20.0291 
25.841 0 0 -53.034 8.02675 19.9838 
27.4946 0 0 -53.0564 8.21678 19.9654 
27.4358 0 0 -53.1245 8.32256 19.9787 
24.9986 0 0 -53.3206 7.96888 20.0616 
22.5645 0 0 -53.4915 7.75104 20.1322 
18.8411 0 0 -53.6899 7.27782 20.2367 
14.3021 0 0 -53.8978 6.42317 20.3723 
9.54268 0 0 -54.0786 5.31722 20.5072 
5.37939 0 0 -54.1444 3.78738 20.6218 
2.44329 0 0 -54.0212 1.96206 20.6677 
0.840768 0 0 -53.6408 0.229737 20.6088 
0.24479 0 0 -53.0098 -1.09546 20.4334 
0.0904871 0 0 -52.2593 -1.84952 20.1874 
0.0672331 0 0 -51.4864 -2.16074 19.9049 
0.0629012 0 0 -50.7493 -2.2237 19.621 
0.067352 0 0 -50.1022 -2.17652 19.3606 
0.0600412 0 0 -49.5513 -2.09592 19.1328 
0.047175 0 0 -49.0987 -2.01564 18.9391 
0.0583624 0 0 -48.7545 -1.95342 18.7905 
0.0464364 0 0 -48.5033 -1.91373 18.679 
0.0480028 0 0 -48.3637 -1.90075 18.6137 
0.0545667 0 0 -48.3054 -1.91211 18.5895 
0.0544073 0 0 -48.3577 -1.95036 18.6103 
0.0566818 0 0 -48.5144 -2.01093 18.6799 
0.0564544 0 0 -48.7503 -2.08437 18.7849 
0.0592471 0 0 -49.0978 -2.15375 18.934 
0.052708 0 0 -49.5387 -2.17281 19.1206 
0.0673179 0 0 -50.0577 -2.05675 19.331 
0.140102 0 0 -50.6401 -1.66694 19.5552 
0.4601 0 0 -51.2325 -0.871458 19.7686 
1.33794 0 0 -51.7745 0.353177 19.9466 
3.20552 0 0 -52.2177 1.89724 20.062 
6.30681 0 0 -52.5354 3.50974 20.1148 
10.3621 0 0 -52.7353 4.90018 20.1218 
14.8777 0 0 -52.8509 6.04968 20.0918 
19.1978 0 0 -52.9289 6.92051 20.0529 
22.7466 0 0 -53.0013 7.54542 20.0189 
24.9628 0 0 -53.078 7.91696 20.0047 
25.7423 0 0 -53.1715 8.02521 20.0129 
24.8651 0 0 -53.3026 8.03694 20.0534 
20.9316 0 0 -53.6571 7.56186 20.1924 
18.0264 0 0 -53.9161 7.18461 20.3029 
14.1055 0 0 -54.206 6.4976 20.4473 
9.7152 0 0 -54.4909 5.48292 20.6102 
5.67284 0 0 -54.7111 4.06495 20.7727 
2.5979 0 0 -54.7495 2.32715 20.88 
0.884978 0 0 -54.4993 0.516311 20.883 
0.233888 0 0 -53.9453 -0.933516 20.7546 
0.0938971 0 0 -53.1824 -1.79819 20.5189 
0.0726714 0 0 -52.3295 -2.16381 20.2248 
0.0803332 0 0 -51.5148 -2.24133 19.9268 
0.0696324 0 0 -50.7632 -2.19062 19.6307 
0.0545662 0 0 -50.1021 -2.09893 19.3657 
0.0627729 0 0 -49.5563 -2.00709 19.1361 
0.0597417 0 0 -49.1043 -1.93034 18.9403 
0.0545337 0 0 -48.7486 -1.87665 18.7878 
0.0579506 0 0 -48.5102 -1.84856 18.6795 
0.0553483 0 0 -48.3634 -1.84738 18.6117 
0.0505007 0 0 -48.3091 -1.87113 18.5906 
0.0491816 0 0 -48.3612 -1.92062 18.6126 
0.0539273 0 0 -48.505 -1.99292 18.6776 
0.0548681 0 0 -48.7544 -2.07763 18.7833 
0.0553235 0 0 -49.0923 -2.15216 18.9311 
0.0563463 0 0 -49.5354 -2.16614 19.1187 
0.0636882 0 0 -50.0479 -2.01867 19.3274 
0.159965 0 0 -50.6137 -1.56542 19.5473 
0.536914 0 0 -51.1852 -0.689457 19.7491 
1.57969 0 0 -51.6983 0.595461 19.9154 
3.59631 0 0 -52.1297 2.1164 20.0317 
6.75513 0 0 -52.447 3.60989 20.0882 
10.5328 0 0 -52.6653 4.94255 20.0988 
14.6315 0 0 -52.8214 5.97867 20.0881 
18.3322 0 0 -52.9609 6.78132 20.0691 
21.1259 0 0 -53.105 7.33258 20.0635 
22.5823 0 0 -53.2527 7.57947 20.0774 
22.4778 0 0 -53.4312 7.68471 20.1158 
20.9479 0 0 -53.6509 7.52814 20.1899 
15.9334 0 0 -54.1578 6.86283 20.3926 
12.8743 0 0 -54.5175 6.27024 20.5415 
9.0875 0 0 -54.9106 5.41142 20.7262 
5.41931 0 0 -55.2575 4.12148 20.921 
2.47462 0 0 -55.4667 2.49755 21.0849 
0.824514 0 0 -55.3853 0.68479 21.1525 
0.198635 0 0 -54.9186 -0.840058 21.0747 
0.084765 0 0 -54.1821 -1.77031 20.8654 
0.0768986 0 0 -53.277 -2.16668 20.574 
0.0806342 0 0 -52.3756 -2.24975 20.2515 
0.0666074 0 0 -51.522 -2.1939 19.933 
0.0757931 0 0 -50.7679 -2.0925 19.6364 
0.0638903 0 0 -50.1114 -1.98751 19.3664 
0.0609281 0 0 -49.5501 -1.898 19.1335 
0.0555863 0 0 -49.0993 -1.83125 18.9411 
0.0570594 0 0 -48.7534 -1.78825 18.7872 
0.0510801 0 0 -48.5132 -1.77118 18.6802 
0.0506113 0 0 -48.364 -1.77992 18.6144 
0.0590597 0 0 -48.3071 -1.81387 18.5869 
0.04928 0 0 -48.3627 -1.87502 18.6129 
0.0629792 0 0 -48.5129 -1.95805 18.678 
0.053038 0 0 -48.7548 -2.05485 18.7881 
0.0543206 0 0 -49.0955 -2.14179 18.9338 
0.051995 0 0 -49.533 -2.16538 19.1191 
0.0637564 0 0 -50.0448 -2.02357 19.3281 
0.152998 0 0 -50.6167 -1.56058 19.5507 
0.516491 0 0 -51.1822 -0.668492 19.7537 
1.55789 0 0 -51.6812 0.59494 19.9158 
3.51924 0 0 -52.1092 2.04657 20.0343 
6.37703 0 0 -52.4501 3.48293 20.101 
9.75723 0 0 -52.6965 4.711 20.1245 
13.1327 0 0 -52.9136 5.67555 20.135 
16.1637 0 0 -53.1153 6.37171 20.1418 
18.1442 0 0 -53.316 6.80032 20.158 
18.7892 0 0 -53.557 7.12136 20.2011 
18.0729 0 0 -53.8223 7.05862 20.2757 
15.9646 0 0 -54.1646 6.83519 20.3966 
10.6784 0 0 -54.8424 5.74814 20.6645 
7.74205 0 0 -55.3303 5.01061 20.8617 
4.66197 0 0 -55.8079 3.88399 21.087 
2.18325 0 0 -56.1515 2.38371 21.2852 
0.699489 0 0 -56.2499 0.704008 21.412 
0.157274 0 0 -55.9142 -0.813213 21.3863 
0.0701854 0 0 -55.2224 -1.7455 21.2078 
0.082497 0 0 -54.3068 -2.15565 20.9232 
0.0925091 0 0 -53.3273 -2.24283 20.5931 
0.0890239 0 0 -52.3878 -2.18417 20.2586 
0.0817488 0 0 -51.5313 -2.07636 19.9366 
0.0672751 0 0 -50.7594 -1.96246 19.6325 
0.071395 0 0 -50.1011 -1.8613 19.3629 
0.0645454 0 0 -49.5498 -1.78288 19.1329 
0.0569004 0 0 -49.0932 -1.72577 18.939 
0.0555625 0 0 -48.7519 -1.69433 18.7872 
0.0564454 0 0 -48.5029 -1.68583 18.6772 
0.0571111 0 0 -48.3565 -1.70218 18.6096 
0.0498614 0 0 -48.3097 -1.7453 18.5884 
0.0536046 0 0 -48.3611 -1.81315 18.6103 
0.0601449 0 0 -48.511 -1.9054 18.678 
0.0562739 0 0 -48.755 -2.01309 18.7859 
0.0586239 0 0 -49.0977 -2.11707 18.9358 
0.0508398 0 0 -49.5407 -2.16597 19.1247 
0.054011 0 0 -50.056 -2.0628 19.3373 
0.116212 0 0 -50.6237 -1.65558 19.5595 
0.406415 0 0 -51.195 -0.827923 19.7719 
1.25394 0 0 -51.7144 0.360521 19.9432 
2.87301 0 0 -52.1671 1.74994 20.0702 
5.29447 0 0 -52.5343 3.07973 20.1503 
8.05112 0 0 -52.8479 4.26016 20.1987 
10.7652 0 0 -53.1266 5.13206 20.2321 
12.9504 0 0 -53.4043 5.78308 20.2681 
14.1321 0 0 -53.6937 6.14847 20.3162 
14.1669 0 0 -54.0244 6.2772 20.3945 
12.9511 0 0 -54.4179 6.15429 20.5126 
10.7199 0 0 -54.8623 5.732 20.6718 
5.88146 0 0 -55.7596 4.3287 21.0213 
3.61422 0 0 -56.3238 3.36703 21.2527 
1.68573 0 0 -56.8201 2.04399 21.482 
0.5128 0 0 -57.0713 0.55428 21.6493 
0.104365 0 0 -56.8742 -0.827508 21.6736 
0.0652533 0 0 -56.2586 -1.71914 21.5344 
0.0978194 0 0 -55.3594 -2.1235 21.2688 
0.10216 0 0 -54.3468 -2.21587 20.9462 
0.0958286 0 0 -53.3361 -2.161 20.6009 
0.090158 0 0 -52.3956 -2.05357 20.2624 
0.0740604 0 0 -51.5355 -1.93489 19.9366 
0.0692291 0 0 -50.7652 -1.82819 19.6353 
0.0668791 0 0 -50.0992 -1.73869 19.3629 
0.0595094 0 0 -49.5528 -1.6708 19.1337 
0.0568211 0 0 -49.0948 -1.62417 18.9351 
0.0536 0 0 -48.7598 -1.60144 18.785 
0.0500681 0 0 -48.51 -1.59966 18.6762 
0.0548021 0 0 -48.3635 -1.62254 18.611 
0.0555196 0 0 -48.3181 -1.66914 18.5908 
0.0476363 0 0 -48.3593 -1.74043 18.6108 
0.0574687 0 0 -48.5062 -1.83687 18.6744 
0.0629663 0 0 -48.7484 -1.95239 18.7836 
0.063827 0 0 -49.0964 -2.072 18.934 
0.0601238 0 0 -49.5423 -2.1538 19.1239 
0.0576406 0 0 -50.0631 -2.1122 19.342 
0.0736481 0 0 -50.6628 -1.81001 19.5765 
0.231948 0 0 -51.2481 -1.12375 19.7987 
0.815523 0 0 -51.8121 -0.0766052 19.9956 
1.96274 0 0 -52.2947 1.1782 20.138 
3.77682 0 0 -52.7173 2.39596 20.2407 
5.86341 0 0 -53.0954 3.47485 20.3149 
7.7541 0 0 -53.4654 4.29706 20.382 
9.14474 0 0 -53.829 4.84876 20.4521 
9.71494 0 0 -54.2334 5.15028 20.5392 
9.30159 0 0 -54.6871 5.17931 20.6568 
7.89434 0 0 -55.1946 4.89968 20.8223 
5.87383 0 0 -55.7513 4.31159 21.0207 
2.41514 0 0 -56.8279 2.56694 21.4359 
1.12666 0 0 -57.4087 1.49299 21.6749 
0.333141 0 0 -57.7997 0.270709 21.8647 
0.0695899 0 0 -57.7602 -0.894818 21.9247 
0.0782474 0 0 -57.2833 -1.67987 21.8381 
0.113113 0 0 -56.4307 -2.063 21.6058 
0.126411 0 0 -55.4329 -2.16251 21.3026 
0.119462 0 0 -54.3831 -2.12089 20.9635 
0.107476 0 0 -53.3453 -2.02191 20.6041 
0.0945567 0 0 -52.3908 -1.90749 20.2577 
0.0868283 0 0 -51.5277 -1.79901 19.9316 
0.0648958 0 0 -50.767 -1.70359 19.6323 
0.0702064 0 0 -50.0996 -1.6273 19.362 
0.066915 0 0 -49.5461 -1.56923 19.1277 
0.0547191 0 0 -49.1045 -1.532 18.9388 
0.0536405 0 0 -48.7536 -1.51457 18.784 
0.0568372 0 0 -48.5082 -1.51774 18.6733 
0.0577311 0 0 -48.3626 -1.54256 18.606 
0.0580203 0 0 -48.3096 -1.58969 18.5854 
0.0531414 0 0 -48.3618 -1.6621 18.6099 
0.0531225 0 0 -48.507 -1.75877 18.6734 
0.0591301 0 0 -48.7532 -1.87629 18.7859 
0.0686448 0 0 -49.1077 -2.00601 18.9372 
0.0626868 0 0 -49.5521 -2.11745 19.129 
0.0600755 0 0 -50.0874 -2.14587 19.3533 
0.0522317 0 0 -50.6961 -1.98354 19.5967 
0.11225 0 0 -51.3233 -1.50281 19.84 
0.391968 0 0 -51.9472 -0.66547 20.0605 
1.06863 0 0 -52.5064 0.389874 20.2393 
2.16273 0 0 -53.0143 1.48402 20.3784 
3.49532 0 0 -53.4885 2.44043 20.4918 
4.74193 0 0 -53.9467 3.16201 20.5879 
5.45705 0 0 -54.4402 3.65591 20.7003 
5.57425 0 0 -54.9578 3.83361 20.8315 
5.06253 0 0 -55.5369 3.7357 20.9941 
3.87361 0 0 -56.1741 3.30875 21.2 
2.42276 0 0 -56.8203 2.55242 21.438 
0.611864 0 0 -57.8979 0.78203 21.8461 
0.173508 0 0 -58.3907 -0.129851 22.0466 
0.048606 0 0 -58.4975 -1.00784 22.1377 
0.0819436 0 0 -58.1656 -1.64644 22.0887 
0.130456 0 0 -57.4484 -1.97931 21.9056 
0.14441 0 0 -56.5054 -2.08585 21.634 
0.133405 0 0 -55.4458 -2.06307 21.3097 
0.116456 0 0 -54.3855 -1.98138 20.9641 
0.106223 0 0 -53.3468 -1.87974 20.6048 
0.103734 0 0 -52.3957 -1.7759 20.2597 
0.0792124 0 0 -51.5196 -1.67958 19.9305 
0.0751756 0 0 -50.7695 -1.59847 19.6326 
0.061085 0 0 -50.1021 -1.53203 19.3627 
0.0575022 0 0 -49.5438 -1.48214 19.1276 
0.0654895 0 0 -49.1027 -1.45065 18.9378 
0.0587005 0 0 -48.7525 -1.43716 18.7815 
0.0520265 0 0 -48.5029 -1.44207 18.673 
0.0515006 0 0 -48.3575 -1.46699 18.6052 
0.0552756 0 0 -48.3071 -1.51299 18.5837 
0.0506633 0 0 -48.3565 -1.58203 18.606 
0.0622937 0 0 -48.5074 -1.67427 18.6731 
0.058247 0 0 -48.7594 -1.78941 18.7862 
0.0554403 0 0 -49.1042 -1.92078 18.9353 
0.0751382 0 0 -49.5571 -2.05096 19.1311 
0.0710404 0 0 -50.0974 -2.13712 19.3576 
0.0557935 0 0 -50.7224 -2.1027 19.6091 
0.0562474 0 0 -51.4088 -1.84187 19.877 
0.121021 0 0 -52.0853 -1.28776 20.1287 
0.415184 0 0 -52.7444 -0.491702 20.3468 
0.912586 0 0 -53.3697 0.396863 20.5364 
1.58738 0 0 -53.9585 1.20576 20.6917 
2.21681 0 0 -54.5485 1.78589 20.8418 
2.53729 0 0 -55.173 2.18522 20.999 
2.50715 0 0 -55.8189 2.24756 21.1759 
2.01355 0 0 -56.5246 2.06235 21.3805 
1.29325 0 0 -57.2481 1.55126 21.6127 
0.61862 0 0 -57.9056 0.774159 21.8485 
0.0705206 0 0 -58.7832 -0.603067 22.183 
0.0401499 0 0 -59.0364 -1.17697 22.2949 
0.0819564 0 0 -58.8973 -1.61998 22.2928 
0.136606 0 0 -58.3545 -1.88467 22.1643 
0.169882 0 0 -57.5424 -1.98511 21.9434 
0.159852 0 0 -56.532 -1.98494 21.6488 
0.135321 0 0 -55.4486 -1.92904 21.3088 
0.121794 0 0 -54.3903 -1.84523 20.9621 
0.105942 0 0 -53.3493 -1.75415 20.6015 
0.090164 0 0 -52.393 -1.6641 20.2575 
0.0818455 0 0 -51.5293 -1.58182 19.9312 
0.0737716 0 0 -50.7565 -1.51035 19.628 
0.0666896 0 0 -50.1 -1.45306 19.3596 
0.0632936 0 0 -49.5568 -1.40998 19.1297 
0.0596103 0 0 -49.1 -1.38262 18.9363 
0.0474605 0 0 -48.7503 -1.37094 18.7812 
0.0579126 0 0 -48.5017 -1.37575 18.6695 
0.0522515 0 0 -48.363 -1.39929 18.6046 
0.0591209 0 0 -48.3057 -1.44108 18.5809 
0.052656 0 0 -48.3526 -1.50449 18.6029 
0.0582498 0 0 -48.5069 -1.59 18.6711 
0.0592821 0 0 -48.7525 -1.69689 18.7813 
0.066996 0 0 -49.1014 -1.82321 18.9353 
0.0597135 0 0 -49.5611 -1.95917 19.1304 
0.0721951 0 0 -50.1103 -2.07883 19.3633 
0.0630519 0 0 -50.7467 -2.13649 19.6233 
0.0567434 0 0 -51.4729 -2.06216 19.9084 
0.0501682 0 0 -52.2257 -1.78976 20.1879 
0.0978282 0 0 -52.9956 -1.3073 20.4569 
0.24863 0 0 -53.7451 -0.700235 20.6958 
0.481399 0 0 -54.4753 -0.0905792 20.9075 
0.688577 0 0 -55.1975 0.356368 21.1106 
0.819077 0 0 -55.9548 0.616386 21.3138 
0.729676 0 0 -56.7167 0.637696 21.5283 
0.495907 0 0 -57.4908 0.392249 21.7596 
0.238954 0 0 -58.2293 -0.024156 21.9886 
0.0644751 0 0 -58.783 -0.598157 22.1826 
0.0569127 0 0 -59.3514 -1.36724 22.396 
0.11163 0 0 -59.4164 -1.61911 22.4362 
0.144917 0 0 -59.0847 -1.79282 22.3644 
0.177453 0 0 -58.4434 -1.8747 22.1985 
0.174768 0 0 -57.5536 -1.89027 21.9482 
0.167902 0 0 -56.5388 -1.859 21.6494 
0.137433 0 0 -55.4514 -1.80257 21.3108 
0.119785 0 0 -54.365 -1.72976 20.9574 
0.101037 0 0 -53.3469 -1.65187 20.6051 
0.0967767 0 0 -52.3961 -1.57566 20.2601 
0.0813938 0 0 -51.5223 -1.50414 19.9276 
0.0747474 0 0 -50.7594 -1.44232 19.6273 
0.0618976 0 0 -50.1015 -1.39035 19.359 
0.0629527 0 0 -49.5459 -1.35185 19.126 
0.0588093 0 0 -49.0934 -1.32634 18.9323 
0.0478226 0 0 -48.7445 -1.3147 18.7783 
0.0502865 0 0 -48.4941 -1.31906 18.6683 
0.0523024 0 0 -48.3583 -1.33971 18.605 
0.0506211 0 0 -48.3099 -1.3777 18.5827 
0.0555399 0 0 -48.3542 -1.43325 18.6009 
0.0588145 0 0 -48.512 -1.51024 18.6717 
0.0640213 0 0 -48.7586 -1.60638 18.7817 
0.0642171 0 0 -49.1035 -1.722 18.9366 
0.0730484 0 0 -49.5533 -1.8524 19.1279 
0.0738256 0 0 -50.1087 -1.98317 19.3595 
0.0765547 0 0 -50.7659 -2.0902 19.6266 
0.082387 0 0 -51.5163 -2.13126 19.9238 
0.062312 0 0 -52.3338 -2.06134 20.2317 
0.0410793 0 0 -53.1757 -1.85244 20.5329 
0.0450252 0 0 -54.0575 -1.52468 20.8243 
0.0731357 0 0 -54.9202 -1.16734 21.0928 
0.101938 0 0 -55.791 -0.859722 21.3477 
0.122128 0 0 -56.655 -0.689292 21.5926 
0.0924966 0 0 -57.4878 -0.682166 21.8283 
0.0473572 0 0 -58.2884 -0.827818 22.0611 
0.0291436 0 0 -58.9559 -1.07482 22.2636 
0.055124 0 0 -59.3403 -1.37354 22.3927 
0.135969 0 0 -59.6372 -1.65238 22.4985 
0.173906 0 0 -59.572 -1.72416 22.4902 
0.199779 0 0 -59.1735 -1.76607 22.3948 
0.1871 0 0 -58.4636 -1.78269 22.2082 
0.180758 0 0 -57.575 -1.77319 21.9575 
0.161624 0 0 -56.5457 -1.74288 21.6543 
0.133923 0 0 -55.4549 -1.69659 21.3163 
0.121334 0 0 -54.3812 -1.63883 20.9614 
0.114936 0 0 -53.3435 -1.57438 20.6003 
0.0823679 0 0 -52.379 -1.5078 20.2546 
0.0749331 0 0 -51.5189 -1.44546 19.9285 
0.0719267 0 0 -50.7598 -1.38932 19.6257 
0.0612141 0 0 -50.1018 -1.34278 19.3598 
0.0614827 0 0 -49.5431 -1.30592 19.1268 
0.0667816 0 0 -49.0997 -1.2815 18.9329 
0.0586294 0 0 -48.7513 -1.27051 18.7812 
0.0585386 0 0 -48.5048 -1.27284 18.6719 
0.0604398 0 0 -48.3588 -1.28961 18.6038 
0.0505775 0 0 -48.311 -1.32161 18.5811 
0.0504617 0 0 -48.3513 -1.37014 18.6006 
0.0713205 0 0 -48.5048 -1.43665 18.6676 
0.0638062 0 0 -48.7512 -1.52121 18.7801 
0.0578535 0 0 -49.1021 -1.6239 18.9331 
0.0758871 0 0 -49.5561 -1.74226 19.1278 
0.0760622 0 0 -50.1124 -1.86886 19.3603 
0.0840047 0 0 -50.7707 -1.98976 19.6288 
0.0897384 0 0 -51.5401 -2.08497 19.9329 
0.09173 0 0 -52.3768 -2.12603 20.2502 
0.0713297 0 0 -53.2815 -2.09076 20.5753 
0.0592886 0 0 -54.2481 -1.97432 20.9023 
0.0504027 0 0 -55.2206 -1.80768 21.2151 
0.0352702 0 0 -56.1819 -1.64128 21.5108 
0.034226 0 0 -57.1335 -1.51955 21.786 
0.0367994 0 0 -58.0242 -1.47477 22.0358 
0.0573244 0 0 -58.7944 -1.49494 22.2531 
0.0959452 0 0 -59.367 -1.56483 22.4159 
0.131276 0 0 -59.6254 -1.65379 22.4977 
0.182634 0 0 -59.7664 -1.68148 22.5476 
0.214751 0 0 -59.6519 -1.67472 22.5235 
0.207609 0 0 -59.199 -1.67815 22.4041 
0.192543 0 0 -58.4921 -1.67506 22.2191 
0.18728 0 0 -57.5764 -1.66887 21.9583 
0.15153 0 0 -56.5277 -1.65133 21.647 
0.152271 0 0 -55.452 -1.61735 21.3115 
0.133102 0 0 -54.3752 -1.57109 20.9568 
0.100303 0 0 -53.3344 -1.51732 20.5997 
0.0885498 0 0 -52.3881 -1.45964 20.255 
0.0728319 0 0 -51.5255 -1.4031 19.9299 
0.0689308 0 0 -50.7598 -1.3514 19.6267 
0.0641299 0 0 -50.0991 -1.30685 19.3586 
0.0536813 0 0 -49.5472 -1.27227 19.1267 
0.0515608 0 0 -49.0981 -1.2481 18.9322 
0.0529977 0 0 -48.747 -1.23532 18.7784 
0.0566603 0 0 -48.5034 -1.23517 18.6669 
0.0486672 0 0 -48.3564 -1.24788 18.6028 
0.0625079 0 0 -48.3102 -1.27468 18.5808 
0.0546135 0 0 -48.3502 -1.31548 18.5995 
0.0585062 0 0 -48.5053 -1.37229 18.6664 
0.060817 0 0 -48.7508 -1.44504 18.7797 
0.0605907 0 0 -49.107 -1.53438 18.9336 
0.0784234 0 0 -49.5561 -1.63747 19.1262 
0.0737229 0 0 -50.1102 -1.75151 19.3599 
0.0877272 0 0 -50.773 -1.86807 19.632 
0.0983891 0 0 -51.5366 -1.97634 19.9321 
0.103399 0 0 -52.4023 -2.05939 20.2554 
0.102637 0 0 -53.339 -2.10209 20.5994 
0.10408 0 0 -54.3484 -2.09353 20.9449 
0.107556 0 0 -55.3738 -2.03821 21.2804 
0.0916067 0 0 -56.4131 -1.95198 21.602 
0.108267 0 0 -57.409 -1.862 21.8922 
0.116059 0 0 -58.3019 -1.78644 22.1427 
0.132329 0 0 -59.0431 -1.7314 22.3502 
0.163493 0 0 -59.5578 -1.69702 22.4888 
0.191851 0 0 -59.768 -1.6807 22.5491 
0.210659 0 0 -59.8233 -1.61613 22.5669 
0.209236 0 0 -59.667 -1.58938 22.5283 
0.213502 0 0 -59.2103 -1.58283 22.4086 
0.203889 0 0 -58.4948 -1.58592 22.2161 
0.177369 0 0 -57.5721 -1.5897 21.9561 
0.156921 0 0 -56.5334 -1.5826 21.6486 
0.148432 0 0 -55.4528 -1.56101 21.3104 
0.119897 0 0 -54.3713 -1.52436 20.9555 
0.101785 0 0 -53.3384 -1.47908 20.5969 
0.0875846 0 0 -52.3893 -1.42731 20.252 
0.078391 0 0 -51.5321 -1.3751 19.9307 
0.0703541 0 0 -50.7608 -1.32599 19.6246 
0.0669829 0 0 -50.1067 -1.2831 19.3619 
0.063402 0 0 -49.5474 -1.24844 19.1248 
0.0547554 0 0 -49.0945 -1.22331 18.9279 
0.0571095 0 0 -48.7493 -1.20894 18.7791 
0.0580142 0 0 -48.5009 -1.20606 18.6699 
0.0570955 0 0 -48.3613 -1.21458 18.6021 
0.0590181 0 0 -48.3051 -1.23542 18.5773 
0.0550312 0 0 -48.353 -1.2691 18.6001 
0.0634787 0 0 -48.5079 -1.31762 18.6678 
0.0638226 0 0 -48.7534 -1.37926 18.7779 
0.0690291 0 0 -49.1057 -1.45467 18.9314 
0.0691989 0 0 -49.5637 -1.54344 19.1298 
0.0736274 0 0 -50.1109 -1.64203 19.3601 
0.0807071 0 0 -50.7698 -1.74581 19.6276 
0.0895691 0 0 -51.5441 -1.84894 19.9342 
0.0964971 0 0 -52.4095 -1.94068 20.2639 
0.113621 0 0 -53.3652 -2.00688 20.607 
0.121869 0 0 -54.377 -2.03966 20.9553 
0.137606 0 0 -55.4362 -2.03234 21.3061 
0.150677 0 0 -56.5068 -1.98665 21.6356 
0.16698 0 0 -57.5228 -1.91404 21.934 
0.160478 0 0 -58.4164 -1.82846 22.1882 
0.184881 0 0 -59.1642 -1.74001 22.3912 
0.195254 0 0 -59.6446 -1.66865 22.5172 
0.212807 0 0 -59.8206 -1.61675 22.5648 
0.221635 0 0 -59.8365 -1.52995 22.5747 
0.223747 0 0 -59.6871 -1.50266 22.535 
0.209107 0 0 -59.2179 -1.50314 22.4118 
0.196181 0 0 -58.4898 -1.51685 22.2161 
0.177215 0 0 -57.5668 -1.53261 21.9529 
0.164477 0 0 -56.5342 -1.53727 21.6481 
0.141946 0 0 -55.45 -1.52471 21.3114 
0.118587 0 0 -54.3809 -1.49684 20.9589 
0.099894 0 0 -53.3387 -1.457 20.5964 
0.0962358 0 0 -52.3859 -1.4098 20.2543 
0.070849 0 0 -51.5253 -1.35918 19.9265 
0.0650937 0 0 -50.7571 -1.3121 19.6253 
0.0648119 0 0 -50.1021 -1.2692 19.3579 
0.0644667 0 0 -49.5502 -1.23449 19.1251 
0.0566565 0 0 -49.095 -1.20789 18.9301 
0.0538195 0 0 -48.7434 -1.19103 18.7759 
0.0533739 0 0 -48.499 -1.18486 18.6659 
0.0580939 0 0 -48.3585 -1.18948 18.6015 
0.0519631 0 0 -48.3096 -1.20527 18.5826 
0.0623329 0 0 -48.3578 -1.23226 18.5996 
0.0579685 0 0 -48.5012 -1.27141 18.6671 
0.0587412 0 0 -48.7633 -1.32324 18.7819 
0.0671355 0 0 -49.1084 -1.38697 18.9356 
0.0596033 0 0 -49.5481 -1.46091 19.1237 
0.0731228 0 0 -50.1051 -1.54553 19.36 
0.0860333 0 0 -50.7795 -1.63729 19.6343 
0.0888899 0 0 -51.5332 -1.72802 19.9325 
0.104025 0 0 -52.3966 -1.81236 20.2568 
0.116343 0 0 -53.3632 -1.88203 20.6053 
0.129898 0 0 -54.3979 -1.92555 20.9629 
0.154517 0 0 -55.4667 -1.93378 21.3155 
0.165006 0 0 -56.5384 -1.90567 21.6485 
0.182332 0 0 -57.5628 -1.84352 21.9536 
0.191519 0 0 -58.4666 -1.76083 22.2058 
0.209603 0 0 -59.2081 -1.66673 22.4078 
0.20776 0 0 -59.6621 -1.58684 22.5297 
0.220556 0 0 -59.8376 -1.53114 22.5715 
0.223133 0 0 -59.8274 -1.4574 22.5696 
0.222961 0 0 -59.6776 -1.43774 22.5321 
0.205242 0 0 -59.2103 -1.4474 22.4096 
0.198634 0 0 -58.4821 -1.47457 22.2092 
0.187383 0 0 -57.5663 -1.49798 21.954 
0.155078 0 0 -56.5265 -1.51243 21.6469 
0.142479 0 0 -55.4469 -1.50922 21.306 
0.126301 0 0 -54.3727 -1.4865 20.9566 
0.106026 0 0 -53.345 -1.45072 20.5984 
0.0984723 0 0 -52.3927 -1.4048 20.2554 
0.083746 0 0 -51.5235 -1.3564 19.9289 
0.0671027 0 0 -50.7712 -1.30902 19.6295 
0.0647192 0 0 -50.1071 -1.26581 19.3614 
0.0671693 0 0 -49.5506 -1.22897 19.1242 
0.0650054 0 0 -49.0942 -1.20061 18.9302 
0.0526272 0 0 -48.7504 -1.18099 18.7764 
0.0571936 0 0 -48.5008 -1.17117 18.6664 
0.0603775 0 0 -48.3674 -1.17217 18.6042 
0.0514584 0 0 -48.3091 -1.18202 18.5802 
0.0515087 0 0 -48.3572 -1.20281 18.6002 
0.0580387 0 0 -48.4975 -1.23459 18.6666 
0.0617629 0 0 -48.7557 -1.27726 18.7804 
0.061869 0 0 -49.0971 -1.33009 18.9283 
0.0632978 0 0 -49.5523 -1.39416 19.1246 
0.066128 0 0 -50.1048 -1.46527 19.3566 
0.0791432 0 0 -50.7619 -1.54339 19.6277 
0.0907882 0 0 -51.5291 -1.6236 19.9269 
0.0959307 0 0 -52.4014 -1.69898 20.2591 
0.126432 0 0 -53.3648 -1.76229 20.6096 
0.129888 0 0 -54.3796 -1.8053 20.9594 
0.152213 0 0 -55.4607 -1.8187 21.3128 
0.169717 0 0 -56.5434 -1.7961 21.6529 
0.180113 0 0 -57.5762 -1.7426 21.9588 
0.189059 0 0 -58.4804 -1.66515 22.2152 
0.21225 0 0 -59.2207 -1.57824 22.4142 
0.223146 0 0 -59.6874 -1.50438 22.5333 
0.236037 0 0 -59.8481 -1.4545 22.5753 
0.215216 0 0 -59.8362 -1.39795 22.5747 
0.2254 0 0 -59.6889 -1.39162 22.5331 
0.216555 0 0 -59.2148 -1.41395 22.4098 
0.192843 0 0 -58.4799 -1.44908 22.2138 
0.179997 0 0 -57.568 -1.48452 21.9574 
0.160583 0 0 -56.5347 -1.50811 21.6482 
0.135668 0 0 -55.4452 -1.51085 21.3084 
0.118048 0 0 -54.375 -1.49311 20.9542 
0.106975 0 0 -53.3552 -1.45873 20.6027 
0.0983643 0 0 -52.3937 -1.41444 20.2557 
0.0942362 0 0 -51.5242 -1.36488 19.9263 
0.0680864 0 0 -50.7549 -1.3162 19.6249 
0.0716062 0 0 -50.1065 -1.27133 19.3595 
0.0678854 0 0 -49.5445 -1.23243 19.1246 
0.0630061 0 0 -49.0987 -1.20113 18.9318 
0.0644327 0 0 -48.7476 -1.17819 18.7772 
0.0592025 0 0 -48.5068 -1.16454 18.6655 
0.0621696 0 0 -48.3598 -1.16053 18.6041 
0.0604561 0 0 -48.3141 -1.16633 18.5819 
0.0632468 0 0 -48.3626 -1.1811 18.6014 
0.0591724 0 0 -48.5055 -1.20589 18.6678 
0.0553013 0 0 -48.748 -1.24059 18.775 
0.0615759 0 0 -49.1013 -1.28582 18.9312 
0.0616769 0 0 -49.5516 -1.33917 19.1262 
0.0753091 0 0 -50.1068 -1.40123 19.359 
0.0736167 0 0 -50.7653 -1.46856 19.6263 
0.0957283 0 0 -51.5312 -1.53799 19.9274 
0.103642 0 0 -52.4039 -1.60442 20.2589 
0.124338 0 0 -53.361 -1.66059 20.6067 
0.130424 0 0 -54.3837 -1.69939 20.9617 
0.152538 0 0 -55.4617 -1.71453 21.3141 
0.172233 0 0 -56.5514 -1.69702 21.6522 
0.188146 0 0 -57.5818 -1.65005 21.9603 
0.217586 0 0 -58.4989 -1.58039 22.2156 
0.214997 0 0 -59.2226 -1.50032 22.4162 
0.213972 0 0 -59.6735 -1.43614 22.535 
0.220227 0 0 -59.8481 -1.39599 22.5782 
0.224203 0 0 -59.8438 -1.36443 22.5743 
0.211323 0 0 -59.6782 -1.36635 22.5365 
0.224527 0 0 -59.2166 -1.40141 22.4116 
0.205893 0 0 -58.4893 -1.45101 22.211 
0.182778 0 0 -57.5752 -1.49496 21.9553 
0.170325 0 0 -56.5361 -1.52448 21.6469 
0.146447 0 0 -55.4568 -1.53095 21.3119 
0.11739 0 0 -54.3831 -1.51593 20.9577 
0.101755 0 0 -53.3435 -1.48233 20.5985 
0.0874617 0 0 -52.3837 -1.43741 20.253 
0.0892038 0 0 -51.5183 -1.38665 19.9254 
0.0736701 0 0 -50.7643 -1.33557 19.6274 
0.0723987 0 0 -50.101 -1.28713 19.3586 
0.0616167 0 0 -49.5517 -1.24474 19.1244 
0.0595346 0 0 -49.0913 -1.20892 18.9272 
0.0621471 0 0 -48.7516 -1.1829 18.7774 
0.060622 0 0 -48.5042 -1.16443 18.668 
0.0558333 0 0 -48.3561 -1.15582 18.6006 
0.0511134 0 0 -48.3049 -1.15597 18.577 
0.0619426 0 0 -48.3507 -1.16557 18.599 
0.0668333 0 0 -48.5059 -1.18504 18.6675 
0.0663338 0 0 -48.7573 -1.21412 18.7786 
0.0607362 0 0 -49.1011 -1.25101 18.9312 
0.063426 0 0 -49.546 -1.29731 19.1237 
0.0674575 0 0 -50.1025 -1.35099 19.3568 
0.0787121 0 0 -50.764 -1.40984 19.6288 
0.0819249 0 0 -51.5286 -1.47125 19.9285 
0.0923999 0 0 -52.3947 -1.53019 20.2548 
0.108751 0 0 -53.3446 -1.58145 20.6015 
0.125574 0 0 -54.3814 -1.61791 20.9576 
0.144489 0 0 -55.4571 -1.63164 21.311 
0.156086 0 0 -56.5402 -1.61738 21.6502 
0.175204 0 0 -57.5665 -1.57519 21.957 
0.199931 0 0 -58.4883 -1.51436 22.2149 
0.212068 0 0 -59.2134 -1.44632 22.4126 
0.21425 0 0 -59.6644 -1.39425 22.529 
0.225486 0 0 -59.8441 -1.3624 22.5768 
0.211017 0 0 -59.8291 -1.35375 22.5726 
0.225983 0 0 -59.6815 -1.36832 22.535 
0.214247 0 0 -59.2173 -1.41122 22.4151 
0.196699 0 0 -58.4791 -1.47107 22.2136 
0.18899 0 0 -57.5755 -1.52457 21.9549 
0.156723 0 0 -56.5402 -1.56056 21.6457 
0.134745 0 0 -55.4514 -1.57091 21.3119 
0.116897 0 0 -54.376 -1.55652 20.9581 
0.100748 0 0 -53.3453 -1.52261 20.6033 
0.0937141 0 0 -52.39 -1.47583 20.2543 
0.0873721 0 0 -51.5274 -1.42143 19.9296 
0.0729927 0 0 -50.7691 -1.3662 19.6271 
0.0695679 0 0 -50.1092 -1.3135 19.3593 
0.0568773 0 0 -49.546 -1.26561 19.124 
0.056689 0 0 -49.0951 -1.22572 18.9301 
0.0561248 0 0 -48.7418 -1.19393 18.7754 
0.0518175 0 0 -48.5056 -1.17138 18.6698 
0.0555324 0 0 -48.3624 -1.15791 18.6028 
0.0514275 0 0 -48.3002 -1.15254 18.5773 
0.051795 0 0 -48.3568 -1.15752 18.6021 
0.0533381 0 0 -48.5015 -1.17129 18.6665 
0.0636097 0 0 -48.7474 -1.19424 18.7776 
0.0573888 0 0 -49.1017 -1.2257 18.9293 
0.0593623 0 0 -49.5384 -1.26559 19.1204 
0.0726738 0 0 -50.1044 -1.31321 19.3604 
0.0759927 0 0 -50.7682 -1.3661 19.629 
0.0954983 0 0 -51.5376 -1.42172 19.9299 
0.094623 0 0 -52.3957 -1.47562 20.2563 
0.104281 0 0 -53.3504 -1.52244 20.6028 
0.120669 0 0 -54.3733 -1.55657 20.958 
0.151748 0 0 -55.451 -1.57083 21.3066 
0.163016 0 0 -56.5374 -1.55905 21.6515 
0.173879 0 0 -57.5588 -1.52414 21.9538 
0.198447 0 0 -58.4849 -1.47245 22.2116 
0.198952 0 0 -59.2027 -1.41449 22.4065 
0.213812 0 0 -59.674 -1.36976 22.5317 
0.225753 0 0 -59.8428 -1.35374 22.5724 
