42.9797 0 0 -47.9724 12.9058 65.8752 
42.0912 0 0 -47.9924 12.7759 65.863 
39.4917 0 0 -48.0442 12.5383 65.8239 
35.0745 0 0 -48.1067 12.1578 65.7381 
29.6063 0 0 -48.2084 11.4728 65.6329 
23.2772 0 0 -48.3022 10.5276 65.4567 
16.8181 0 0 -48.3803 9.24709 65.2123 
10.9605 0 0 -48.3789 7.57361 64.8515 
6.33775 0 0 -48.2801 5.61336 64.3693 
3.17601 0 0 -48.0615 3.63206 63.7714 
1.43906 0 0 -47.7021 1.86241 63.0507 
0.586457 0 0 -47.2795 0.520767 62.306 
0.245967 0 0 -46.8428 -0.341695 61.5932 
0.101542 0 0 -46.4259 -0.84489 60.9487 
0.0454468 0 0 -46.0547 -1.11824 60.396 
0.0317437 0 0 -45.7666 -1.25214 59.9607 
0.0179346 0 0 -45.5588 -1.31259 59.6597 
0.01651 0 0 -45.4345 -1.33881 59.4766 
0.0140987 0 0 -45.3859 -1.3449 59.4108 
0.0169757 0 0 -45.4364 -1.33897 59.4777 
0.018156 0 0 -45.5553 -1.31342 59.6551 
0.0267566 0 0 -45.7686 -1.25178 59.9678 
0.0463264 0 0 -46.0527 -1.11549 60.3906 
0.0999749 0 0 -46.4267 -0.846464 60.9492 
0.237171 0 0 -46.8328 -0.340871 61.5894 
0.595855 0 0 -47.2924 0.534179 62.3245 
1.45252 0 0 -47.7147 1.86631 63.0652 
3.19749 0 0 -48.0585 3.62773 63.7668 
6.31514 0 0 -48.2815 5.61893 64.3649 
10.9518 0 0 -48.3832 7.58096 64.8557 
16.8284 0 0 -48.3668 9.20971 65.1983 
23.281 0 0 -48.3026 10.5212 65.457 
29.6634 0 0 -48.2037 11.4387 65.6268 
35.1755 0 0 -48.1088 12.0889 65.7394 
39.3746 0 0 -48.0337 12.5591 65.8179 
42.0357 0 0 -47.9857 12.8107 65.8548 
42.9982 0 0 -47.9748 12.8865 65.8753 
42.0459 0 0 -48.0125 12.779 65.897 
40.297 0 0 -48.0928 12.6388 65.8915 
36.7289 0 0 -48.1895 12.344 65.8403 
31.8244 0 0 -48.3206 11.8596 65.7687 
25.8313 0 0 -48.4587 10.9948 65.6437 
19.4497 0 0 -48.5929 9.88381 65.4704 
13.1684 0 0 -48.6869 8.38651 65.2126 
7.94831 0 0 -48.6934 6.56194 64.8456 
4.20756 0 0 -48.5506 4.5341 64.3245 
1.90839 0 0 -48.252 2.57566 63.6711 
0.802187 0 0 -47.8385 1.00174 62.9424 
0.307994 0 0 -47.3522 -0.067463 62.1806 
0.129618 0 0 -46.8731 -0.70753 61.4662 
0.057631 0 0 -46.4353 -1.0509 60.8377 
0.0287445 0 0 -46.0706 -1.22299 60.328 
0.0182978 0 0 -45.7675 -1.30454 59.9138 
0.0153664 0 0 -45.5646 -1.33882 59.6418 
0.0125709 0 0 -45.4284 -1.35061 59.4759 
0.0142574 0 0 -45.389 -1.34796 59.4396 
0.0175399 0 0 -45.4366 -1.33338 59.5333 
0.021924 0 0 -45.5588 -1.29248 59.7418 
0.0361008 0 0 -45.7637 -1.20153 60.0736 
0.0704334 0 0 -46.0443 -1.01238 60.5245 
0.158393 0 0 -46.3983 -0.649222 61.1088 
0.378018 0 0 -46.8 0.0167127 61.7772 
0.935629 0 0 -47.2032 1.07241 62.4931 
2.17317 0 0 -47.5811 2.60086 63.2325 
4.55571 0 0 -47.8863 4.46243 63.9212 
8.33729 0 0 -48.0658 6.43811 64.4912 
13.5203 0 0 -48.1403 8.20317 64.9347 
19.627 0 0 -48.1444 9.72387 65.273 
25.935 0 0 -48.1012 10.8501 65.5123 
31.9393 0 0 -48.0447 11.6535 65.6773 
36.8211 0 0 -47.9966 12.2344 65.7832 
40.2304 0 0 -47.9786 12.6239 65.8586 
42.0353 0 0 -47.9817 12.7691 65.8929 
42.0526 0 0 -48.0247 12.7947 65.9096 
39.2655 0 0 -48.1653 12.5356 65.9957 
36.6997 0 0 -48.2955 12.3334 65.985 
32.5334 0 0 -48.4472 11.8731 65.9337 
27.1303 0 0 -48.645 11.2972 65.8831 
21.08 0 0 -48.8285 10.3017 65.7614 
14.8283 0 0 -48.9873 8.9279 65.5754 
9.25342 0 0 -49.095 7.24238 65.319 
5.00871 0 0 -49.0525 5.21181 64.9085 
2.33829 0 0 -48.8402 3.16444 64.3456 
0.977417 0 0 -48.4459 1.39412 63.6403 
0.366839 0 0 -47.9526 0.151758 62.8706 
0.146443 0 0 -47.4198 -0.604786 62.1115 
0.0612866 0 0 -46.9089 -1.013 61.4035 
0.0297812 0 0 -46.4558 -1.2178 60.8024 
0.0223155 0 0 -46.0804 -1.31128 60.3134 
0.015455 0 0 -45.7787 -1.34827 59.9333 
0.0114118 0 0 -45.5579 -1.36128 59.6686 
0.014636 0 0 -45.4386 -1.36246 59.547 
0.0152836 0 0 -45.3906 -1.35516 59.5229 
0.0165871 0 0 -45.4367 -1.33438 59.6436 
0.0241457 0 0 -45.5565 -1.28413 59.8796 
0.0414008 0 0 -45.762 -1.17143 60.2419 
0.0834126 0 0 -46.0378 -0.93472 60.7232 
0.210467 0 0 -46.3829 -0.488735 61.3262 
0.526749 0 0 -46.7597 0.304447 62.0126 
1.27355 0 0 -47.1412 1.50781 62.7423 
2.82168 0 0 -47.4816 3.1494 63.4677 
5.60816 0 0 -47.7451 5.04473 64.1263 
9.81595 0 0 -47.9038 6.94297 64.6694 
15.2137 0 0 -47.9753 8.5659 65.0901 
21.31 0 0 -47.9987 9.92569 65.4059 
27.2408 0 0 -48.0007 10.9992 65.6455 
32.5872 0 0 -47.9794 11.6773 65.7861 
36.697 0 0 -47.9837 12.1335 65.8935 
39.2689 0 0 -48.0104 12.4648 65.9535 
40.1118 0 0 -48.0702 12.6324 65.9919 
39.2465 0 0 -48.1613 12.5684 65.9931 
34.8705 0 0 -48.4137 12.1013 66.1621 
31.6449 0 0 -48.5942 11.7952 66.1433 
27.0294 0 0 -48.8195 11.1921 66.115 
21.4449 0 0 -49.0749 10.4009 66.0736 
15.557 0 0 -49.3044 9.22167 65.9673 
10.0528 0 0 -49.5002 7.65145 65.8077 
5.55033 0 0 -49.5638 5.70691 65.5081 
2.62684 0 0 -49.4487 3.61483 65.0523 
1.06985 0 0 -49.1207 1.70496 64.4153 
0.401222 0 0 -48.6257 0.307766 63.6568 
0.150254 0 0 -48.0405 -0.549834 62.8472 
0.0637456 0 0 -47.4602 -1.0101 62.0782 
0.0322552 0 0 -46.9284 -1.23042 61.3983 
0.0184433 0 0 -46.4581 -1.32719 60.8092 
0.0157049 0 0 -46.0834 -1.3628 60.3497 
0.012762 0 0 -45.7825 -1.37343 59.9983 
0.0101471 0 0 -45.5666 -1.37342 59.7662 
0.0117107 0 0 -45.4363 -1.36979 59.6477 
0.0129864 0 0 -45.3957 -1.36204 59.6628 
0.0193677 0 0 -45.4249 -1.3419 59.7821 
0.0249419 0 0 -45.5486 -1.28898 60.0476 
0.0456049 0 0 -45.7563 -1.16584 60.446 
0.101228 0 0 -46.0331 -0.905386 60.9646 
0.24471 0 0 -46.3662 -0.403142 61.5906 
0.627815 0 0 -46.7375 0.460133 62.3018 
1.49951 0 0 -47.1 1.76844 63.0424 
3.25599 0 0 -47.4028 3.41837 63.7392 
6.29419 0 0 -47.6531 5.2875 64.3874 
10.5856 0 0 -47.8057 7.12259 64.9043 
15.8293 0 0 -47.8911 8.65768 65.3027 
21.5002 0 0 -47.9342 9.87696 65.597 
26.9587 0 0 -47.9721 10.8397 65.82 
31.518 0 0 -48.0145 11.5265 65.9703 
34.8447 0 0 -48.0654 11.9507 66.0634 
36.5196 0 0 -48.1438 12.1916 66.1155 
36.5688 0 0 -48.256 12.2345 66.1469 
34.9228 0 0 -48.4165 12.1004 66.1646 
29.261 0 0 -48.7802 11.3967 66.4078 
25.5511 0 0 -49.0309 10.9235 66.4093 
20.7235 0 0 -49.3268 10.2642 66.4085 
15.4746 0 0 -49.6264 9.15469 66.3747 
10.2233 0 0 -49.8962 7.72676 66.2887 
5.83492 0 0 -50.0848 5.90142 66.1246 
2.82846 0 0 -50.0635 3.80826 65.7637 
1.13783 0 0 -49.8201 1.86618 65.2242 
0.407363 0 0 -49.35 0.394496 64.4971 
0.153332 0 0 -48.7306 -0.535217 63.6643 
0.0633454 0 0 -48.0978 -1.02397 62.8472 
0.0329229 0 0 -47.4912 -1.25552 62.0962 
0.0183615 0 0 -46.9421 -1.34889 61.4303 
0.0160342 0 0 -46.4655 -1.37692 60.8652 
0.0144597 0 0 -46.0823 -1.37967 60.4237 
0.0132895 0 0 -45.7751 -1.37374 60.0891 
0.011783 0 0 -45.5591 -1.36932 59.8737 
0.0148971 0 0 -45.4388 -1.36668 59.7923 
0.0158157 0 0 -45.3906 -1.36407 59.819 
0.0160561 0 0 -45.425 -1.34987 59.9718 
0.0284349 0 0 -45.5561 -1.30428 60.2642 
0.04545 0 0 -45.7612 -1.18629 60.6883 
0.0923139 0 0 -46.0323 -0.920706 61.2288 
0.25297 0 0 -46.3692 -0.408254 61.8934 
0.6397 0 0 -46.7193 0.477071 62.6109 
1.57415 0 0 -47.0723 1.78107 63.3644 
3.38609 0 0 -47.3882 3.4613 64.0811 
6.30053 0 0 -47.6104 5.28637 64.6856 
10.5465 0 0 -47.7845 7.0013 65.2004 
15.4072 0 0 -47.8841 8.47107 65.5689 
20.5127 0 0 -47.9661 9.606 65.852 
25.1777 0 0 -48.04 10.5141 66.0534 
28.9074 0 0 -48.1309 11.1008 66.1963 
31.2144 0 0 -48.2351 11.5034 66.2856 
32.2389 0 0 -48.3802 11.6509 66.3497 
31.5373 0 0 -48.5611 11.6356 66.3849 
29.2948 0 0 -48.7788 11.3893 66.4058 
22.7715 0 0 -49.2754 10.4015 66.758 
18.9507 0 0 -49.6083 9.76473 66.7936 
14.4549 0 0 -49.9627 8.83878 66.8105 
9.84904 0 0 -50.3228 7.52945 66.8183 
5.77884 0 0 -50.594 5.85279 66.7352 
2.80054 0 0 -50.6902 3.86293 66.4994 
1.15011 0 0 -50.544 1.94098 66.0578 
0.423553 0 0 -50.111 0.422121 65.3772 
0.152161 0 0 -49.501 -0.547613 64.5561 
0.0579045 0 0 -48.807 -1.05457 63.6963 
0.0293326 0 0 -48.1311 -1.28426 62.8817 
0.0219651 0 0 -47.4969 -1.36946 62.1335 
0.0168123 0 0 -46.944 -1.38747 61.4959 
0.0137223 0 0 -46.4705 -1.37949 60.9629 
0.0133378 0 0 -46.0841 -1.36514 60.54 
0.0144587 0 0 -45.7796 -1.3539 60.224 
0.0159851 0 0 -45.5623 -1.34991 60.027 
0.0153367 0 0 -45.4358 -1.35224 59.9588 
0.0158349 0 0 -45.3888 -1.3568 60.0021 
0.0195499 0 0 -45.4302 -1.35351 60.1806 
0.0271274 0 0 -45.5617 -1.32284 60.5019 
0.043448 0 0 -45.7616 -1.22514 60.9413 
0.0921897 0 0 -46.0279 -0.99112 61.5025 
0.220075 0 0 -46.361 -0.510595 62.1871 
0.568014 0 0 -46.7307 0.331126 62.9428 
1.39538 0 0 -47.0856 1.61442 63.7093 
3.03139 0 0 -47.3852 3.21007 64.4118 
5.76569 0 0 -47.6396 4.96832 65.0299 
9.49269 0 0 -47.8263 6.62255 65.5245 
13.8526 0 0 -47.9674 8.03923 65.8934 
18.244 0 0 -48.0837 9.10054 66.1613 
22.0058 0 0 -48.2209 9.94243 66.3707 
24.9952 0 0 -48.3515 10.4373 66.4927 
26.6895 0 0 -48.5221 10.7386 66.5877 
26.8029 0 0 -48.7315 10.8641 66.6556 
25.4787 0 0 -48.972 10.7052 66.6989 
22.8201 0 0 -49.2696 10.3399 66.7421 
16.2539 0 0 -49.9149 9.02524 67.211 
12.7468 0 0 -50.3198 8.17526 67.2786 
8.93044 0 0 -50.7368 7.03086 67.34 
5.41874 0 0 -51.0909 5.50799 67.3396 
2.74938 0 0 -51.3092 3.70804 67.2236 
1.13646 0 0 -51.2549 1.8787 66.8695 
0.411296 0 0 -50.8994 0.398144 66.2662 
0.141344 0 0 -50.2991 -0.575524 65.4755 
0.0619684 0 0 -49.5893 -1.0852 64.6024 
0.0342065 0 0 -48.8492 -1.31084 63.7353 
0.0236426 0 0 -48.1433 -1.38769 62.9289 
0.0175526 0 0 -47.5065 -1.3946 62.2122 
0.0158352 0 0 -46.9415 -1.37497 61.5854 
0.0114086 0 0 -46.4712 -1.35088 61.0787 
0.0132205 0 0 -46.0801 -1.33082 60.6651 
0.0174173 0 0 -45.7776 -1.31917 60.3638 
0.0169099 0 0 -45.5667 -1.31824 60.1977 
0.0192277 0 0 -45.4332 -1.32628 60.1315 
0.0199647 0 0 -45.3889 -1.33899 60.1967 
0.0207719 0 0 -45.431 -1.34815 60.396 
0.0258884 0 0 -45.5521 -1.33706 60.716 
0.0402943 0 0 -45.7627 -1.27022 61.1864 
0.0694158 0 0 -46.045 -1.08192 61.7817 
0.16565 0 0 -46.3784 -0.675362 62.4845 
0.438681 0 0 -46.7493 0.0762294 63.2595 
1.09152 0 0 -47.116 1.22938 64.0441 
2.45952 0 0 -47.4428 2.7313 64.7675 
4.76883 0 0 -47.7234 4.35383 65.3879 
7.90841 0 0 -47.9475 5.91947 65.8868 
11.3771 0 0 -48.1273 7.26703 66.255 
15.0645 0 0 -48.3067 8.29187 66.5288 
18.0987 0 0 -48.4823 9.0068 66.7196 
20.125 0 0 -48.6873 9.52194 66.8639 
21.0537 0 0 -48.931 9.7766 66.9731 
20.7306 0 0 -49.2041 9.74581 67.0478 
19.0827 0 0 -49.5435 9.52194 67.1385 
16.2571 0 0 -49.9208 8.98751 67.2176 
10.4015 0 0 -50.6876 7.24551 67.7778 
7.57184 0 0 -51.1551 6.25445 67.8819 
4.75543 0 0 -51.5823 4.93006 67.9468 
2.49535 0 0 -51.8883 3.35493 67.9017 
1.08538 0 0 -51.929 1.71726 67.6421 
0.403608 0 0 -51.6707 0.323703 67.1381 
0.141584 0 0 -51.128 -0.602492 66.4037 
0.0625289 0 0 -50.4055 -1.11079 65.5354 
0.0283795 0 0 -49.6266 -1.33178 64.6363 
0.0201802 0 0 -48.8678 -1.4022 63.7922 
0.0189755 0 0 -48.1516 -1.4004 63.0068 
0.01699 0 0 -47.5024 -1.37097 62.3005 
0.0168527 0 0 -46.9506 -1.33615 61.7094 
0.0160618 0 0 -46.4718 -1.30602 61.2075 
0.0196021 0 0 -46.0721 -1.28507 60.7989 
0.0179094 0 0 -45.7826 -1.27633 60.5342 
0.0173629 0 0 -45.5556 -1.27794 60.3547 
0.0204597 0 0 -45.4326 -1.29116 60.3118 
0.0209177 0 0 -45.3904 -1.31149 60.3925 
0.0248977 0 0 -45.4273 -1.33214 60.589 
0.0285408 0 0 -45.5519 -1.33942 60.9308 
0.0386877 0 0 -45.7665 -1.30661 61.4107 
0.0573112 0 0 -46.045 -1.17917 62.0129 
0.123046 0 0 -46.4003 -0.873382 62.7422 
0.3022 0 0 -46.7809 -0.279673 63.5338 
0.759017 0 0 -47.1721 0.696668 64.3433 
1.73345 0 0 -47.5467 2.01549 65.1088 
3.39978 0 0 -47.8588 3.50715 65.7452 
5.72306 0 0 -48.1277 4.95498 66.2568 
8.56944 0 0 -48.385 6.19103 66.657 
11.3882 0 0 -48.612 7.15282 66.9311 
13.613 0 0 -48.8711 7.8426 67.1508 
14.9829 0 0 -49.1425 8.26901 67.3073 
15.3672 0 0 -49.4607 8.39628 67.4335 
14.663 0 0 -49.8243 8.30164 67.5506 
12.9127 0 0 -50.2419 7.94077 67.672 
10.4366 0 0 -50.6904 7.25544 67.7826 
5.876 0 0 -51.5667 5.23869 68.4286 
3.90005 0 0 -52.032 4.14286 68.5161 
2.16232 0 0 -52.4136 2.83792 68.5402 
1.01149 0 0 -52.5646 1.44807 68.3729 
0.393516 0 0 -52.4046 0.22945 67.959 
0.153674 0 0 -51.9342 -0.637986 67.2931 
0.0676688 0 0 -51.2482 -1.12522 66.4558 
0.0376536 0 0 -50.4659 -1.3479 65.5748 
0.0234762 0 0 -49.6489 -1.41606 64.6883 
0.0186718 0 0 -48.8826 -1.40878 63.8695 
0.0200867 0 0 -48.157 -1.37136 63.0983 
0.0184465 0 0 -47.5049 -1.32648 62.4133 
0.0181601 0 0 -46.9405 -1.28651 61.8245 
0.0176742 0 0 -46.4688 -1.25577 61.3411 
0.0190732 0 0 -46.0784 -1.23678 60.9577 
0.0214653 0 0 -45.7715 -1.22943 60.6805 
0.0243179 0 0 -45.561 -1.23554 60.5225 
0.0212056 0 0 -45.4234 -1.25128 60.4809 
0.02546 0 0 -45.3885 -1.27684 60.5711 
0.0287298 0 0 -45.4336 -1.30611 60.7847 
0.029688 0 0 -45.5542 -1.32979 61.1231 
0.0360749 0 0 -45.7615 -1.32662 61.5973 
0.0461352 0 0 -46.058 -1.25861 62.2198 
0.0881668 0 0 -46.4143 -1.05935 62.9478 
0.195036 0 0 -46.8162 -0.632997 63.7461 
0.465256 0 0 -47.2478 0.106648 64.5919 
1.09437 0 0 -47.6627 1.16543 65.3858 
2.13389 0 0 -48.0503 2.43953 66.0848 
3.74844 0 0 -48.3863 3.73491 66.6329 
5.67414 0 0 -48.7098 4.88023 67.0641 
7.64656 0 0 -49.016 5.74975 67.3732 
9.1819 0 0 -49.3436 6.37039 67.6169 
10.016 0 0 -49.7101 6.71992 67.8151 
10.0905 0 0 -50.1125 6.7335 67.9796 
9.31108 0 0 -50.5615 6.54134 68.1297 
7.77798 0 0 -51.0583 6.05905 68.2902 
5.89169 0 0 -51.5695 5.25148 68.4318 
2.96028 0 0 -52.4251 3.1986 69.0408 
1.76553 0 0 -52.8616 2.18279 69.1041 
0.879736 0 0 -53.0941 1.0958 68.9957 
0.391581 0 0 -53.034 0.0786004 68.6612 
0.147953 0 0 -52.6865 -0.674711 68.113 
0.0661171 0 0 -52.0738 -1.13794 67.3556 
0.0387248 0 0 -51.3131 -1.35917 66.5049 
0.0262831 0 0 -50.4794 -1.42902 65.6079 
0.0213886 0 0 -49.6641 -1.4206 64.7576 
0.0223984 0 0 -48.8712 -1.37804 63.9344 
0.0193576 0 0 -48.1549 -1.32647 63.1967 
0.0204179 0 0 -47.5 -1.27745 62.5265 
0.023287 0 0 -46.9418 -1.23699 61.9575 
0.0235005 0 0 -46.4618 -1.20742 61.4758 
0.0252949 0 0 -46.0709 -1.19033 61.1018 
0.0217622 0 0 -45.774 -1.18532 60.8452 
0.0248708 0 0 -45.5587 -1.19238 60.6869 
0.0268731 0 0 -45.4292 -1.20976 60.6504 
0.0313722 0 0 -45.3935 -1.23853 60.7423 
0.029875 0 0 -45.4266 -1.27224 60.9449 
0.0307857 0 0 -45.5548 -1.3069 61.2888 
0.039303 0 0 -45.7665 -1.32758 61.7596 
0.0429427 0 0 -46.059 -1.30716 62.3631 
0.0606895 0 0 -46.4258 -1.20111 63.0847 
0.126156 0 0 -46.8566 -0.939207 63.891 
0.255169 0 0 -47.3265 -0.445497 64.759 
0.564304 0 0 -47.795 0.318985 65.5844 
1.18878 0 0 -48.2494 1.29558 66.3307 
2.14156 0 0 -48.6818 2.3677 66.9606 
3.3464 0 0 -49.0852 3.3316 67.4388 
4.57122 0 0 -49.4994 4.13459 67.8269 
5.50669 0 0 -49.912 4.66843 68.1119 
5.97451 0 0 -50.3628 4.90645 68.3476 
5.88404 0 0 -50.8572 4.89637 68.5595 
5.22521 0 0 -51.3805 4.58977 68.7475 
4.19132 0 0 -51.9141 4.02663 68.9173 
2.9507 0 0 -52.4264 3.19537 69.0488 
1.31013 0 0 -53.1914 1.45906 69.5534 
0.723438 0 0 -53.509 0.663318 69.5153 
0.341578 0 0 -53.5796 -0.108558 69.28 
0.156666 0 0 -53.3534 -0.738058 68.8286 
0.0677508 0 0 -52.8511 -1.14963 68.1793 
0.0404809 0 0 -52.1499 -1.36449 67.3827 
0.0312683 0 0 -51.3381 -1.44079 66.5323 
0.023262 0 0 -50.4928 -1.43619 65.6664 
0.0238859 0 0 -49.6632 -1.39252 64.8262 
0.0229041 0 0 -48.8734 -1.33623 64.0349 
0.0232123 0 0 -48.1523 -1.28053 63.3073 
0.0229809 0 0 -47.509 -1.23162 62.662 
0.0276031 0 0 -46.9388 -1.19257 62.0861 
0.0266198 0 0 -46.4647 -1.16483 61.6253 
0.0279185 0 0 -46.0776 -1.14952 61.2548 
0.0287058 0 0 -45.7756 -1.14523 60.9942 
0.0291503 0 0 -45.5603 -1.15237 60.8392 
0.0307094 0 0 -45.4264 -1.16984 60.7987 
0.0319696 0 0 -45.3912 -1.19874 60.8926 
0.0318258 0 0 -45.4321 -1.2345 61.098 
0.0289584 0 0 -45.555 -1.27476 61.4272 
0.0365053 0 0 -45.7636 -1.3094 61.8783 
0.0409579 0 0 -46.0656 -1.32377 62.4743 
0.0503627 0 0 -46.4453 -1.28713 63.1764 
0.0813873 0 0 -46.8831 -1.15567 63.9634 
0.146287 0 0 -47.3862 -0.873529 64.8198 
0.278317 0 0 -47.9144 -0.395864 65.68 
0.558258 0 0 -48.4487 0.280009 66.4804 
1.03061 0 0 -48.972 1.05892 67.1802 
1.70969 0 0 -49.4836 1.80652 67.7468 
2.3691 0 0 -49.9861 2.43879 68.1905 
2.85877 0 0 -50.5043 2.85831 68.5564 
3.14694 0 0 -51.0484 3.04571 68.8521 
3.05631 0 0 -51.5977 2.98111 69.0887 
2.62836 0 0 -52.1708 2.66328 69.3036 
1.98057 0 0 -52.7234 2.1529 69.4697 
1.29172 0 0 -53.191 1.46553 69.546 
0.534802 0 0 -53.772 0.177335 69.8783 
0.296144 0 0 -53.9569 -0.35327 69.7452 
0.154901 0 0 -53.8853 -0.823091 69.4189 
0.0750462 0 0 -53.5281 -1.16581 68.8888 
0.0419911 0 0 -52.9383 -1.36756 68.2086 
0.0321351 0 0 -52.183 -1.45012 67.4137 
0.0278208 0 0 -51.356 -1.45353 66.5812 
0.0240626 0 0 -50.4938 -1.41424 65.7375 
0.0251147 0 0 -49.6611 -1.35726 64.9186 
0.0219094 0 0 -48.8705 -1.29642 64.1405 
0.0260465 0 0 -48.1465 -1.24039 63.4237 
0.0280097 0 0 -47.5062 -1.19325 62.7885 
0.0269293 0 0 -46.9355 -1.15568 62.2267 
0.0301757 0 0 -46.4603 -1.12984 61.7606 
0.0297741 0 0 -46.0692 -1.11429 61.3891 
0.0324132 0 0 -45.7729 -1.11024 61.1341 
0.0288063 0 0 -45.5533 -1.11671 60.977 
0.0352134 0 0 -45.4238 -1.13306 60.9338 
0.0307711 0 0 -45.3831 -1.16007 61.015 
0.0366318 0 0 -45.429 -1.19567 61.2117 
0.0396804 0 0 -45.5568 -1.2371 61.5273 
0.0396774 0 0 -45.7647 -1.27961 61.9622 
0.0388823 0 0 -46.0598 -1.313 62.5192 
0.0449855 0 0 -46.4445 -1.32088 63.1955 
0.0574705 0 0 -46.9054 -1.27752 63.9719 
0.0769357 0 0 -47.4239 -1.14519 64.8017 
0.139841 0 0 -48.0034 -0.893887 65.6663 
0.245116 0 0 -48.6015 -0.503747 66.5002 
0.47784 0 0 -49.2094 -0.0166216 67.2479 
0.774307 0 0 -49.8351 0.504256 67.9161 
1.09082 0 0 -50.4339 0.942925 68.442 
1.34797 0 0 -51.049 1.27142 68.879 
1.45385 0 0 -51.6627 1.39153 69.2232 
1.40221 0 0 -52.2762 1.33857 69.512 
1.18698 0 0 -52.8645 1.08696 69.7224 
0.856787 0 0 -53.3828 0.69059 69.8537 
0.551436 0 0 -53.7758 0.182979 69.8777 
0.232721 0 0 -54.1672 -0.619594 70.0378 
0.140275 0 0 -54.2466 -0.938751 69.8402 
0.0776706 0 0 -54.0543 -1.19881 69.4525 
0.0447915 0 0 -53.6238 -1.37115 68.915 
0.0332589 0 0 -52.981 -1.4554 68.2158 
0.029218 0 0 -52.2008 -1.47081 67.4522 
0.0265654 0 0 -51.3447 -1.43949 66.6236 
0.0245496 0 0 -50.5036 -1.38643 65.8236 
0.0248739 0 0 -49.66 -1.32471 65.0227 
0.0274904 0 0 -48.8662 -1.26366 64.2513 
0.028089 0 0 -48.1408 -1.20911 63.5457 
0.0285568 0 0 -47.4967 -1.16346 62.9199 
0.0320597 0 0 -46.9366 -1.1281 62.3646 
0.0285987 0 0 -46.4625 -1.10262 61.9027 
0.0314644 0 0 -46.0729 -1.08723 61.5311 
0.0314902 0 0 -45.7678 -1.08204 61.2641 
0.0348482 0 0 -45.5564 -1.08715 61.1073 
0.0408304 0 0 -45.4262 -1.10086 61.0533 
0.0412424 0 0 -45.3898 -1.12537 61.1252 
0.0344587 0 0 -45.4316 -1.15808 61.3128 
0.0377906 0 0 -45.5497 -1.19712 61.6005 
0.0403575 0 0 -45.7689 -1.24198 62.0199 
0.036594 0 0 -46.064 -1.28439 62.5502 
0.0381367 0 0 -46.4556 -1.31707 63.198 
0.0489926 0 0 -46.9174 -1.32383 63.9204 
0.0575748 0 0 -47.4583 -1.2857 64.7296 
0.0726494 0 0 -48.0552 -1.17931 65.5576 
0.134764 0 0 -48.71 -0.996073 66.4093 
0.203447 0 0 -49.3848 -0.738109 67.196 
0.319283 0 0 -50.0766 -0.437713 67.9014 
0.453916 0 0 -50.7853 -0.151051 68.5216 
0.56947 0 0 -51.4792 0.0477695 69.0284 
0.625061 0 0 -52.1507 0.142147 69.4231 
0.606699 0 0 -52.7982 0.106619 69.7353 
0.508995 0 0 -53.389 -0.0558051 69.9605 
0.372324 0 0 -53.8526 -0.312239 70.0607 
0.238412 0 0 -54.1622 -0.623401 70.0289 
0.113579 0 0 -54.4112 -1.07669 70.0683 
0.0748405 0 0 -54.3982 -1.2481 69.8408 
0.054039 0 0 -54.1458 -1.38009 69.4477 
0.0354106 0 0 -53.6651 -1.45891 68.9106 
0.0282505 0 0 -53.0035 -1.4835 68.2507 
0.0240836 0 0 -52.2103 -1.46572 67.5052 
0.0235332 0 0 -51.368 -1.4206 66.7275 
0.0277451 0 0 -50.493 -1.36157 65.9164 
0.0289211 0 0 -49.6592 -1.29966 65.1383 
0.029965 0 0 -48.8682 -1.24028 64.3892 
0.0297435 0 0 -48.1445 -1.18811 63.6876 
0.0330261 0 0 -47.5023 -1.14409 63.0605 
0.0296585 0 0 -46.9411 -1.10926 62.512 
0.0324454 0 0 -46.4556 -1.08338 62.0333 
0.0391613 0 0 -46.0677 -1.06734 61.6583 
0.0375792 0 0 -45.7763 -1.06083 61.3992 
0.0356253 0 0 -45.556 -1.06316 61.2251 
0.034452 0 0 -45.4297 -1.07484 61.1692 
0.039963 0 0 -45.3811 -1.09444 61.2106 
0.0391926 0 0 -45.4247 -1.12294 61.377 
0.0405979 0 0 -45.5524 -1.15949 61.6532 
0.0391676 0 0 -45.7722 -1.20152 62.0534 
0.0392446 0 0 -46.0678 -1.2466 62.5456 
0.0356369 0 0 -46.4524 -1.28973 63.1499 
0.0477559 0 0 -46.9207 -1.32203 63.8304 
0.0444836 0 0 -47.4689 -1.33345 64.6005 
0.0527234 0 0 -48.0889 -1.31187 65.4092 
0.0710387 0 0 -48.7579 -1.24739 66.2169 
0.0981077 0 0 -49.4943 -1.1359 67.0293 
0.147573 0 0 -50.2502 -0.990401 67.7756 
0.19102 0 0 -51.0133 -0.844437 68.4439 
0.236083 0 0 -51.7698 -0.723138 69.0026 
0.273354 0 0 -52.4995 -0.662143 69.4619 
0.252877 0 0 -53.1609 -0.673109 69.7937 
0.21528 0 0 -53.744 -0.759335 70.03 
0.171722 0 0 -54.1686 -0.90143 70.1155 
0.113632 0 0 -54.4018 -1.07657 70.0637 
0.0652406 0 0 -54.5577 -1.31299 70.0445 
0.0492453 0 0 -54.5048 -1.39814 69.8293 
0.0384 0 0 -54.2053 -1.46185 69.453 
0.0328089 0 0 -53.6902 -1.49166 68.9209 
0.0288476 0 0 -53.0082 -1.48695 68.2921 
0.0292804 0 0 -52.2197 -1.45534 67.5784 
0.0265098 0 0 -51.3568 -1.40422 66.8102 
0.0272626 0 0 -50.4892 -1.34557 66.0316 
0.0317475 0 0 -49.6481 -1.2849 65.2548 
0.0310574 0 0 -48.8617 -1.22749 64.5186 
0.0321764 0 0 -48.1467 -1.17687 63.8354 
0.0359398 0 0 -47.4977 -1.13316 63.1943 
0.034926 0 0 -46.932 -1.09785 62.6414 
0.0340126 0 0 -46.4596 -1.07194 62.175 
0.0331305 0 0 -46.0739 -1.05536 61.7956 
0.0335516 0 0 -45.7681 -1.04601 61.5087 
0.0386136 0 0 -45.5496 -1.04535 61.3255 
0.0392339 0 0 -45.4277 -1.05352 61.2545 
0.040297 0 0 -45.379 -1.06886 61.2818 
0.0423039 0 0 -45.4189 -1.09249 61.4234 
0.0373863 0 0 -45.5516 -1.1243 61.6839 
0.0424706 0 0 -45.7775 -1.16274 62.0575 
0.0392468 0 0 -46.0654 -1.20508 62.5124 
0.0391291 0 0 -46.4554 -1.25024 63.0806 
0.037693 0 0 -46.9275 -1.29347 63.7312 
0.0445246 0 0 -47.4805 -1.32818 64.4506 
0.042433 0 0 -48.1097 -1.34788 65.226 
0.0601101 0 0 -48.8051 -1.34622 66.0193 
0.0619681 0 0 -49.5539 -1.31788 66.8129 
0.0766649 0 0 -50.357 -1.26746 67.5815 
0.105395 0 0 -51.154 -1.20643 68.2628 
0.122193 0 0 -51.9562 -1.14585 68.8657 
0.132585 0 0 -52.7016 -1.11415 69.3483 
0.132635 0 0 -53.3845 -1.11455 69.7218 
0.110484 0 0 -53.9431 -1.15412 69.972 
0.0919734 0 0 -54.3582 -1.22367 70.0811 
0.0647507 0 0 -54.5494 -1.31294 70.0461 
0.0480772 0 0 -54.6322 -1.4274 69.9877 
0.0375584 0 0 -54.5607 -1.46866 69.8101 
0.0319888 0 0 -54.2421 -1.49533 69.4605 
0.0328913 0 0 -53.6985 -1.50055 68.9525 
0.0279275 0 0 -53.0057 -1.48306 68.3484 
0.0266633 0 0 -52.2118 -1.44625 67.6714 
0.0278295 0 0 -51.3515 -1.39609 66.9261 
0.0326451 0 0 -50.4868 -1.33952 66.1589 
0.0288357 0 0 -49.649 -1.28072 65.402 
0.0301148 0 0 -48.8671 -1.22545 64.6759 
0.0332577 0 0 -48.145 -1.17542 63.9815 
0.0310727 0 0 -47.4959 -1.13224 63.347 
0.0341454 0 0 -46.9407 -1.09691 62.7916 
0.0361849 0 0 -46.4538 -1.06877 62.2945 
0.0393038 0 0 -46.0755 -1.04961 61.9161 
0.0422233 0 0 -45.777 -1.03856 61.621 
0.036336 0 0 -45.5491 -1.03422 61.4166 
0.0381933 0 0 -45.4214 -1.03786 61.3239 
0.0406503 0 0 -45.383 -1.04945 61.3425 
0.0436818 0 0 -45.4317 -1.06784 61.4705 
0.0379826 0 0 -45.5565 -1.0939 61.6993 
0.0425338 0 0 -45.7721 -1.12653 62.0303 
0.0397344 0 0 -46.0678 -1.16543 62.4619 
0.0412469 0 0 -46.4535 -1.20819 62.9898 
0.0410485 0 0 -46.9325 -1.25337 63.6056 
0.0419343 0 0 -47.4893 -1.29733 64.2949 
0.0467837 0 0 -48.1245 -1.33546 65.0339 
0.0464196 0 0 -48.8311 -1.36304 65.802 
0.0509229 0 0 -49.5874 -1.37751 66.5703 
0.0612949 0 0 -50.3987 -1.3774 67.33 
0.0660714 0 0 -51.2311 -1.3657 68.0362 
0.0702946 0 0 -52.0524 -1.34823 68.6571 
0.072053 0 0 -52.8318 -1.33673 69.1962 
0.0732351 0 0 -53.5249 -1.33518 69.6005 
0.0666059 0 0 -54.0831 -1.35181 69.8854 
0.0560667 0 0 -54.4738 -1.38469 70.0204 
0.0469501 0 0 -54.6304 -1.42759 69.9845 
0.0389436 0 0 -54.688 -1.47969 69.9593 
0.0329676 0 0 -54.5785 -1.49806 69.7891 
0.029243 0 0 -54.2396 -1.50712 69.4738 
0.0304997 0 0 -53.6925 -1.50085 69.0039 
0.0296977 0 0 -53.0003 -1.4797 68.4319 
0.0287215 0 0 -52.2067 -1.44365 67.7854 
0.0316994 0 0 -51.3529 -1.39656 67.0664 
0.0283213 0 0 -50.4735 -1.34195 66.3012 
0.0334005 0 0 -49.653 -1.28774 65.5649 
0.0351385 0 0 -48.8648 -1.23366 64.8324 
0.0355982 0 0 -48.1459 -1.18422 64.1412 
0.0321194 0 0 -47.4921 -1.14031 63.4918 
0.0351677 0 0 -46.9311 -1.10342 62.9166 
0.0399498 0 0 -46.4648 -1.07393 62.435 
0.0414764 0 0 -46.0767 -1.05172 62.0283 
0.040338 0 0 -45.7702 -1.0368 61.712 
0.0408345 0 0 -45.5546 -1.02919 61.4987 
0.044514 0 0 -45.4272 -1.02854 61.3877 
0.042386 0 0 -45.3866 -1.03534 61.3861 
0.0439485 0 0 -45.4226 -1.04878 61.476 
0.042715 0 0 -45.5543 -1.06902 61.6845 
0.039578 0 0 -45.7711 -1.09616 61.9934 
0.0408674 0 0 -46.0711 -1.12961 62.3992 
0.0405072 0 0 -46.4588 -1.16882 62.895 
0.041602 0 0 -46.9407 -1.21188 63.4873 
0.0391975 0 0 -47.4881 -1.25648 64.123 
0.0368342 0 0 -48.1221 -1.30168 64.8347 
0.036565 0 0 -48.8346 -1.34335 65.583 
0.0457418 0 0 -49.6154 -1.37798 66.3422 
0.0461882 0 0 -50.4296 -1.40451 67.0868 
0.0435857 0 0 -51.2727 -1.4204 67.8041 
0.0522285 0 0 -52.1233 -1.42893 68.4678 
0.0504274 0 0 -52.9069 -1.43174 69.0114 
0.0514845 0 0 -53.5952 -1.43659 69.4515 
0.0470391 0 0 -54.159 -1.44563 69.7739 
0.0395427 0 0 -54.5335 -1.46171 69.9458 
0.0371912 0 0 -54.6762 -1.48047 69.9474 
0.0366445 0 0 -54.707 -1.50176 69.9192 
0.0334684 0 0 -54.5893 -1.50743 69.7966 
0.0293556 0 0 -54.2548 -1.50792 69.5218 
0.0321575 0 0 -53.6902 -1.49934 69.0883 
0.0304353 0 0 -52.9937 -1.4791 68.5536 
0.0311114 0 0 -52.1921 -1.44665 67.9184 
0.0309112 0 0 -51.3403 -1.40428 67.2258 
0.0346003 0 0 -50.4829 -1.35528 66.4862 
0.0326024 0 0 -49.6467 -1.30338 65.7412 
0.0332309 0 0 -48.8652 -1.2517 65.0055 
0.039932 0 0 -48.1399 -1.20228 64.3003 
0.0397793 0 0 -47.4898 -1.15794 63.6441 
0.0384776 0 0 -46.9349 -1.11929 63.0597 
0.0399515 0 0 -46.4628 -1.08641 62.5567 
0.0421477 0 0 -46.0701 -1.0611 62.1254 
0.0391669 0 0 -45.7693 -1.04199 61.796 
0.0443466 0 0 -45.5583 -1.03015 61.5683 
0.0461421 0 0 -45.4263 -1.02477 61.4322 
0.041924 0 0 -45.3873 -1.02668 61.4087 
0.0424693 0 0 -45.4209 -1.03431 61.4748 
0.0476829 0 0 -45.5554 -1.04994 61.6553 
0.0386635 0 0 -45.7696 -1.07212 61.9417 
0.0408396 0 0 -46.0679 -1.09976 62.316 
0.0409331 0 0 -46.461 -1.13432 62.7893 
0.0345214 0 0 -46.9328 -1.17373 63.34 
0.0405248 0 0 -47.4909 -1.21744 63.9651 
0.0374982 0 0 -48.1384 -1.26429 64.6575 
0.0377722 0 0 -48.8495 -1.31102 65.3764 
0.0394088 0 0 -49.6276 -1.35527 66.1246 
0.0421102 0 0 -50.4521 -1.39479 66.8673 
0.0399267 0 0 -51.3173 -1.42756 67.6001 
0.0358571 0 0 -52.1434 -1.45171 68.2487 
0.0386065 0 0 -52.9441 -1.46829 68.8403 
0.0386532 0 0 -53.6514 -1.47871 69.3212 
0.0415591 0 0 -54.2067 -1.48686 69.6717 
0.0362184 0 0 -54.569 -1.4937 69.8656 
0.0391382 0 0 -54.7135 -1.50227 69.9265 
0.034007 0 0 -54.7186 -1.50714 69.9162 
0.0353296 0 0 -54.5866 -1.5062 69.8195 
0.0305948 0 0 -54.2378 -1.50245 69.5905 
0.0316374 0 0 -53.6804 -1.49388 69.1991 
0.033616 0 0 -52.9763 -1.47815 68.69 
0.0325453 0 0 -52.1734 -1.45185 68.0786 
0.0340474 0 0 -51.3277 -1.41714 67.3949 
0.0347606 0 0 -50.4716 -1.37479 66.669 
0.0370158 0 0 -49.6285 -1.32702 65.9122 
0.0364087 0 0 -48.8577 -1.27878 65.1816 
0.0335241 0 0 -48.1317 -1.22969 64.4674 
0.037018 0 0 -47.4963 -1.18411 63.8069 
0.0387865 0 0 -46.9309 -1.14213 63.197 
0.0400594 0 0 -46.4565 -1.10649 62.6671 
0.0407517 0 0 -46.0724 -1.07673 62.2303 
0.0409706 0 0 -45.7709 -1.05351 61.8776 
0.0416302 0 0 -45.5495 -1.03701 61.6111 
0.0441004 0 0 -45.4228 -1.02686 61.4586 
0.0411831 0 0 -45.377 -1.02362 61.4054 
0.0399111 0 0 -45.4194 -1.0269 61.4581 
0.0422753 0 0 -45.5574 -1.03711 61.6204 
0.0435468 0 0 -45.7642 -1.05289 61.8667 
0.0408488 0 0 -46.068 -1.07691 62.2243 
0.0380531 0 0 -46.4608 -1.1067 62.6755 
0.0375488 0 0 -46.9276 -1.1422 63.1946 
0.0391148 0 0 -47.4903 -1.1837 63.7988 
0.03275 0 0 -48.1345 -1.22957 64.4711 
0.032062 0 0 -48.8508 -1.27778 65.1769 
0.0356034 0 0 -49.6366 -1.32734 65.9232 
0.0371743 0 0 -50.4688 -1.37503 66.6675 
0.0354945 0 0 -51.3265 -1.41717 67.3992 
0.034226 0 0 -52.1705 -1.45163 68.0643 
0.0353647 0 0 -52.9734 -1.4777 68.6849 
0.0398636 0 0 -53.6744 -1.49419 69.1883 
0.0352548 0 0 -54.2221 -1.50286 69.5758 
0.03456 0 0 -54.5847 -1.50644 69.8194 
0.0362968 0 0 -54.6974 -1.5072 69.8925 
