22.1655 0 0 81.8093 9.06859 -79.943 
21.4916 0 0 81.8759 8.96461 -79.9017 
19.5136 0 0 82.0243 8.61527 -79.7516 
16.5336 0 0 82.275 7.99506 -79.4861 
12.7688 0 0 82.5832 7.15945 -79.0889 
8.83433 0 0 82.9013 5.93982 -78.4709 
5.26971 0 0 83.141 4.49527 -77.6165 
2.61675 0 0 83.1935 2.77441 -76.3956 
0.999484 0 0 82.9094 1.11733 -74.8018 
0.313202 0 0 82.2836 -0.22325 -72.8912 
0.0909066 0 0 81.3344 -1.08225 -70.8071 
0.0456301 0 0 80.2568 -1.49353 -68.7765 
0.0346404 0 0 79.1915 -1.6275 -66.9331 
0.0389753 0 0 78.2161 -1.62412 -65.3678 
0.0400036 0 0 77.4173 -1.57062 -64.1178 
0.0440612 0 0 76.7692 -1.50848 -63.1449 
0.0373948 0 0 76.3199 -1.45751 -62.4653 
0.0446597 0 0 76.0351 -1.42462 -62.0582 
0.0402284 0 0 75.9473 -1.41329 -61.9203 
0.0400402 0 0 76.0442 -1.42439 -62.061 
0.0376613 0 0 76.3166 -1.45694 -62.4615 
0.0390288 0 0 76.7695 -1.50827 -63.1439 
0.0389613 0 0 77.4129 -1.57097 -64.1148 
0.0388523 0 0 78.2091 -1.62417 -65.3666 
0.042939 0 0 79.1787 -1.62761 -66.9306 
0.0469797 0 0 80.2473 -1.49491 -68.7633 
0.0937114 0 0 81.3293 -1.08442 -70.7975 
0.327914 0 0 82.2692 -0.237152 -72.8751 
1.00674 0 0 82.9116 1.10566 -74.7953 
2.61033 0 0 83.1787 2.76769 -76.3835 
5.29191 0 0 83.1582 4.48942 -77.6166 
8.83437 0 0 82.8993 5.95501 -78.4764 
12.7822 0 0 82.584 7.17766 -79.0974 
16.533 0 0 82.2849 8.02644 -79.4985 
19.5722 0 0 82.0358 8.59783 -79.7512 
21.4984 0 0 81.8653 8.93613 -79.8916 
22.1458 0 0 81.7964 9.01399 -79.9209 
21.465 0 0 81.937 8.94188 -79.9478 
20.1068 0 0 82.1724 8.73794 -79.8943 
17.6118 0 0 82.4921 8.2376 -79.7106 
14.1945 0 0 82.8938 7.51147 -79.418 
10.3634 0 0 83.3599 6.48485 -78.9661 
6.59174 0 0 83.7544 5.06154 -78.2376 
3.53985 0 0 83.982 3.40825 -77.1998 
1.49767 0 0 83.92 1.70298 -75.8001 
0.516419 0 0 83.4207 0.16941 -73.9681 
0.158181 0 0 82.5225 -0.865814 -71.9064 
0.0604789 0 0 81.4095 -1.41011 -69.8103 
0.0359668 0 0 80.2235 -1.61538 -67.8513 
0.0375084 0 0 79.107 -1.6414 -66.1488 
0.0399691 0 0 78.1239 -1.59425 -64.7284 
0.038104 0 0 77.3087 -1.52807 -63.6017 
0.0400933 0 0 76.6851 -1.46886 -62.7691 
0.0398968 0 0 76.2262 -1.42604 -62.2075 
0.0418058 0 0 75.9594 -1.40456 -61.9135 
0.045277 0 0 75.8613 -1.40471 -61.885 
0.0361476 0 0 75.9744 -1.42746 -62.1348 
0.03709 0 0 76.2611 -1.47134 -62.6543 
0.0405642 0 0 76.7161 -1.52931 -63.4514 
0.0417689 0 0 77.348 -1.59151 -64.5482 
0.0421141 0 0 78.1696 -1.62742 -65.9546 
0.0400861 0 0 79.1099 -1.57506 -67.6338 
0.0479354 0 0 80.1381 -1.31732 -69.5776 
0.146712 0 0 81.1109 -0.691441 -71.6602 
0.534805 0 0 81.8822 0.407734 -73.663 
1.5908 0 0 82.3543 1.92433 -75.432 
3.68088 0 0 82.5113 3.60048 -76.8397 
6.74945 0 0 82.4545 5.18922 -77.9087 
10.453 0 0 82.2982 6.53577 -78.6903 
14.2917 0 0 82.0811 7.53881 -79.2147 
17.645 0 0 81.9199 8.2539 -79.572 
20.1352 0 0 81.8404 8.74914 -79.8185 
21.4798 0 0 81.8214 8.90363 -79.9104 
21.443 0 0 81.9279 8.92898 -79.94 
19.4122 0 0 82.3262 8.52241 -79.9559 
17.4671 0 0 82.7265 8.23557 -79.8916 
14.6581 0 0 83.2236 7.5817 -79.6799 
11.085 0 0 83.7822 6.65571 -79.3251 
7.43033 0 0 84.3283 5.38893 -78.7527 
4.21606 0 0 84.7605 3.83393 -77.9021 
1.93368 0 0 84.8986 2.08583 -76.6476 
0.704844 0 0 84.555 0.473735 -74.9538 
0.220983 0 0 83.7408 -0.697363 -72.9272 
0.0810253 0 0 82.5743 -1.35006 -70.7621 
0.0436655 0 0 81.2731 -1.60651 -68.7042 
0.043954 0 0 80.0048 -1.65104 -66.8607 
0.0369205 0 0 78.8751 -1.60496 -65.3173 
0.0440932 0 0 77.8905 -1.53371 -64.0532 
0.0373935 0 0 77.0681 -1.46332 -63.0479 
0.0409543 0 0 76.4469 -1.4103 -62.3401 
0.044184 0 0 76.0018 -1.37748 -61.8985 
0.0414219 0 0 75.7448 -1.36681 -61.7166 
0.0406659 0 0 75.6626 -1.37823 -61.795 
0.0421859 0 0 75.7653 -1.41317 -62.1432 
0.042079 0 0 76.053 -1.46659 -62.7688 
0.0460831 0 0 76.5186 -1.53314 -63.6805 
0.0420638 0 0 77.1734 -1.59579 -64.9013 
0.0405796 0 0 77.982 -1.61431 -66.4202 
0.0346965 0 0 78.9133 -1.5084 -68.2207 
0.0552113 0 0 79.8682 -1.13715 -70.2337 
0.200567 0 0 80.7631 -0.345116 -72.3205 
0.737621 0 0 81.4282 0.901267 -74.2428 
2.08386 0 0 81.8263 2.48229 -75.8934 
4.41401 0 0 81.9896 4.14881 -77.2084 
7.5792 0 0 81.9814 5.60612 -78.1722 
11.2119 0 0 81.9049 6.76987 -78.8592 
14.5981 0 0 81.8428 7.68664 -79.3587 
17.5115 0 0 81.8284 8.27416 -79.6825 
19.3073 0 0 81.8818 8.57787 -79.8674 
19.9995 0 0 82.0519 8.70266 -79.9717 
19.3125 0 0 82.333 8.58268 -79.9745 
16.1554 0 0 83.0258 7.94227 -80.0238 
13.9762 0 0 83.5854 7.3925 -79.885 
10.9477 0 0 84.232 6.57228 -79.6247 
7.60273 0 0 84.91 5.44915 -79.1875 
4.52766 0 0 85.5243 3.98224 -78.4796 
2.17858 0 0 85.8469 2.29 -77.386 
0.841394 0 0 85.6828 0.643781 -75.8171 
0.268874 0 0 84.9588 -0.612496 -73.839 
0.0974007 0 0 83.7763 -1.32 -71.6631 
0.0575276 0 0 82.3816 -1.60825 -69.5148 
0.0398268 0 0 80.9834 -1.65831 -67.5763 
0.0377221 0 0 79.6808 -1.60799 -65.893 
0.0445226 0 0 78.5104 -1.5263 -64.4821 
0.038568 0 0 77.5313 -1.44494 -63.3495 
0.0359893 0 0 76.7369 -1.38064 -62.4971 
0.0422383 0 0 76.0959 -1.33572 -61.8876 
0.0341183 0 0 75.6702 -1.31327 -61.5517 
0.0345051 0 0 75.4007 -1.3131 -61.4593 
0.0347202 0 0 75.3332 -1.33603 -61.6409 
0.0439334 0 0 75.439 -1.38113 -62.0784 
0.0455631 0 0 75.7278 -1.44512 -62.7949 
0.0443554 0 0 76.2014 -1.51975 -63.8035 
0.0494983 0 0 76.8759 -1.58692 -65.1366 
0.0497887 0 0 77.6818 -1.59753 -66.7495 
0.0379379 0 0 78.6111 -1.45755 -68.6512 
0.0592809 0 0 79.548 -1.01573 -70.7231 
0.233714 0 0 80.3934 -0.129279 -72.804 
0.851465 0 0 81.0318 1.19975 -74.697 
2.26475 0 0 81.4248 2.77461 -76.2542 
4.63847 0 0 81.6156 4.31227 -77.4594 
7.68287 0 0 81.7107 5.67392 -78.369 
10.8797 0 0 81.769 6.76521 -79.0313 
13.8221 0 0 81.828 7.49296 -79.467 
16.1102 0 0 81.9873 7.96661 -79.7748 
17.3012 0 0 82.1952 8.19006 -79.9432 
17.3165 0 0 82.5618 8.21044 -80.0418 
16.1386 0 0 83.0145 7.94448 -80.0197 
12.2426 0 0 83.9818 6.96824 -80.0504 
9.89226 0 0 84.7222 6.24323 -79.8715 
7.14925 0 0 85.5128 5.20086 -79.5259 
4.41562 0 0 86.282 3.88585 -78.9689 
2.22595 0 0 86.7602 2.25175 -77.9834 
0.911479 0 0 86.7731 0.661007 -76.5614 
0.310037 0 0 86.1616 -0.59473 -74.6623 
0.119608 0 0 84.982 -1.32275 -72.4825 
0.0577796 0 0 83.5322 -1.61601 -70.2969 
0.045757 0 0 82.0179 -1.66317 -68.2701 
0.0437152 0 0 80.5562 -1.60284 -66.4764 
0.0376353 0 0 79.2293 -1.50997 -64.9381 
0.038664 0 0 78.0721 -1.41798 -63.6815 
0.0375887 0 0 77.1055 -1.34188 -62.6893 
0.0362312 0 0 76.2838 -1.28489 -61.9284 
0.0378428 0 0 75.672 -1.25007 -61.4299 
0.0388493 0 0 75.235 -1.23746 -61.1754 
0.0430955 0 0 74.978 -1.24746 -61.1757 
0.040082 0 0 74.9167 -1.27915 -61.4313 
0.0445243 0 0 75.0244 -1.33334 -61.95 
0.0437333 0 0 75.3264 -1.40588 -62.7424 
0.048288 0 0 75.804 -1.48986 -63.8212 
0.0514464 0 0 76.461 -1.56575 -65.2032 
0.0498642 0 0 77.285 -1.58366 -66.9038 
0.0439789 0 0 78.216 -1.44454 -68.8683 
0.0498372 0 0 79.2021 -0.985489 -71.0214 
0.208956 0 0 80.0427 -0.0879484 -73.1045 
0.791618 0 0 80.7051 1.23739 -74.9721 
2.0801 0 0 81.1466 2.73715 -76.4831 
4.26502 0 0 81.4374 4.18438 -77.6465 
6.90799 0 0 81.6357 5.40849 -78.5066 
9.68662 0 0 81.8478 6.37565 -79.1436 
12.0581 0 0 82.0728 7.02143 -79.5688 
13.6521 0 0 82.3886 7.38964 -79.8561 
14.2697 0 0 82.8029 7.53752 -80.033 
13.7739 0 0 83.3416 7.36786 -80.0913 
12.2435 0 0 83.9803 6.95274 -80.0482 
8.21269 0 0 85.2401 5.65339 -80.0502 
6.10818 0 0 86.1247 4.72709 -79.7891 
3.91288 0 0 86.997 3.49942 -79.3029 
2.10609 0 0 87.6281 2.03426 -78.4687 
0.884058 0 0 87.8106 0.553859 -77.1732 
0.330783 0 0 87.3062 -0.650819 -75.359 
0.134004 0 0 86.1973 -1.34671 -73.2404 
0.0662627 0 0 84.703 -1.62677 -71.0304 
0.0501584 0 0 83.1201 -1.66287 -68.969 
0.0405634 0 0 81.5369 -1.59348 -67.0951 
0.0412528 0 0 80.0546 -1.4894 -65.4572 
0.0375641 0 0 78.7318 -1.38739 -64.0762 
0.0356501 0 0 77.5768 -1.29955 -62.939 
0.0404797 0 0 76.5891 -1.23227 -62.0466 
0.0387579 0 0 75.797 -1.18564 -61.3931 
0.0390781 0 0 75.1881 -1.16028 -60.9788 
0.0361107 0 0 74.7449 -1.15509 -60.7897 
0.0382124 0 0 74.4794 -1.17153 -60.8442 
0.0356565 0 0 74.4256 -1.21026 -61.1616 
0.0448006 0 0 74.5346 -1.26951 -61.7286 
0.0448212 0 0 74.8291 -1.34886 -62.5678 
0.0525658 0 0 75.3124 -1.44166 -63.6993 
0.0597308 0 0 75.9976 -1.53066 -65.1452 
0.0605799 0 0 76.8256 -1.56964 -66.8744 
0.0564976 0 0 77.7847 -1.46437 -68.8774 
0.0478834 0 0 78.7909 -1.06228 -71.0586 
0.13386 0 0 79.7132 -0.237229 -73.1789 
0.587059 0 0 80.4697 0.976695 -75.056 
1.65827 0 0 81.0303 2.39884 -76.5893 
3.39169 0 0 81.4589 3.75858 -77.7586 
5.53118 0 0 81.8186 4.87893 -78.6186 
7.68825 0 0 82.1662 5.74961 -79.2403 
9.45921 0 0 82.576 6.30717 -79.6661 
10.5122 0 0 83.0787 6.54258 -79.9385 
10.6067 0 0 83.6771 6.49085 -80.0804 
9.74921 0 0 84.4149 6.26093 -80.1452 
8.22494 0 0 85.2161 5.60942 -80.0264 
4.7223 0 0 86.7098 3.96717 -79.9182 
3.16084 0 0 87.6733 2.92153 -79.5335 
1.7606 0 0 88.429 1.61083 -78.7853 
0.813989 0 0 88.7372 0.303805 -77.6079 
0.341469 0 0 88.3632 -0.753594 -75.9251 
0.149175 0 0 87.3455 -1.38168 -73.8914 
0.0815465 0 0 85.8963 -1.63424 -71.74 
0.0577846 0 0 84.2644 -1.65829 -69.658 
0.0522066 0 0 82.5973 -1.57966 -67.7424 
0.0413476 0 0 81.0076 -1.46941 -66.0396 
0.0348131 0 0 79.5481 -1.35879 -64.5627 
0.0382396 0 0 78.2112 -1.26122 -63.2984 
0.0377382 0 0 77.0551 -1.18414 -62.2701 
0.0358741 0 0 76.0925 -1.1267 -61.4747 
0.0362027 0 0 75.2849 -1.08878 -60.8872 
0.0347836 0 0 74.6735 -1.07123 -60.5384 
0.0334791 0 0 74.2289 -1.07141 -60.4017 
0.039035 0 0 73.976 -1.09354 -60.5148 
0.0365993 0 0 73.9093 -1.13461 -60.861 
0.0408703 0 0 74.0257 -1.19677 -61.4596 
0.0427309 0 0 74.3076 -1.27877 -62.319 
0.0564186 0 0 74.8045 -1.37807 -63.4758 
0.063503 0 0 75.472 -1.47764 -64.9078 
0.0658619 0 0 76.3272 -1.54379 -66.6453 
0.0669327 0 0 77.3105 -1.49901 -68.6483 
0.0468741 0 0 78.392 -1.21015 -70.8393 
0.0679495 0 0 79.432 -0.534589 -73.0172 
0.304319 0 0 80.3271 0.524082 -74.9549 
1.05967 0 0 81.0554 1.79416 -76.5374 
2.26211 0 0 81.6352 3.01763 -77.7334 
3.84586 0 0 82.197 4.03741 -78.6317 
5.38292 0 0 82.74 4.76054 -79.2502 
6.55724 0 0 83.3467 5.22249 -79.6982 
7.14426 0 0 84.0361 5.32991 -79.9564 
6.90973 0 0 84.8349 5.18356 -80.0944 
6.08888 0 0 85.7261 4.73763 -80.0875 
4.69508 0 0 86.7293 3.94602 -79.9164 
2.20649 0 0 88.2477 2.11826 -79.5607 
1.33179 0 0 89.0609 1.04884 -78.8985 
0.677641 0 0 89.4887 -0.0256341 -77.8464 
0.317164 0 0 89.2497 -0.897263 -76.3104 
0.164032 0 0 88.3869 -1.42634 -74.4243 
0.0997443 0 0 87.0558 -1.63736 -72.3838 
0.0729279 0 0 85.4448 -1.64974 -70.3449 
0.058521 0 0 83.7542 -1.56718 -68.4356 
0.0445245 0 0 82.0757 -1.45181 -66.6861 
0.046674 0 0 80.4919 -1.3365 -65.1369 
0.0457717 0 0 79.0022 -1.23171 -63.7672 
0.0381391 0 0 77.6958 -1.14592 -62.6237 
0.0361683 0 0 76.5497 -1.0783 -61.6822 
0.0313016 0 0 75.5586 -1.02969 -60.9412 
0.0332257 0 0 74.7703 -0.999497 -60.424 
0.0349386 0 0 74.1473 -0.986599 -60.1149 
0.0375762 0 0 73.7202 -0.991943 -60.0335 
0.0369372 0 0 73.4561 -1.01484 -60.1657 
0.0342774 0 0 73.3872 -1.0567 -60.5323 
0.0417584 0 0 73.502 -1.11872 -61.1481 
0.0450183 0 0 73.7957 -1.20025 -62.0105 
0.0582158 0 0 74.2712 -1.29929 -63.1376 
0.0618186 0 0 74.9567 -1.4067 -64.5586 
0.0716286 0 0 75.8214 -1.49812 -66.257 
0.0757139 0 0 76.8326 -1.51674 -68.2075 
0.0585228 0 0 77.981 -1.35984 -70.3661 
0.0428397 0 0 79.1318 -0.906093 -72.5419 
0.129864 0 0 80.2065 -0.0990854 -74.5522 
0.496755 0 0 81.1475 0.940236 -76.2187 
1.21487 0 0 81.9616 1.98042 -77.5049 
2.17915 0 0 82.7326 2.88021 -78.4663 
3.13014 0 0 83.4941 3.48588 -79.1346 
3.86654 0 0 84.2967 3.80906 -79.5811 
4.12223 0 0 85.1963 3.82944 -79.8509 
3.81776 0 0 86.167 3.54596 -79.9447 
3.1597 0 0 87.2107 2.94226 -79.8524 
2.23832 0 0 88.2382 2.1122 -79.5486 
0.878603 0 0 89.5116 0.407123 -78.7941 
0.50543 0 0 90.0122 -0.403919 -77.8479 
0.287869 0 0 89.9508 -1.06342 -76.4949 
0.167176 0 0 89.2794 -1.47245 -74.8001 
0.112902 0 0 88.1185 -1.63527 -72.9335 
0.0868492 0 0 86.5993 -1.63676 -70.9898 
0.0685772 0 0 84.965 -1.5543 -69.1377 
0.0559315 0 0 83.2584 -1.44011 -67.3924 
0.0496077 0 0 81.5859 -1.3215 -65.7964 
0.0417977 0 0 79.9797 -1.21247 -64.3548 
0.0386579 0 0 78.5361 -1.12012 -63.1131 
0.0327947 0 0 77.2127 -1.04476 -62.0443 
0.0335612 0 0 76.0433 -0.98675 -61.1621 
0.0340927 0 0 75.0772 -0.945415 -60.4884 
0.0316738 0 0 74.2741 -0.921083 -60.0139 
0.0366988 0 0 73.6652 -0.911386 -59.7412 
0.0326138 0 0 73.2036 -0.917307 -59.6636 
0.0374934 0 0 72.965 -0.941055 -59.8246 
0.0379545 0 0 72.8894 -0.981872 -60.2022 
0.0399614 0 0 72.9956 -1.03991 -60.7988 
0.0406346 0 0 73.3057 -1.11764 -61.6524 
0.0517107 0 0 73.7678 -1.21242 -62.7302 
0.0574908 0 0 74.4446 -1.321 -64.0853 
0.0726779 0 0 75.2865 -1.42697 -65.6918 
0.073256 0 0 76.3345 -1.49649 -67.5561 
0.0749172 0 0 77.5245 -1.46246 -69.6183 
0.0529506 0 0 78.7955 -1.22729 -71.768 
0.0497923 0 0 80.0772 -0.712778 -73.836 
0.157954 0 0 81.2499 0.0159138 -75.5854 
0.453167 0 0 82.3384 0.836337 -77.0087 
0.934673 0 0 83.332 1.52645 -78.0377 
1.4424 0 0 84.3519 2.01829 -78.7888 
1.81819 0 0 85.3792 2.24377 -79.2747 
1.90527 0 0 86.4295 2.13298 -79.4987 
1.7107 0 0 87.5497 1.78617 -79.5477 
1.33648 0 0 88.619 1.1727 -79.3191 
0.868608 0 0 89.513 0.390585 -78.7811 
0.340454 0 0 90.2362 -0.791934 -77.5806 
0.228824 0 0 90.3597 -1.23243 -76.4452 
0.164713 0 0 89.9338 -1.51386 -74.9987 
0.118016 0 0 89.003 -1.62943 -73.3239 
0.101223 0 0 87.7061 -1.62141 -71.575 
0.0800716 0 0 86.1657 -1.54199 -69.8204 
0.0683041 0 0 84.487 -1.43212 -68.1214 
0.0630579 0 0 82.7978 -1.31612 -66.5337 
0.0501357 0 0 81.1058 -1.20539 -65.0465 
0.0437383 0 0 79.5318 -1.10936 -63.7312 
0.0383527 0 0 78.0422 -1.02649 -62.5443 
0.0333523 0 0 76.739 -0.961341 -61.5572 
0.0347178 0 0 75.586 -0.910427 -60.7347 
0.0295021 0 0 74.6207 -0.874934 -60.1033 
0.0374985 0 0 73.8062 -0.853462 -59.65 
0.0316465 0 0 73.1948 -0.846193 -59.4018 
0.0340123 0 0 72.7444 -0.852126 -59.3358 
0.0400446 0 0 72.4965 -0.874535 -59.4984 
0.0379598 0 0 72.42 -0.911156 -59.8591 
0.0333443 0 0 72.5311 -0.964268 -60.4387 
0.046133 0 0 72.814 -1.03563 -61.2422 
0.0483773 0 0 73.3004 -1.12399 -62.2802 
0.0578388 0 0 73.9534 -1.22733 -63.5496 
0.061302 0 0 74.8197 -1.33682 -65.0557 
0.0747268 0 0 75.8572 -1.43443 -66.7899 
0.0716795 0 0 77.0712 -1.48114 -68.7124 
0.0699617 0 0 78.4302 -1.41818 -70.7535 
0.045032 0 0 79.8422 -1.18791 -72.7502 
0.0473493 0 0 81.2559 -0.766126 -74.5935 
0.114899 0 0 82.6078 -0.252551 -76.1028 
0.27746 0 0 83.901 0.223489 -77.2563 
0.477047 0 0 85.1217 0.543715 -78.0581 
0.646563 0 0 86.3436 0.660969 -78.564 
0.689676 0 0 87.5407 0.538275 -78.7882 
0.621473 0 0 88.7105 0.211347 -78.7396 
0.48024 0 0 89.6363 -0.273123 -78.3372 
0.33309 0 0 90.2475 -0.793117 -77.5782 
0.169877 0 0 90.3955 -1.38915 -76.0812 
0.145437 0 0 90.2657 -1.55514 -74.9248 
0.13759 0 0 89.6438 -1.61987 -73.5396 
0.120799 0 0 88.6007 -1.60248 -72.0116 
0.0973195 0 0 87.2764 -1.52909 -70.4325 
0.088108 0 0 85.728 -1.42801 -68.8444 
0.0739557 0 0 84.0677 -1.31819 -67.3072 
0.059412 0 0 82.3692 -1.20985 -65.8322 
0.047141 0 0 80.6949 -1.11233 -64.4701 
0.0462866 0 0 79.1001 -1.02493 -63.2147 
0.0395329 0 0 77.6406 -0.952861 -62.1183 
0.0345181 0 0 76.3151 -0.894191 -61.1684 
0.0323859 0 0 75.1703 -0.849139 -60.3889 
0.0325987 0 0 74.1938 -0.816952 -59.7802 
0.0360533 0 0 73.397 -0.798368 -59.3579 
0.0341441 0 0 72.7689 -0.7911 -59.107 
0.0382416 0 0 72.3383 -0.797507 -59.0596 
0.0308447 0 0 72.0799 -0.815928 -59.1993 
0.033621 0 0 71.9996 -0.848638 -59.5368 
0.034259 0 0 72.1088 -0.895912 -60.0837 
0.0411405 0 0 72.3827 -0.958292 -60.8236 
0.0508813 0 0 72.8608 -1.03811 -61.7987 
0.0481073 0 0 73.5284 -1.13216 -62.9796 
0.0542517 0 0 74.3755 -1.23653 -64.361 
0.0624715 0 0 75.4044 -1.3433 -65.9428 
0.0622839 0 0 76.6346 -1.43104 -67.7012 
0.0601308 0 0 78.0188 -1.47022 -69.5672 
0.0578613 0 0 79.528 -1.42182 -71.4637 
0.0387961 0 0 81.0998 -1.26828 -73.2438 
0.0330982 0 0 82.6617 -1.0295 -74.7889 
0.057785 0 0 84.183 -0.780777 -76.017 
0.113817 0 0 85.6314 -0.604096 -76.899 
0.17556 0 0 87.0117 -0.558068 -77.4338 
0.218159 0 0 88.2331 -0.661389 -77.6055 
0.21179 0 0 89.3129 -0.873267 -77.4643 
0.192002 0 0 90.0888 -1.14334 -76.9561 
0.17553 0 0 90.4094 -1.39024 -76.0884 
0.128542 0 0 90.2184 -1.58006 -74.5788 
0.135304 0 0 89.9406 -1.6039 -73.5024 
0.137701 0 0 89.2656 -1.5783 -72.2737 
0.122283 0 0 88.2174 -1.51369 -70.9206 
0.112955 0 0 86.8876 -1.42484 -69.5065 
0.0849322 0 0 85.3713 -1.32543 -68.0872 
0.072428 0 0 83.6849 -1.22264 -66.6563 
0.0630113 0 0 81.9925 -1.12612 -65.2953 
0.0522557 0 0 80.3271 -1.03817 -64.0177 
0.0425428 0 0 78.7486 -0.961405 -62.8467 
0.0363067 0 0 77.2772 -0.896005 -61.794 
0.0301725 0 0 75.9622 -0.842963 -60.8887 
0.0363158 0 0 74.7971 -0.801422 -60.1265 
0.0331504 0 0 73.8274 -0.771786 -59.5403 
0.0278034 0 0 73.0287 -0.753185 -59.1167 
0.0316063 0 0 72.4082 -0.746354 -58.8748 
0.033486 0 0 71.9597 -0.750467 -58.8039 
0.0338555 0 0 71.6989 -0.766015 -58.9223 
0.0349427 0 0 71.6184 -0.794398 -59.2311 
0.0403564 0 0 71.7196 -0.835198 -59.7304 
0.0396517 0 0 72.0152 -0.889967 -60.4294 
0.0439154 0 0 72.4586 -0.957647 -61.2955 
0.0461369 0 0 73.1263 -1.04085 -62.3831 
0.0473257 0 0 73.9609 -1.13539 -63.6405 
0.0530386 0 0 75.0027 -1.23809 -65.0836 
0.0474395 0 0 76.229 -1.33778 -66.6666 
0.049314 0 0 77.6183 -1.42106 -68.3519 
0.0536749 0 0 79.1604 -1.46656 -70.079 
0.0372219 0 0 80.7984 -1.46053 -71.7322 
0.026727 0 0 82.4851 -1.40405 -73.2271 
0.021963 0 0 84.1542 -1.3251 -74.4587 
0.0314763 0 0 85.7593 -1.26182 -75.3711 
0.0556077 0 0 87.2023 -1.25123 -75.9118 
0.0740628 0 0 88.4766 -1.30714 -76.1003 
0.0991805 0 0 89.4496 -1.40256 -75.9274 
0.118845 0 0 90.0435 -1.50734 -75.3926 
0.126897 0 0 90.2404 -1.58038 -74.5883 
0.120109 0 0 89.9385 -1.57799 -73.2363 
0.141529 0 0 89.6269 -1.54871 -72.3153 
0.137253 0 0 88.9179 -1.49283 -71.2308 
0.133301 0 0 87.8742 -1.41888 -70.0459 
0.114946 0 0 86.5447 -1.33262 -68.7841 
0.0942663 0 0 85.0136 -1.24055 -67.4803 
0.0735576 0 0 83.3748 -1.15029 -66.1899 
0.0616979 0 0 81.678 -1.06267 -64.9096 
0.0516626 0 0 80.0081 -0.983358 -63.6985 
0.0410887 0 0 78.4273 -0.913424 -62.5814 
0.0382772 0 0 76.9582 -0.853464 -61.5682 
0.0356889 0 0 75.6493 -0.80488 -60.6973 
0.0299657 0 0 74.4892 -0.765946 -59.9566 
0.0295415 0 0 73.5099 -0.737481 -59.3698 
0.0336619 0 0 72.7011 -0.71902 -58.9431 
0.0334113 0 0 72.0861 -0.711097 -58.6892 
0.0334597 0 0 71.6331 -0.712922 -58.5998 
0.0348332 0 0 71.3776 -0.725495 -58.6907 
0.0331624 0 0 71.2947 -0.748402 -58.9553 
0.0354657 0 0 71.3975 -0.782747 -59.403 
0.0412232 0 0 71.6756 -0.829265 -60.0291 
0.039712 0 0 72.1412 -0.887398 -60.8305 
0.0413112 0 0 72.7912 -0.95841 -61.8055 
0.0423732 0 0 73.6214 -1.04083 -62.9463 
0.0424539 0 0 74.6531 -1.13321 -64.2447 
0.0386251 0 0 75.8704 -1.23057 -65.6746 
0.0381325 0 0 77.2602 -1.32318 -67.1873 
0.0370011 0 0 78.8034 -1.40325 -68.7357 
0.0292305 0 0 80.462 -1.46021 -70.2425 
0.0248417 0 0 82.2082 -1.48925 -71.6446 
0.0150712 0 0 83.9105 -1.49809 -72.8008 
0.0186853 0 0 85.576 -1.50008 -73.7043 
0.029415 0 0 87.043 -1.50936 -74.253 
0.0500034 0 0 88.3143 -1.53221 -74.4848 
0.0692861 0 0 89.2732 -1.5605 -74.3762 
0.0989476 0 0 89.8053 -1.57929 -73.9331 
0.128062 0 0 89.9249 -1.57776 -73.2274 
0.132655 0 0 89.6077 -1.51003 -72.0979 
0.1534 0 0 89.3118 -1.46669 -71.3367 
0.152637 0 0 88.6089 -1.40875 -70.4222 
0.132088 0 0 87.5853 -1.33843 -69.3858 
0.116217 0 0 86.2654 -1.26035 -68.2572 
0.0965026 0 0 84.7409 -1.17836 -67.0678 
0.0739159 0 0 83.088 -1.09581 -65.8525 
0.0545459 0 0 81.4238 -1.01802 -64.6668 
0.045374 0 0 79.7482 -0.945397 -63.5089 
0.0370648 0 0 78.1663 -0.881336 -62.4391 
0.0386508 0 0 76.6997 -0.824883 -61.4523 
0.0351207 0 0 75.3855 -0.778305 -60.5937 
0.0313429 0 0 74.2283 -0.740482 -59.8587 
0.0303701 0 0 73.2432 -0.712542 -59.2699 
0.0284516 0 0 72.4395 -0.694372 -58.8423 
0.0337044 0 0 71.8058 -0.684526 -58.5595 
0.0321275 0 0 71.356 -0.683541 -58.4368 
0.0353939 0 0 71.1032 -0.692852 -58.4967 
0.0374369 0 0 71.0244 -0.711088 -58.7178 
0.0362901 0 0 71.1196 -0.739099 -59.103 
0.0337203 0 0 71.4057 -0.77788 -59.6631 
0.0397296 0 0 71.8559 -0.826926 -60.3783 
0.0370031 0 0 72.5053 -0.886512 -61.2555 
0.0386687 0 0 73.3308 -0.957377 -62.2868 
0.040242 0 0 74.3417 -1.03705 -63.4484 
0.030317 0 0 75.5532 -1.12386 -64.7325 
0.0302952 0 0 76.9323 -1.21313 -66.0975 
0.0284259 0 0 78.4727 -1.29887 -67.4979 
0.0205786 0 0 80.1292 -1.37369 -68.8649 
0.0168691 0 0 81.8719 -1.43465 -70.147 
0.0157792 0 0 83.6121 -1.47883 -71.263 
0.0145993 0 0 85.2682 -1.50929 -72.1296 
0.0254928 0 0 86.7937 -1.52903 -72.7206 
0.0512764 0 0 88.0438 -1.54204 -73.0052 
0.0816794 0 0 88.9607 -1.54535 -72.9688 
0.107017 0 0 89.5015 -1.53601 -72.6617 
0.132554 0 0 89.6243 -1.51055 -72.1094 
0.152817 0 0 89.3175 -1.43181 -71.1926 
0.167985 0 0 89.0394 -1.39112 -70.587 
0.155087 0 0 88.38 -1.3389 -69.8226 
0.137162 0 0 87.354 -1.27773 -68.9222 
0.116205 0 0 86.0465 -1.20838 -67.9037 
0.0868913 0 0 84.5433 -1.13574 -66.8213 
0.0705113 0 0 82.896 -1.06234 -65.6934 
0.0562135 0 0 81.2063 -0.990153 -64.5542 
0.0448271 0 0 79.5431 -0.922783 -63.446 
0.0343983 0 0 77.9628 -0.861691 -62.4011 
0.0287276 0 0 76.4975 -0.807872 -61.4376 
0.0309211 0 0 75.1628 -0.762061 -60.5738 
0.0300131 0 0 73.9971 -0.725151 -59.8376 
0.0297858 0 0 73.0238 -0.69713 -59.2464 
0.0342587 0 0 72.2169 -0.677314 -58.7927 
0.031797 0 0 71.5869 -0.665669 -58.4881 
0.0334428 0 0 71.1456 -0.662437 -58.3364 
0.0374587 0 0 70.879 -0.667867 -58.3474 
0.0397668 0 0 70.7979 -0.681237 -58.5134 
0.0359353 0 0 70.8906 -0.703602 -58.8375 
0.037283 0 0 71.1705 -0.735506 -59.3264 
0.0375454 0 0 71.6294 -0.776117 -59.9647 
0.0368689 0 0 72.263 -0.826084 -60.7452 
0.0367439 0 0 73.0856 -0.885724 -61.6708 
0.0342776 0 0 74.1005 -0.954031 -62.7246 
0.0286746 0 0 75.2999 -1.02937 -63.8836 
0.0232001 0 0 76.6639 -1.10908 -65.1158 
0.0208277 0 0 78.1935 -1.19008 -66.3931 
0.0180902 0 0 79.8483 -1.26762 -67.6641 
0.0133412 0 0 81.5798 -1.33547 -68.8542 
0.0139149 0 0 83.3006 -1.39064 -69.8983 
0.0203254 0 0 84.9716 -1.43286 -70.7606 
0.0348392 0 0 86.4771 -1.46013 -71.3761 
0.0623251 0 0 87.7382 -1.47326 -71.7172 
0.0945496 0 0 88.6436 -1.47368 -71.7917 
0.13148 0 0 89.1966 -1.4593 -71.6043 
0.15449 0 0 89.326 -1.43241 -71.1993 
0.169354 0 0 89.0918 -1.36501 -70.5096 
0.173958 0 0 88.8285 -1.33223 -70.0467 
0.165133 0 0 88.1822 -1.289 -69.414 
0.140525 0 0 87.1853 -1.23678 -68.6359 
0.109729 0 0 85.9005 -1.17728 -67.7352 
0.0856123 0 0 84.3928 -1.11181 -66.7295 
0.0637062 0 0 82.7546 -1.04446 -65.667 
0.0511936 0 0 81.0556 -0.977583 -64.5768 
0.0413812 0 0 79.3928 -0.913803 -63.506 
0.0348362 0 0 77.796 -0.854487 -62.4718 
0.0286465 0 0 76.3382 -0.802346 -61.5238 
0.0300127 0 0 75.0124 -0.756899 -60.6613 
0.0336795 0 0 73.8284 -0.719035 -59.9043 
0.0336208 0 0 72.8525 -0.689547 -59.2895 
0.0329373 0 0 72.0558 -0.668378 -58.8164 
0.0328734 0 0 71.421 -0.654328 -58.4716 
0.0355228 0 0 70.9899 -0.648459 -58.2903 
0.0377321 0 0 70.7084 -0.649447 -58.2391 
0.0397572 0 0 70.6213 -0.6588 -58.3519 
0.0419294 0 0 70.7104 -0.676113 -58.6142 
0.036883 0 0 70.9832 -0.701078 -59.0243 
0.0390883 0 0 71.4444 -0.734758 -59.5892 
0.0377596 0 0 72.0852 -0.776612 -60.2907 
0.0323688 0 0 72.9063 -0.826526 -61.1203 
0.0291166 0 0 73.9139 -0.884754 -62.0739 
0.0241555 0 0 75.1011 -0.949892 -63.1274 
0.023867 0 0 76.4528 -1.0203 -64.2562 
0.0189632 0 0 77.9712 -1.0942 -65.4377 
0.0155108 0 0 79.6176 -1.16642 -66.6142 
0.0156527 0 0 81.3295 -1.23425 -67.7412 
0.0203192 0 0 83.0392 -1.29272 -68.75 
0.0293658 0 0 84.7014 -1.33941 -69.6059 
0.0479807 0 0 86.2166 -1.37292 -70.2662 
0.0767579 0 0 87.448 -1.39077 -70.6705 
0.114116 0 0 88.3991 -1.39549 -70.8489 
0.143243 0 0 88.9685 -1.38684 -70.7946 
0.168815 0 0 89.0926 -1.36523 -70.5122 
0.171406 0 0 88.9479 -1.31674 -70.0446 
0.178769 0 0 88.6887 -1.29239 -69.7002 
0.169294 0 0 88.0633 -1.2579 -69.1867 
0.141351 0 0 87.0793 -1.21521 -68.5241 
0.121721 0 0 85.7808 -1.16357 -67.7112 
0.0789713 0 0 84.3074 -1.10583 -66.7985 
0.062931 0 0 82.6409 -1.04295 -65.7792 
0.0415516 0 0 80.983 -0.980754 -64.7516 
0.0335731 0 0 79.2846 -0.918157 -63.6858 
0.0286201 0 0 77.7103 -0.860295 -62.673 
0.0302886 0 0 76.2153 -0.807115 -61.7024 
0.0279073 0 0 74.8924 -0.761304 -60.8338 
0.0283011 0 0 73.7317 -0.722147 -60.0641 
0.0310932 0 0 72.7424 -0.690745 -59.4181 
0.0323834 0 0 71.9327 -0.666716 -58.8997 
0.0352946 0 0 71.3069 -0.649812 -58.5175 
0.0359018 0 0 70.8456 -0.640323 -58.2737 
0.0392584 0 0 70.5885 -0.638701 -58.1865 
0.0397328 0 0 70.4976 -0.643364 -58.2378 
0.0366822 0 0 70.5909 -0.65546 -58.4341 
0.0358824 0 0 70.8714 -0.675392 -58.7827 
0.0377516 0 0 71.3117 -0.702187 -59.2611 
0.0328173 0 0 71.9523 -0.737229 -59.8864 
0.0323421 0 0 72.7738 -0.779306 -60.6344 
0.0297106 0 0 73.7685 -0.829636 -61.5045 
0.0250736 0 0 74.9663 -0.886447 -62.4788 
0.0202166 0 0 76.3121 -0.948498 -63.5225 
0.0190186 0 0 77.8114 -1.01482 -64.6204 
0.0198597 0 0 79.4285 -1.08212 -65.7289 
0.0205109 0 0 81.1455 -1.14706 -66.812 
0.0297749 0 0 82.8523 -1.20659 -67.8109 
0.0442066 0 0 84.4958 -1.25599 -68.6711 
0.0681901 0 0 85.9922 -1.2945 -69.369 
0.0946178 0 0 87.2643 -1.31899 -69.859 
0.129929 0 0 88.1889 -1.33022 -70.1244 
0.157714 0 0 88.777 -1.32956 -70.1903 
0.177108 0 0 88.9496 -1.31638 -70.0414 
0.184592 0 0 88.8392 -1.2871 -69.7588 
0.172521 0 0 88.6148 -1.27311 -69.5508 
0.157048 0 0 88.0091 -1.24794 -69.1564 
0.139453 0 0 87.0108 -1.21229 -68.5782 
0.102805 0 0 85.7534 -1.16834 -67.8643 
0.0659512 0 0 84.2605 -1.11637 -67.0154 
0.0583628 0 0 82.6085 -1.05774 -66.0482 
0.0409347 0 0 80.9227 -0.997036 -65.0339 
0.0338031 0 0 79.2433 -0.936163 -63.9958 
0.0279568 0 0 77.6464 -0.877785 -62.973 
0.0268316 0 0 76.1681 -0.823404 -61.9956 
0.027024 0 0 74.8295 -0.775184 -61.0944 
0.0294855 0 0 73.6668 -0.733797 -60.2977 
0.030794 0 0 72.673 -0.699653 -59.6114 
0.0373406 0 0 71.8725 -0.672915 -59.0574 
0.031524 0 0 71.2389 -0.652533 -58.6222 
0.0343779 0 0 70.7921 -0.639371 -58.3284 
0.0425869 0 0 70.5073 -0.633131 -58.1711 
0.0393102 0 0 70.4301 -0.634434 -58.1693 
0.0376159 0 0 70.5285 -0.642368 -58.3116 
0.0385407 0 0 70.7851 -0.656418 -58.5751 
0.0409632 0 0 71.2384 -0.678144 -58.9935 
0.0329479 0 0 71.8793 -0.706998 -59.5442 
0.0315335 0 0 72.6827 -0.743317 -60.2197 
0.0266965 0 0 73.6784 -0.786337 -61.0117 
0.0240872 0 0 74.862 -0.836458 -61.9132 
0.024049 0 0 76.2007 -0.892441 -62.8966 
0.0202662 0 0 77.6828 -0.952987 -63.931 
0.0212666 0 0 79.317 -1.01646 -65.0094 
0.0257135 0 0 81.007 -1.07962 -66.0643 
0.0343655 0 0 82.7187 -1.13866 -67.058 
0.0553717 0 0 84.3465 -1.19005 -67.9328 
0.0816404 0 0 85.8425 -1.23285 -68.6753 
0.11374 0 0 87.1175 -1.26402 -69.2412 
0.140901 0 0 88.0847 -1.28355 -69.6179 
0.164773 0 0 88.6685 -1.29127 -69.7906 
0.179468 0 0 88.8553 -1.28766 -69.7681 
0.181638 0 0 88.824 -1.27781 -69.6738 
0.175968 0 0 88.6022 -1.2721 -69.5718 
0.150958 0 0 88.0169 -1.25641 -69.2985 
0.12171 0 0 87.0441 -1.22889 -68.8256 
0.0887793 0 0 85.7811 -1.19169 -68.1896 
0.0669805 0 0 84.2766 -1.1447 -67.395 
0.0454238 0 0 82.6238 -1.08927 -66.469 
0.0339665 0 0 80.9339 -1.02986 -65.4735 
0.0257058 0 0 79.2557 -0.968936 -64.4399 
0.0270852 0 0 77.6539 -0.908521 -63.3992 
0.0264547 0 0 76.1578 -0.851474 -62.3921 
0.0249176 0 0 74.8319 -0.800578 -61.4667 
0.026648 0 0 73.6629 -0.755699 -60.6246 
0.0297519 0 0 72.6557 -0.717001 -59.8793 
0.0335684 0 0 71.8379 -0.68561 -59.2598 
0.0348712 0 0 71.2155 -0.661878 -58.7795 
0.0383602 0 0 70.763 -0.645034 -58.4307 
0.0366742 0 0 70.4874 -0.634645 -58.2134 
0.0374741 0 0 70.4071 -0.631445 -58.1488 
0.0363909 0 0 70.4996 -0.63466 -58.218 
0.0364349 0 0 70.7748 -0.644802 -58.434 
0.0374106 0 0 71.2093 -0.661663 -58.7773 
0.0343698 0 0 71.8499 -0.685936 -59.2674 
0.0294567 0 0 72.6643 -0.716849 -59.8813 
0.028934 0 0 73.6443 -0.755009 -60.6124 
0.0262891 0 0 74.8185 -0.799948 -61.455 
0.0243291 0 0 76.1441 -0.851465 -62.3862 
0.0232421 0 0 77.6475 -0.908018 -63.3922 
0.0269554 0 0 79.2405 -0.96787 -64.425 
0.0332951 0 0 80.9339 -1.02976 -65.4723 
0.0484431 0 0 82.6341 -1.08923 -66.4716 
0.0670748 0 0 84.282 -1.14414 -67.3915 
0.092661 0 0 85.7747 -1.19121 -68.1836 
0.116169 0 0 87.0524 -1.22917 -68.8304 
0.151231 0 0 87.9941 -1.25566 -69.2856 
0.178525 0 0 88.6102 -1.27185 -69.5711 
0.190371 0 0 88.7942 -1.27692 -69.6583 
