28.4887 0 0 -53.0264 8.82899 19.941 
27.5799 0 0 -53.0837 8.75967 19.9652 
25.0558 0 0 -53.291 8.53897 20.0456 
21.0242 0 0 -53.6152 7.98115 20.1789 
16.137 0 0 -54.1176 7.22224 20.3762 
10.8154 0 0 -54.8293 6.11286 20.6567 
5.98216 0 0 -55.7042 4.55035 21.0059 
2.47347 0 0 -56.7824 2.71397 21.4182 
0.627508 0 0 -57.8647 0.868524 21.8316 
0.071596 0 0 -58.743 -0.584859 22.1681 
0.0512851 0 0 -59.317 -1.40555 22.3804 
0.118579 0 0 -59.606 -1.72726 22.4903 
0.176992 0 0 -59.7518 -1.76958 22.5431 
0.201967 0 0 -59.8037 -1.70747 22.5618 
0.223418 0 0 -59.8353 -1.61449 22.5736 
0.218227 0 0 -59.8353 -1.53107 22.5748 
0.219008 0 0 -59.8392 -1.46647 22.5766 
0.223446 0 0 -59.8483 -1.42891 22.5759 
0.215081 0 0 -59.8329 -1.41576 22.5755 
0.216211 0 0 -59.8334 -1.42759 22.5755 
0.215863 0 0 -59.8208 -1.47127 22.568 
0.210865 0 0 -59.82 -1.53362 22.5692 
0.206179 0 0 -59.824 -1.61422 22.5722 
0.210633 0 0 -59.8173 -1.70603 22.5645 
0.180769 0 0 -59.7451 -1.77196 22.5398 
0.12096 0 0 -59.604 -1.72592 22.492 
0.0502236 0 0 -59.3137 -1.40944 22.3804 
0.0726075 0 0 -58.7506 -0.583903 22.1658 
0.647812 0 0 -57.8618 0.86247 21.8321 
2.48233 0 0 -56.7784 2.72277 21.4185 
5.97418 0 0 -55.7254 4.54393 21.0109 
10.7511 0 0 -54.8259 6.0996 20.658 
16.1222 0 0 -54.1181 7.23283 20.3759 
21.0424 0 0 -53.6228 8.02409 20.1814 
25.0516 0 0 -53.2787 8.4928 20.0451 
27.6032 0 0 -53.0935 8.77249 19.9706 
28.5225 0 0 -53.0373 8.83267 19.9457 
27.6731 0 0 -53.0368 8.70998 19.9542 
25.9456 0 0 -53.188 8.59705 20.0126 
22.6974 0 0 -53.4573 8.19552 20.1234 
18.1957 0 0 -53.8847 7.56391 20.2911 
12.977 0 0 -54.4882 6.61994 20.5328 
7.82453 0 0 -55.2951 5.28279 20.8478 
3.70767 0 0 -56.2875 3.54985 21.2368 
1.17024 0 0 -57.3653 1.61291 21.6542 
0.183724 0 0 -58.3443 -0.10191 22.028 
0.0280337 0 0 -59.0039 -1.21813 22.2807 
0.0959331 0 0 -59.3718 -1.71207 22.4205 
0.159686 0 0 -59.557 -1.83047 22.489 
0.202901 0 0 -59.6308 -1.78898 22.5139 
0.213564 0 0 -59.6672 -1.69465 22.5269 
0.224175 0 0 -59.6809 -1.59774 22.533 
0.222954 0 0 -59.6763 -1.51981 22.532 
0.209573 0 0 -59.6646 -1.4675 22.5279 
0.217193 0 0 -59.6872 -1.43484 22.5351 
0.227521 0 0 -59.6772 -1.43516 22.5302 
0.215016 0 0 -59.6844 -1.45658 22.5332 
0.207154 0 0 -59.6733 -1.50576 22.5313 
0.207697 0 0 -59.6726 -1.5769 22.5306 
0.200691 0 0 -59.654 -1.66341 22.5266 
0.193921 0 0 -59.6326 -1.74265 22.5138 
0.143664 0 0 -59.5323 -1.76404 22.4789 
0.0788778 0 0 -59.314 -1.60708 22.4022 
0.0287685 0 0 -58.8954 -1.07826 22.2432 
0.244836 0 0 -58.1772 0.0336978 21.9743 
1.34465 0 0 -57.1923 1.68123 21.5946 
3.94467 0 0 -56.1339 3.51165 21.1862 
8.04932 0 0 -55.15 5.17271 20.8039 
13.0408 0 0 -54.3782 6.52114 20.4981 
18.1364 0 0 -53.8008 7.52067 20.2643 
22.6572 0 0 -53.3957 8.16393 20.1036 
25.8909 0 0 -53.1494 8.55024 20.0034 
27.6032 0 0 -53.036 8.75162 19.9554 
27.6311 0 0 -53.0485 8.74845 19.9595 
25.1777 0 0 -53.0959 8.49326 20.005 
22.7778 0 0 -53.3023 8.20914 20.0872 
18.9515 0 0 -53.6544 7.66396 20.2277 
14.1745 0 0 -54.1774 6.91627 20.4336 
9.16304 0 0 -54.88 5.72506 20.7157 
4.72861 0 0 -55.7594 4.11986 21.0672 
1.73537 0 0 -56.7719 2.17134 21.4664 
0.356293 0 0 -57.7537 0.301886 21.8483 
0.041586 0 0 -58.465 -1.05372 22.1253 
0.0825428 0 0 -58.8786 -1.72236 22.2808 
0.152855 0 0 -59.0667 -1.92405 22.3561 
0.183925 0 0 -59.1651 -1.9039 22.3913 
0.192398 0 0 -59.1956 -1.80955 22.4013 
0.215332 0 0 -59.2124 -1.6995 22.4111 
0.202928 0 0 -59.1992 -1.60887 22.4042 
0.210381 0 0 -59.2161 -1.53547 22.4126 
0.212672 0 0 -59.2157 -1.49018 22.412 
0.20256 0 0 -59.204 -1.47343 22.4099 
0.205278 0 0 -59.2106 -1.48068 22.4098 
0.21749 0 0 -59.2052 -1.51467 22.4077 
0.201704 0 0 -59.2006 -1.57189 22.4078 
0.200807 0 0 -59.1968 -1.64925 22.4071 
0.19279 0 0 -59.1868 -1.73503 22.4046 
0.165081 0 0 -59.1336 -1.80372 22.3796 
0.115359 0 0 -59.0092 -1.77454 22.3384 
0.0474565 0 0 -58.7537 -1.50116 22.2381 
0.0509185 0 0 -58.2518 -0.77897 22.0491 
0.528678 0 0 -57.4593 0.513177 21.7441 
2.11933 0 0 -56.4736 2.21419 21.3634 
5.12966 0 0 -55.4901 3.95015 20.9804 
9.39076 0 0 -54.6601 5.46207 20.6507 
14.2964 0 0 -54.0026 6.65519 20.3839 
18.9399 0 0 -53.5288 7.48846 20.1912 
22.7489 0 0 -53.2149 8.02232 20.0624 
25.1457 0 0 -53.0554 8.40945 19.9938 
26.0208 0 0 -53.0105 8.50339 19.9733 
25.1866 0 0 -53.0911 8.45576 20.0052 
21.4368 0 0 -53.1555 7.90935 20.0742 
18.4524 0 0 -53.4284 7.49108 20.1822 
14.4421 0 0 -53.8647 6.82535 20.3579 
9.82894 0 0 -54.4572 5.78026 20.5991 
5.45697 0 0 -55.2289 4.37197 20.9111 
2.23013 0 0 -56.1254 2.52089 21.2719 
0.540122 0 0 -57.0233 0.590955 21.6362 
0.0683774 0 0 -57.7282 -0.932093 21.9152 
0.071605 0 0 -58.1493 -1.75856 22.0813 
0.131788 0 0 -58.3525 -2.03654 22.1658 
0.1675 0 0 -58.4247 -2.04289 22.1916 
0.190607 0 0 -58.4663 -1.94388 22.2073 
0.197616 0 0 -58.4774 -1.8265 22.2087 
0.195485 0 0 -58.4823 -1.71659 22.2136 
0.192127 0 0 -58.4842 -1.63027 22.215 
0.195145 0 0 -58.4854 -1.56981 22.2144 
0.188397 0 0 -58.4828 -1.53735 22.2108 
0.195403 0 0 -58.4832 -1.52677 22.2131 
0.200904 0 0 -58.4844 -1.54427 22.2114 
0.189833 0 0 -58.4837 -1.58397 22.2144 
0.202236 0 0 -58.4837 -1.64937 22.2142 
0.196252 0 0 -58.4849 -1.73444 22.2111 
0.177855 0 0 -58.4557 -1.82415 22.2014 
0.165108 0 0 -58.4166 -1.87574 22.1879 
0.102591 0 0 -58.2783 -1.81003 22.135 
0.0320186 0 0 -57.9859 -1.45486 22.0219 
0.106175 0 0 -57.4418 -0.607567 21.8105 
0.752976 0 0 -56.6781 0.780747 21.5111 
2.55315 0 0 -55.7716 2.44784 21.1613 
5.74828 0 0 -54.9149 4.10655 20.8134 
9.83052 0 0 -54.2098 5.49777 20.5273 
14.2842 0 0 -53.6592 6.53714 20.3032 
18.2073 0 0 -53.2961 7.27564 20.1492 
21.285 0 0 -53.0629 7.72196 20.0509 
22.9127 0 0 -52.9753 8.038 20.0076 
22.9285 0 0 -53.0005 8.07307 20.0155 
21.4101 0 0 -53.1524 7.92079 20.0731 
16.6864 0 0 -53.1991 7.03853 20.1538 
13.5376 0 0 -53.5639 6.51221 20.2976 
9.63406 0 0 -54.0372 5.6167 20.4948 
5.73472 0 0 -54.6827 4.3427 20.7598 
2.5691 0 0 -55.4368 2.65219 21.0717 
0.712076 0 0 -56.2054 0.743411 21.3938 
0.110175 0 0 -56.848 -0.865333 21.6603 
0.0609426 0 0 -57.2504 -1.80687 21.8294 
0.115929 0 0 -57.4486 -2.15352 21.9064 
0.153685 0 0 -57.5239 -2.18151 21.9405 
0.16739 0 0 -57.5558 -2.08484 21.9491 
0.178651 0 0 -57.5657 -1.955 21.9538 
0.173174 0 0 -57.5723 -1.83161 21.9585 
0.17221 0 0 -57.5597 -1.73162 21.9555 
0.187558 0 0 -57.5783 -1.65538 21.9585 
0.171464 0 0 -57.569 -1.60555 21.9564 
0.174141 0 0 -57.5573 -1.582 21.951 
0.175448 0 0 -57.572 -1.58025 21.9543 
0.17394 0 0 -57.5634 -1.60437 21.9544 
0.180056 0 0 -57.5724 -1.65322 21.9548 
0.181188 0 0 -57.5693 -1.72465 21.9555 
0.181946 0 0 -57.5741 -1.81346 21.9579 
0.171122 0 0 -57.5535 -1.90679 21.9485 
0.145061 0 0 -57.4984 -1.95849 21.9303 
0.0856428 0 0 -57.3716 -1.87621 21.8811 
0.0291866 0 0 -57.102 -1.48616 21.7754 
0.131245 0 0 -56.6045 -0.601752 21.5737 
0.823346 0 0 -55.8976 0.773218 21.2961 
2.6097 0 0 -55.1268 2.3939 20.984 
5.60617 0 0 -54.3964 3.90081 20.6871 
9.26519 0 0 -53.7988 5.2094 20.4386 
13.0867 0 0 -53.3708 6.14896 20.2531 
16.2775 0 0 -53.0871 6.84072 20.1305 
18.4453 0 0 -52.9267 7.20512 20.0598 
19.3751 0 0 -52.9096 7.37995 20.0421 
18.7141 0 0 -52.9908 7.32407 20.0725 
16.6794 0 0 -53.2212 7.09703 20.1584 
11.6945 0 0 -53.241 5.92205 20.2384 
8.76396 0 0 -53.6045 5.10785 20.394 
5.45973 0 0 -54.117 3.99659 20.6079 
2.65823 0 0 -54.7206 2.48624 20.867 
0.846685 0 0 -55.347 0.745693 21.1396 
0.166431 0 0 -55.8865 -0.840504 21.3728 
0.0626208 0 0 -56.247 -1.84092 21.5285 
0.109425 0 0 -56.4228 -2.25045 21.6013 
0.146185 0 0 -56.5073 -2.30392 21.6379 
0.15622 0 0 -56.5206 -2.21207 21.6453 
0.162169 0 0 -56.5487 -2.07506 21.6529 
0.167411 0 0 -56.5355 -1.94169 21.6517 
0.162376 0 0 -56.5368 -1.82653 21.6532 
0.155188 0 0 -56.5287 -1.73663 21.6503 
0.153074 0 0 -56.5318 -1.67172 21.6485 
0.162917 0 0 -56.54 -1.63079 21.6498 
0.155392 0 0 -56.5162 -1.61543 21.6425 
0.157769 0 0 -56.5297 -1.62006 21.6483 
0.161547 0 0 -56.5333 -1.6496 21.6491 
0.146453 0 0 -56.5323 -1.70356 21.648 
0.157038 0 0 -56.5246 -1.78006 21.6476 
0.156448 0 0 -56.5352 -1.87478 21.6472 
0.154486 0 0 -56.5255 -1.97212 21.6485 
0.131505 0 0 -56.4907 -2.033 21.6338 
0.0848389 0 0 -56.3738 -1.96662 21.587 
0.029871 0 0 -56.1568 -1.60176 21.5007 
0.122316 0 0 -55.7507 -0.775459 21.3355 
0.731564 0 0 -55.1656 0.511717 21.0984 
2.2975 0 0 -54.5265 2.03517 20.8355 
4.82815 0 0 -53.9265 3.4788 20.5805 
7.86655 0 0 -53.4422 4.63952 20.3751 
10.935 0 0 -53.1007 5.53177 20.2222 
13.29 0 0 -52.884 6.10678 20.1223 
14.7483 0 0 -52.7984 6.37814 20.0769 
15.0148 0 0 -52.8367 6.48168 20.0836 
13.9834 0 0 -52.9808 6.30858 20.1394 
11.6992 0 0 -53.231 5.8935 20.2389 
7.22671 0 0 -53.1575 4.36025 20.2901 
4.76247 0 0 -53.5383 3.41015 20.4541 
2.47618 0 0 -53.9918 2.13454 20.6512 
0.938635 0 0 -54.4779 0.589076 20.8706 
0.21703 0 0 -54.9108 -0.856124 21.0675 
0.0756793 0 0 -55.1953 -1.86444 21.1997 
0.0902364 0 0 -55.3429 -2.31032 21.2647 
0.12323 0 0 -55.4222 -2.39769 21.2991 
0.129595 0 0 -55.448 -2.31475 21.3127 
0.131791 0 0 -55.4568 -2.1779 21.314 
0.141262 0 0 -55.4567 -2.03527 21.3123 
0.131419 0 0 -55.4625 -1.90896 21.3181 
0.13914 0 0 -55.438 -1.80753 21.3087 
0.128554 0 0 -55.4427 -1.728 21.31 
0.133663 0 0 -55.4527 -1.67196 21.3114 
0.138566 0 0 -55.4465 -1.63913 21.31 
0.134815 0 0 -55.4458 -1.62805 21.3084 
0.132129 0 0 -55.4327 -1.63916 21.3056 
0.135562 0 0 -55.4365 -1.67168 21.3066 
0.133311 0 0 -55.4422 -1.72791 21.3085 
0.145433 0 0 -55.4529 -1.80533 21.3148 
0.152432 0 0 -55.4513 -1.90432 21.3127 
0.138194 0 0 -55.4514 -2.00958 21.3104 
0.125075 0 0 -55.4225 -2.08773 21.3008 
0.083116 0 0 -55.3502 -2.05928 21.2743 
0.0396433 0 0 -55.1972 -1.77791 21.21 
0.0759088 0 0 -54.8846 -1.07832 21.0816 
0.506593 0 0 -54.4329 0.0461976 20.8953 
1.68709 0 0 -53.9334 1.41467 20.6822 
3.58425 0 0 -53.4511 2.69783 20.4778 
5.94514 0 0 -53.0803 3.78752 20.3129 
8.22012 0 0 -52.8107 4.58116 20.1844 
9.84414 0 0 -52.6752 5.08292 20.1167 
10.6663 0 0 -52.6403 5.34042 20.0902 
10.4447 0 0 -52.7126 5.27728 20.1115 
9.19156 0 0 -52.8843 4.95841 20.1775 
7.17156 0 0 -53.1684 4.3839 20.295 
3.71584 0 0 -52.9515 2.59729 20.2919 
2.09993 0 0 -53.263 1.54486 20.43 
0.919062 0 0 -53.6137 0.288231 20.5945 
0.267095 0 0 -53.9236 -0.951804 20.7456 
0.0826623 0 0 -54.1538 -1.86831 20.8561 
0.0691835 0 0 -54.2761 -2.33197 20.9157 
0.100755 0 0 -54.3454 -2.45089 20.9503 
0.115048 0 0 -54.3694 -2.38836 20.9588 
0.116863 0 0 -54.3776 -2.25639 20.9618 
0.122335 0 0 -54.3744 -2.11122 20.9616 
0.121281 0 0 -54.3714 -1.97731 20.9634 
0.123753 0 0 -54.3741 -1.86419 20.9585 
0.114578 0 0 -54.3685 -1.77218 20.9586 
0.110957 0 0 -54.3678 -1.7038 20.956 
0.114103 0 0 -54.3713 -1.65589 20.957 
0.114711 0 0 -54.3736 -1.62847 20.9574 
0.115923 0 0 -54.3747 -1.62133 20.9598 
0.111527 0 0 -54.3602 -1.63406 20.9545 
0.12327 0 0 -54.3764 -1.66869 20.9592 
0.129717 0 0 -54.3841 -1.72489 20.9611 
0.121568 0 0 -54.3757 -1.803 20.9602 
0.126668 0 0 -54.3841 -1.90271 20.9613 
0.117759 0 0 -54.3864 -2.01322 20.9618 
0.112909 0 0 -54.3588 -2.10927 20.9541 
0.0938111 0 0 -54.3254 -2.13104 20.9394 
0.0462002 0 0 -54.2196 -1.96446 20.8947 
0.0462645 0 0 -54.0248 -1.46008 20.8151 
0.26249 0 0 -53.7149 -0.572185 20.6867 
0.958049 0 0 -53.3317 0.565297 20.5238 
2.2594 0 0 -52.9829 1.71232 20.3678 
3.82538 0 0 -52.6926 2.67175 20.2337 
5.38684 0 0 -52.4985 3.35442 20.1385 
6.46551 0 0 -52.4057 3.78804 20.0858 
6.82176 0 0 -52.4189 3.92502 20.0774 
6.39449 0 0 -52.509 3.7991 20.1052 
5.30684 0 0 -52.693 3.33764 20.181 
3.72049 0 0 -52.9474 2.58912 20.2892 
1.60471 0 0 -52.5587 0.833357 20.2115 
0.775164 0 0 -52.774 -0.123139 20.3143 
0.273076 0 0 -52.9862 -1.09804 20.421 
0.0953646 0 0 -53.1607 -1.87557 20.5092 
0.0694775 0 0 -53.2568 -2.32083 20.559 
0.0888554 0 0 -53.3125 -2.46508 20.5885 
0.0844749 0 0 -53.3394 -2.42866 20.6056 
0.101469 0 0 -53.3496 -2.31111 20.6073 
0.0984871 0 0 -53.3497 -2.16945 20.6113 
0.0974404 0 0 -53.3466 -2.0323 20.6075 
0.104744 0 0 -53.342 -1.91103 20.6067 
0.100797 0 0 -53.3397 -1.80945 20.6032 
0.0991913 0 0 -53.3359 -1.72828 20.6027 
0.10002 0 0 -53.3422 -1.66712 20.6025 
0.103929 0 0 -53.3422 -1.62526 20.6041 
0.0971022 0 0 -53.3391 -1.60247 20.5997 
0.0951731 0 0 -53.3339 -1.59745 20.5999 
0.105408 0 0 -53.3504 -1.61148 20.6053 
0.106468 0 0 -53.3551 -1.64483 20.6059 
0.105256 0 0 -53.3473 -1.69967 20.6022 
0.104077 0 0 -53.3584 -1.77564 20.6063 
0.107586 0 0 -53.352 -1.87247 20.6042 
0.108165 0 0 -53.3573 -1.9844 20.6092 
0.101204 0 0 -53.3469 -2.09486 20.6054 
0.0827951 0 0 -53.3262 -2.16459 20.5968 
0.0614496 0 0 -53.2646 -2.11396 20.5716 
0.0393915 0 0 -53.1612 -1.82349 20.5299 
0.0981697 0 0 -52.9601 -1.22068 20.4439 
0.418108 0 0 -52.72 -0.35087 20.34 
1.12266 0 0 -52.4827 0.584678 20.2296 
2.04373 0 0 -52.2781 1.38979 20.132 
2.96941 0 0 -52.1306 1.97756 20.0557 
3.55224 0 0 -52.079 2.2856 20.0237 
3.70976 0 0 -52.1022 2.34921 20.0207 
3.33894 0 0 -52.2005 2.11699 20.0548 
2.54094 0 0 -52.3479 1.58677 20.1194 
1.58919 0 0 -52.5474 0.824909 20.2067 
0.562381 0 0 -51.9899 -0.626194 20.0449 
0.251297 0 0 -52.1273 -1.31907 20.1137 
0.113897 0 0 -52.2443 -1.90908 20.1768 
0.0649764 0 0 -52.3009 -2.29145 20.2134 
0.0725333 0 0 -52.3679 -2.44528 20.2459 
0.0720143 0 0 -52.3768 -2.43781 20.2544 
0.0882718 0 0 -52.3811 -2.34177 20.2576 
0.0896785 0 0 -52.3964 -2.21207 20.2665 
0.0927267 0 0 -52.3984 -2.07754 20.2632 
0.0865746 0 0 -52.3887 -1.95236 20.2628 
0.0890973 0 0 -52.386 -1.84311 20.2572 
0.0768877 0 0 -52.3856 -1.75175 20.2584 
0.0869182 0 0 -52.3923 -1.67916 20.2584 
0.0916831 0 0 -52.3845 -1.62438 20.2554 
0.082723 0 0 -52.3814 -1.58638 20.2554 
0.0759499 0 0 -52.3835 -1.5658 20.2582 
0.0810278 0 0 -52.3832 -1.5619 20.2541 
0.0840449 0 0 -52.3912 -1.57558 20.2566 
0.0857348 0 0 -52.3907 -1.60738 20.2575 
0.0919299 0 0 -52.3913 -1.65801 20.2604 
0.095854 0 0 -52.4017 -1.72869 20.2605 
0.0998328 0 0 -52.3905 -1.82103 20.2588 
0.0997797 0 0 -52.4001 -1.93043 20.2635 
0.0974779 0 0 -52.3984 -2.04824 20.2592 
0.0848354 0 0 -52.3838 -2.14944 20.2569 
0.0770025 0 0 -52.3728 -2.18562 20.2513 
0.0437163 0 0 -52.3046 -2.08155 20.2261 
0.0419781 0 0 -52.2031 -1.76035 20.1835 
0.131072 0 0 -52.0705 -1.20655 20.1227 
0.416724 0 0 -51.9274 -0.544145 20.0569 
0.836728 0 0 -51.7859 0.0682552 19.9854 
1.30835 0 0 -51.6961 0.536104 19.9348 
1.60836 0 0 -51.6524 0.752986 19.9049 
1.65496 0 0 -51.6836 0.751541 19.9085 
1.39354 0 0 -51.7483 0.49429 19.9324 
0.99942 0 0 -51.8564 0.00758718 19.982 
0.564789 0 0 -51.9895 -0.631731 20.0429 
0.207177 0 0 -51.3427 -1.58099 19.8254 
0.0996915 0 0 -51.4042 -1.97574 19.862 
0.0593073 0 0 -51.4581 -2.25984 19.8927 
0.0695978 0 0 -51.5043 -2.40336 19.9189 
0.0724211 0 0 -51.509 -2.41863 19.9282 
0.0706862 0 0 -51.5246 -2.34968 19.9305 
0.0789371 0 0 -51.521 -2.23877 19.9345 
0.075236 0 0 -51.5351 -2.11342 19.9367 
0.0755478 0 0 -51.5299 -1.9902 19.9349 
0.0782861 0 0 -51.5279 -1.87651 19.9332 
0.0710491 0 0 -51.52 -1.77777 19.9304 
0.0755649 0 0 -51.5248 -1.69516 19.9316 
0.077397 0 0 -51.52 -1.62898 19.9278 
0.0787966 0 0 -51.5246 -1.57874 19.9323 
0.0825985 0 0 -51.5185 -1.54406 19.9309 
0.0791089 0 0 -51.5227 -1.52433 19.9291 
0.0788064 0 0 -51.5179 -1.52024 19.928 
0.0779101 0 0 -51.5205 -1.53245 19.929 
0.0727381 0 0 -51.5249 -1.56068 19.9319 
0.0740753 0 0 -51.5358 -1.6072 19.9332 
0.0901429 0 0 -51.5285 -1.67184 19.9287 
0.0858781 0 0 -51.5328 -1.75702 19.9292 
0.0893827 0 0 -51.5289 -1.85973 19.934 
0.0870575 0 0 -51.547 -1.97671 19.9365 
0.0809884 0 0 -51.5303 -2.09367 19.9326 
0.0801851 0 0 -51.5283 -2.18401 19.933 
0.0629814 0 0 -51.4958 -2.20232 19.9193 
0.0425006 0 0 -51.4494 -2.09856 19.9023 
0.0475809 0 0 -51.3884 -1.8354 19.873 
0.125665 0 0 -51.3035 -1.45952 19.8329 
0.2593 0 0 -51.2298 -1.05773 19.794 
0.448687 0 0 -51.1769 -0.748401 19.7647 
0.567182 0 0 -51.1481 -0.59231 19.7423 
0.57959 0 0 -51.1615 -0.608967 19.7427 
0.504208 0 0 -51.2102 -0.82261 19.7588 
0.348335 0 0 -51.2682 -1.16702 19.7884 
0.192892 0 0 -51.345 -1.57649 19.823 
0.0804907 0 0 -50.6737 -2.07147 19.576 
0.0629001 0 0 -50.7098 -2.24761 19.5963 
0.0592604 0 0 -50.7396 -2.35607 19.6154 
0.0507866 0 0 -50.7488 -2.38036 19.6252 
0.0670478 0 0 -50.7581 -2.33718 19.6305 
0.0650122 0 0 -50.7547 -2.24943 19.6287 
0.0678282 0 0 -50.7636 -2.14041 19.6348 
0.0722027 0 0 -50.7692 -2.02493 19.6356 
0.0679101 0 0 -50.7614 -1.91313 19.6357 
0.0556875 0 0 -50.7522 -1.81037 19.6309 
0.0666355 0 0 -50.766 -1.72064 19.6349 
0.06373 0 0 -50.762 -1.64421 19.6329 
0.0648819 0 0 -50.7572 -1.58172 19.6305 
0.0689044 0 0 -50.7563 -1.53455 19.6302 
0.0717892 0 0 -50.7567 -1.50151 19.6286 
0.064104 0 0 -50.762 -1.48215 19.6297 
0.0638528 0 0 -50.7652 -1.47784 19.6301 
0.0700391 0 0 -50.7567 -1.48686 19.6278 
0.0693377 0 0 -50.7616 -1.51157 19.6286 
0.0703023 0 0 -50.763 -1.55309 19.6315 
0.0744773 0 0 -50.7672 -1.61132 19.6311 
0.0708472 0 0 -50.7579 -1.68665 19.6275 
0.0731216 0 0 -50.7686 -1.78136 19.6322 
0.074965 0 0 -50.7804 -1.89191 19.637 
0.0771103 0 0 -50.7678 -2.01057 19.6335 
0.0710088 0 0 -50.7666 -2.12398 19.6344 
0.0661362 0 0 -50.7607 -2.20943 19.6315 
0.0574749 0 0 -50.7396 -2.2336 19.6232 
0.0481178 0 0 -50.7137 -2.16985 19.6093 
0.044239 0 0 -50.676 -2.01963 19.5924 
0.0724154 0 0 -50.6341 -1.82661 19.5709 
0.1267 0 0 -50.5995 -1.65292 19.5497 
0.164656 0 0 -50.5852 -1.55369 19.5379 
0.187508 0 0 -50.5912 -1.56382 19.5351 
0.165147 0 0 -50.6119 -1.678 19.5438 
0.130808 0 0 -50.6548 -1.86053 19.5614 
0.0929478 0 0 -50.6798 -2.07018 19.5791 
0.0622323 0 0 -50.0615 -2.25655 19.3363 
0.0561322 0 0 -50.0705 -2.31352 19.3431 
0.0591108 0 0 -50.0768 -2.33161 19.3523 
0.0554557 0 0 -50.0919 -2.30651 19.3594 
0.0589802 0 0 -50.0962 -2.24507 19.3626 
0.059534 0 0 -50.099 -2.15755 19.3652 
0.059788 0 0 -50.1072 -2.0575 19.3669 
0.0575004 0 0 -50.1058 -1.95227 19.3653 
0.06097 0 0 -50.0985 -1.8497 19.3617 
0.0651318 0 0 -50.1093 -1.75586 19.3672 
0.0583096 0 0 -50.1009 -1.67154 19.3631 
0.0630066 0 0 -50.101 -1.59991 19.359 
0.0593366 0 0 -50.1066 -1.54122 19.363 
0.0585354 0 0 -50.0926 -1.49477 19.3584 
0.0662207 0 0 -50.0974 -1.4626 19.3595 
0.058275 0 0 -50.1037 -1.44289 19.3617 
0.0570623 0 0 -50.0976 -1.43587 19.3587 
0.0616574 0 0 -50.1061 -1.44357 19.3599 
0.0646172 0 0 -50.1033 -1.46393 19.3619 
0.0687183 0 0 -50.108 -1.4998 19.3648 
0.0671237 0 0 -50.1029 -1.55025 19.3602 
0.066697 0 0 -50.1069 -1.61773 19.3605 
0.0667311 0 0 -50.1087 -1.70285 19.3634 
0.0756982 0 0 -50.1108 -1.8021 19.3638 
0.0691549 0 0 -50.1093 -1.9151 19.361 
0.0648799 0 0 -50.1039 -2.0328 19.3635 
0.0734958 0 0 -50.1031 -2.14366 19.3636 
0.0668805 0 0 -50.1093 -2.22924 19.3626 
0.0518955 0 0 -50.0879 -2.27208 19.3592 
0.0476505 0 0 -50.0813 -2.26093 19.3526 
0.0479558 0 0 -50.0542 -2.20554 19.3404 
0.0574719 0 0 -50.0451 -2.13499 19.3328 
0.0713677 0 0 -50.0312 -2.08173 19.3223 
0.0803036 0 0 -50.0352 -2.07182 19.3186 
0.0782435 0 0 -50.0399 -2.1076 19.322 
0.0648311 0 0 -50.0463 -2.17947 19.3267 
0.0575981 0 0 -50.0567 -2.25697 19.3342 
0.0495542 0 0 -49.5304 -2.28303 19.1159 
0.0517623 0 0 -49.5315 -2.28484 19.1211 
0.0482002 0 0 -49.5404 -2.26752 19.1248 
0.0520272 0 0 -49.5395 -2.22657 19.1297 
0.0566393 0 0 -49.543 -2.16323 19.1306 
0.0489592 0 0 -49.5437 -2.08236 19.1321 
0.0527258 0 0 -49.5479 -1.99213 19.1344 
0.0492216 0 0 -49.5408 -1.89582 19.1313 
0.0500964 0 0 -49.5407 -1.80162 19.1307 
0.0555867 0 0 -49.5454 -1.71376 19.1304 
0.0550106 0 0 -49.5453 -1.63434 19.1312 
0.0595148 0 0 -49.5487 -1.56542 19.1299 
0.0550126 0 0 -49.5484 -1.50808 19.1287 
0.058304 0 0 -49.5458 -1.46289 19.1301 
0.0544918 0 0 -49.5471 -1.4298 19.1266 
0.0518681 0 0 -49.5486 -1.40887 19.1278 
0.0536021 0 0 -49.5425 -1.40002 19.1266 
0.0583664 0 0 -49.548 -1.40378 19.1251 
0.0688775 0 0 -49.5452 -1.42025 19.1258 
0.0558629 0 0 -49.5459 -1.45052 19.1251 
0.0596327 0 0 -49.5472 -1.4945 19.1266 
0.0592589 0 0 -49.5507 -1.55356 19.1305 
0.0619744 0 0 -49.5552 -1.62785 19.1302 
0.0659538 0 0 -49.5552 -1.71666 19.1316 
0.0576385 0 0 -49.558 -1.81904 19.1306 
0.0638474 0 0 -49.5548 -1.9311 19.1303 
0.0613061 0 0 -49.5498 -2.04609 19.1306 
0.0656402 0 0 -49.5542 -2.15248 19.1331 
0.0575993 0 0 -49.5505 -2.23831 19.1309 
0.0567832 0 0 -49.5388 -2.29261 19.1269 
0.0549036 0 0 -49.5319 -2.31296 19.1254 
0.0559565 0 0 -49.5278 -2.30471 19.1185 
0.0474116 0 0 -49.5238 -2.28412 19.1147 
0.0536962 0 0 -49.5161 -2.26781 19.1111 
0.0474874 0 0 -49.5138 -2.26508 19.1089 
0.0531144 0 0 -49.5175 -2.27229 19.1092 
0.0542098 0 0 -49.5212 -2.28393 19.1142 
0.0458996 0 0 -49.0735 -2.24519 18.9251 
0.0479631 0 0 -49.0877 -2.22692 18.9337 
0.0543635 0 0 -49.0843 -2.19912 18.9314 
0.0530566 0 0 -49.0908 -2.15775 18.9354 
0.0481547 0 0 -49.0877 -2.09981 18.9357 
0.0502619 0 0 -49.0939 -2.0278 18.936 
0.0482514 0 0 -49.0955 -1.94638 18.9388 
0.0575079 0 0 -49.0979 -1.85834 18.9397 
0.0514123 0 0 -49.0919 -1.77017 18.9362 
0.0571662 0 0 -49.0977 -1.68633 18.937 
0.0571697 0 0 -49.102 -1.60933 18.9382 
0.059662 0 0 -49.1005 -1.54146 18.9347 
0.0614422 0 0 -49.1 -1.48508 18.9378 
0.0593557 0 0 -49.0966 -1.43859 18.9335 
0.0579207 0 0 -49.0968 -1.40468 18.932 
0.0628126 0 0 -49.098 -1.38195 18.934 
0.0603405 0 0 -49.1042 -1.37159 18.9374 
0.0581224 0 0 -49.0991 -1.37133 18.9326 
0.0546563 0 0 -49.0977 -1.38334 18.9335 
0.0627545 0 0 -49.0973 -1.40817 18.9338 
0.0535248 0 0 -49.0999 -1.4458 18.9357 
0.0619934 0 0 -49.0974 -1.49575 18.935 
0.0584249 0 0 -49.1073 -1.56066 18.936 
0.0585966 0 0 -49.1025 -1.63888 18.937 
0.0599205 0 0 -49.1003 -1.73053 18.9359 
0.0560547 0 0 -49.0951 -1.83241 18.9365 
0.0627959 0 0 -49.1113 -1.94166 18.9401 
0.0614442 0 0 -49.1013 -2.04907 18.9367 
0.0603453 0 0 -49.0991 -2.14801 18.9357 
0.0556023 0 0 -49.0956 -2.22736 18.936 
0.0539584 0 0 -49.0976 -2.28048 18.9359 
0.052793 0 0 -49.0896 -2.30522 18.9326 
0.0551915 0 0 -49.0825 -2.30678 18.93 
0.0526892 0 0 -49.086 -2.29437 18.9298 
0.0499481 0 0 -49.0795 -2.27762 18.924 
0.0457963 0 0 -49.081 -2.26167 18.9268 
0.0468953 0 0 -49.0861 -2.24646 18.9294 
0.0439027 0 0 -48.7277 -2.1914 18.775 
0.0426716 0 0 -48.7424 -2.17019 18.7789 
0.0445947 0 0 -48.7424 -2.14408 18.7805 
0.049334 0 0 -48.7425 -2.10784 18.7844 
0.0429746 0 0 -48.7434 -2.05813 18.7836 
0.0496174 0 0 -48.7473 -1.9958 18.7865 
0.054378 0 0 -48.7467 -1.92085 18.7861 
0.0527093 0 0 -48.7507 -1.83883 18.787 
0.0524276 0 0 -48.7472 -1.75452 18.7821 
0.0510659 0 0 -48.7515 -1.67289 18.7831 
0.0533502 0 0 -48.7444 -1.59649 18.7819 
0.0488384 0 0 -48.7431 -1.52936 18.7824 
0.0591391 0 0 -48.753 -1.47166 18.7848 
0.0527929 0 0 -48.7458 -1.42448 18.7823 
0.0567101 0 0 -48.7497 -1.38789 18.7808 
0.0475008 0 0 -48.7412 -1.36293 18.7795 
0.0511377 0 0 -48.7514 -1.34878 18.7783 
0.0512289 0 0 -48.743 -1.34542 18.7788 
0.0550424 0 0 -48.7477 -1.35366 18.7787 
0.054213 0 0 -48.7528 -1.37306 18.7801 
0.0506518 0 0 -48.7468 -1.40365 18.7801 
0.051542 0 0 -48.7539 -1.44802 18.7821 
0.050202 0 0 -48.7469 -1.5033 18.7819 
0.0556084 0 0 -48.7483 -1.57202 18.7806 
0.0538938 0 0 -48.755 -1.65311 18.7835 
0.0558524 0 0 -48.7514 -1.74486 18.7836 
0.0521226 0 0 -48.7511 -1.84451 18.7841 
0.0578174 0 0 -48.7565 -1.94699 18.7861 
0.0515405 0 0 -48.7544 -2.04587 18.7873 
0.0508796 0 0 -48.7527 -2.13139 18.787 
0.0451591 0 0 -48.7519 -2.19819 18.7873 
0.0530018 0 0 -48.745 -2.23827 18.7828 
0.0548727 0 0 -48.7441 -2.25398 18.7802 
0.051958 0 0 -48.7422 -2.24956 18.7793 
0.0413078 0 0 -48.7362 -2.2338 18.7777 
0.0479513 0 0 -48.7382 -2.21241 18.7792 
0.0496899 0 0 -48.732 -2.19169 18.7743 
0.0463684 0 0 -48.4877 -2.1438 18.6672 
0.0458837 0 0 -48.4961 -2.12691 18.6715 
0.0403351 0 0 -48.4962 -2.10723 18.6722 
0.0473687 0 0 -48.4967 -2.07913 18.6712 
0.0483248 0 0 -48.4975 -2.03891 18.6756 
0.0408008 0 0 -48.4987 -1.98452 18.6751 
0.0523693 0 0 -48.5012 -1.91569 18.6757 
0.0547769 0 0 -48.5058 -1.83852 18.6755 
0.0467956 0 0 -48.5023 -1.75646 18.6755 
0.0464372 0 0 -48.5001 -1.67548 18.6739 
0.0568381 0 0 -48.4941 -1.59829 18.6705 
0.0570261 0 0 -48.5047 -1.52983 18.6739 
0.0550397 0 0 -48.5052 -1.46958 18.6726 
0.0573021 0 0 -48.5096 -1.42042 18.6738 
0.0586795 0 0 -48.5101 -1.38163 18.6731 
0.0485943 0 0 -48.4916 -1.35299 18.6681 
0.0584172 0 0 -48.5043 -1.33569 18.6708 
0.0504085 0 0 -48.4996 -1.32863 18.6689 
0.0482371 0 0 -48.5027 -1.33235 18.673 
0.0510551 0 0 -48.5088 -1.34698 18.6726 
0.0547712 0 0 -48.5041 -1.37214 18.6715 
0.0561474 0 0 -48.4998 -1.40857 18.6686 
0.0583754 0 0 -48.5092 -1.45746 18.6738 
0.0514884 0 0 -48.505 -1.51705 18.67 
0.0548571 0 0 -48.5056 -1.58916 18.6725 
0.0543045 0 0 -48.5042 -1.67158 18.6717 
0.0554091 0 0 -48.5088 -1.76233 18.6762 
0.0586885 0 0 -48.5078 -1.857 18.6766 
0.0559287 0 0 -48.4995 -1.95103 18.6743 
0.0526976 0 0 -48.511 -2.03797 18.6792 
0.057903 0 0 -48.51 -2.10749 18.6768 
0.0501117 0 0 -48.499 -2.157 18.6727 
0.0494818 0 0 -48.507 -2.1826 18.6746 
0.0471015 0 0 -48.5009 -2.18683 18.6735 
0.0443359 0 0 -48.4949 -2.17702 18.67 
0.0445918 0 0 -48.4922 -2.1612 18.6676 
0.047377 0 0 -48.4879 -2.14377 18.669 
0.041892 0 0 -48.3474 -2.11255 18.6033 
0.0437739 0 0 -48.3439 -2.10245 18.6015 
0.0420778 0 0 -48.3524 -2.09267 18.6065 
0.0404885 0 0 -48.3462 -2.0745 18.6059 
0.0472928 0 0 -48.3564 -2.04327 18.6098 
0.0475828 0 0 -48.3518 -1.99536 18.6074 
0.0476071 0 0 -48.3571 -1.933 18.6089 
0.0533869 0 0 -48.3486 -1.85765 18.6078 
0.0541186 0 0 -48.3481 -1.77645 18.6069 
0.0473572 0 0 -48.3494 -1.69376 18.6061 
0.0434182 0 0 -48.3495 -1.61442 18.6043 
0.0539936 0 0 -48.3646 -1.54387 18.6089 
0.0469916 0 0 -48.3526 -1.47972 18.6035 
0.044924 0 0 -48.3613 -1.4274 18.6084 
0.0583913 0 0 -48.3564 -1.38469 18.6041 
0.0545819 0 0 -48.3558 -1.35249 18.6055 
0.0440788 0 0 -48.3517 -1.33091 18.602 
0.054842 0 0 -48.3587 -1.32001 18.6044 
0.0576243 0 0 -48.3572 -1.31926 18.6038 
0.0526944 0 0 -48.3522 -1.32878 18.6053 
0.0581142 0 0 -48.3517 -1.34896 18.6037 
0.0519343 0 0 -48.3535 -1.37984 18.6029 
0.0540293 0 0 -48.3513 -1.42198 18.6034 
0.0524892 0 0 -48.362 -1.47555 18.6055 
0.0506901 0 0 -48.3599 -1.53933 18.6079 
0.0536462 0 0 -48.3618 -1.61366 18.6089 
0.0598474 0 0 -48.3573 -1.69608 18.6075 
0.0584474 0 0 -48.3597 -1.78409 18.608 
0.0577402 0 0 -48.3664 -1.87379 18.6109 
0.0504988 0 0 -48.3607 -1.95673 18.6086 
0.0462002 0 0 -48.3654 -2.02997 18.6119 
0.0441074 0 0 -48.3598 -2.08413 18.6103 
0.0518631 0 0 -48.3565 -2.11753 18.6093 
0.047222 0 0 -48.351 -2.13052 18.6041 
0.0465683 0 0 -48.3487 -2.13089 18.6046 
0.0433072 0 0 -48.3428 -2.12164 18.6022 
0.0419017 0 0 -48.3452 -2.1124 18.6046 
0.0406417 0 0 -48.2971 -2.1022 18.5818 
0.0412182 0 0 -48.2995 -2.10218 18.5836 
0.0429582 0 0 -48.295 -2.10026 18.5826 
0.0446227 0 0 -48.2936 -2.09166 18.583 
0.0459113 0 0 -48.3017 -2.06927 18.5847 
0.0472639 0 0 -48.311 -2.03005 18.5906 
0.056694 0 0 -48.3104 -1.97086 18.5889 
0.045849 0 0 -48.3081 -1.89705 18.5877 
0.0489614 0 0 -48.3099 -1.81526 18.5857 
0.0527255 0 0 -48.3143 -1.73037 18.5866 
0.0529561 0 0 -48.3141 -1.64816 18.5865 
0.0478069 0 0 -48.307 -1.57083 18.5844 
0.0452624 0 0 -48.3018 -1.50266 18.581 
0.0580941 0 0 -48.3056 -1.44506 18.5809 
0.0550698 0 0 -48.3024 -1.39781 18.5808 
0.0482867 0 0 -48.3072 -1.36157 18.5826 
0.0499108 0 0 -48.3042 -1.33549 18.5809 
0.0550621 0 0 -48.3018 -1.3199 18.5788 
0.0539306 0 0 -48.3091 -1.3148 18.5807 
0.0482253 0 0 -48.3114 -1.32005 18.5842 
0.0519547 0 0 -48.3101 -1.3357 18.5827 
0.0479636 0 0 -48.3056 -1.36162 18.5824 
0.0469988 0 0 -48.3046 -1.39774 18.5829 
0.0504645 0 0 -48.302 -1.44453 18.5811 
0.0481448 0 0 -48.3071 -1.50263 18.5805 
0.0478305 0 0 -48.3067 -1.57071 18.5822 
0.0540321 0 0 -48.3153 -1.6475 18.5878 
0.0512727 0 0 -48.3091 -1.73008 18.588 
0.0555014 0 0 -48.3073 -1.81509 18.5862 
0.0444329 0 0 -48.3048 -1.89716 18.5851 
0.0427028 0 0 -48.3056 -1.9702 18.5887 
0.0509264 0 0 -48.3017 -2.02879 18.5857 
0.0417145 0 0 -48.3047 -2.06894 18.5842 
0.0465446 0 0 -48.2966 -2.09168 18.5808 
0.0496259 0 0 -48.2983 -2.0998 18.5799 
0.0484991 0 0 -48.301 -2.10215 18.5829 
0.0435545 0 0 -48.2955 -2.1019 18.5795 
