52.2721 0 0 0 14.8225 0 
51.1139 0 0 0 14.7939 0 
48.0391 0 0 0 14.6025 0 
43.1068 0 0 0 14.2456 0 
36.6569 0 0 0 13.6023 0 
29.134 0 0 0 12.7131 0 
21.173 0 0 0 11.4632 0 
13.8868 0 0 0 9.71188 0 
8.00555 0 0 0 7.54848 0 
4.01246 0 0 0 5.22729 0 
1.73429 0 0 0 3.11969 0 
0.670663 0 0 0 1.51336 0 
0.224554 0 0 0 0.458027 0 
0.0820996 0 0 0 -0.156548 0 
0.0305828 0 0 0 -0.487013 0 
0.0117591 0 0 0 -0.649134 0 
0.0043238 0 0 0 -0.726733 0 
0.00290353 0 0 0 -0.760427 0 
0.00259675 0 0 0 -0.769236 0 
0.00272414 0 0 0 -0.760703 0 
0.00428408 0 0 0 -0.728148 0 
0.0109809 0 0 0 -0.650875 0 
0.030909 0 0 0 -0.48779 0 
0.0780598 0 0 0 -0.160425 0 
0.236791 0 0 0 0.454208 0 
0.66003 0 0 0 1.51373 0 
1.72146 0 0 0 3.11895 0 
3.99318 0 0 0 5.23027 0 
7.97093 0 0 0 7.53744 0 
13.9579 0 0 0 9.67372 0 
21.2106 0 0 0 11.4394 0 
29.1316 0 0 0 12.6779 0 
36.6902 0 0 0 13.5942 0 
43.0763 0 0 0 14.2426 0 
47.9934 0 0 0 14.6648 0 
51.1691 0 0 0 14.7766 0 
52.186 0 0 0 14.8591 0 
51.097 0 0 0 14.7957 0 
49.0452 0 0 0 14.7017 0 
45.1029 0 0 0 14.4218 0 
39.3248 0 0 0 14.0082 0 
32.2614 0 0 0 13.2363 0 
24.4201 0 0 0 12.2218 0 
16.8016 0 0 0 10.6524 0 
10.0899 0 0 0 8.63904 0 
5.20431 0 0 0 6.32378 0 
2.3041 0 0 0 3.98785 0 
0.895624 0 0 0 2.08375 0 
0.311901 0 0 0 0.789065 0 
0.107512 0 0 0 0.011854 0 
0.0380128 0 0 0 -0.408524 0 
0.0119922 0 0 0 -0.615772 0 
0.00561537 0 0 0 -0.715272 0 
0.00269908 0 0 0 -0.759572 0 
0.00142714 0 0 0 -0.775042 0 
0.00202903 0 0 0 -0.773589 0 
0.00356381 0 0 0 -0.754464 0 
0.00600125 0 0 0 -0.702378 0 
0.0179501 0 0 0 -0.589322 0 
0.0492758 0 0 0 -0.356161 0 
0.136583 0 0 0 0.0953732 0 
0.415985 0 0 0 0.902257 0 
1.12254 0 0 0 2.2123 0 
2.71278 0 0 0 4.0357 0 
5.78666 0 0 0 6.19433 0 
10.6206 0 0 0 8.37144 0 
17.0975 0 0 0 10.3562 0 
24.6414 0 0 0 11.8187 0 
32.3029 0 0 0 12.9848 0 
39.3628 0 0 0 13.7593 0 
45.0493 0 0 0 14.2424 0 
48.9611 0 0 0 14.6245 0 
51.054 0 0 0 14.8133 0 
51.0832 0 0 0 14.8312 0 
48.015 0 0 0 14.6315 0 
45.0789 0 0 0 14.459 0 
40.2873 0 0 0 14.1233 0 
33.866 0 0 0 13.5823 0 
26.4492 0 0 0 12.6763 0 
18.7613 0 0 0 11.3189 0 
11.7618 0 0 0 9.49565 0 
6.27813 0 0 0 7.14674 0 
2.80397 0 0 0 4.72012 0 
1.07563 0 0 0 2.57847 0 
0.351293 0 0 0 1.0545 0 
0.118591 0 0 0 0.127905 0 
0.0393628 0 0 0 -0.362635 0 
0.0108132 0 0 0 -0.606631 0 
0.00407193 0 0 0 -0.720524 0 
0.00185218 0 0 0 -0.770406 0 
0.000716532 0 0 0 -0.789524 0 
0.000821423 0 0 0 -0.793095 0 
0.00132719 0 0 0 -0.785558 0 
0.00236032 0 0 0 -0.759043 0 
0.0078675 0 0 0 -0.6943 0 
0.0204331 0 0 0 -0.548045 0 
0.0678894 0 0 0 -0.252714 0 
0.20357 0 0 0 0.315309 0 
0.605176 0 0 0 1.29048 0 
1.57131 0 0 0 2.7542 0 
3.67673 0 0 0 4.68132 0 
7.28266 0 0 0 6.86717 0 
12.6623 0 0 0 8.93482 0 
19.3907 0 0 0 10.6959 0 
26.6956 0 0 0 12.0765 0 
33.7816 0 0 0 13.1062 0 
40.0836 0 0 0 13.7478 0 
44.9023 0 0 0 14.2284 0 
47.9808 0 0 0 14.4922 0 
49.095 0 0 0 14.5976 0 
48.0879 0 0 0 14.5714 0 
43.169 0 0 0 14.2341 0 
39.351 0 0 0 13.9866 0 
33.8771 0 0 0 13.5201 0 
27.1945 0 0 0 12.8306 0 
19.9358 0 0 0 11.6062 0 
12.8576 0 0 0 9.92861 0 
7.05116 0 0 0 7.77752 0 
3.14581 0 0 0 5.29557 0 
1.1948 0 0 0 2.96486 0 
0.386574 0 0 0 1.23784 0 
0.116447 0 0 0 0.200586 0 
0.0306805 0 0 0 -0.354728 0 
0.010414 0 0 0 -0.620846 0 
0.00276771 0 0 0 -0.739108 0 
0.000947591 0 0 0 -0.788046 0 
0.000889149 0 0 0 -0.804949 0 
0.000295402 0 0 0 -0.80955 0 
0.00040762 0 0 0 -0.808532 0 
0.000974279 0 0 0 -0.799838 0 
0.00219526 0 0 0 -0.772428 0 
0.00662587 0 0 0 -0.702098 0 
0.0226107 0 0 0 -0.540519 0 
0.0745716 0 0 0 -0.198592 0 
0.255149 0 0 0 0.443906 0 
0.736254 0 0 0 1.52975 0 
1.91106 0 0 0 3.10543 0 
4.2741 0 0 0 5.0756 0 
8.22615 0 0 0 7.19295 0 
13.7697 0 0 0 9.14855 0 
20.3129 0 0 0 10.7287 0 
27.1532 0 0 0 12.0321 0 
33.6124 0 0 0 12.9367 0 
39.1129 0 0 0 13.5387 0 
42.7985 0 0 0 14.0048 0 
44.8554 0 0 0 14.2533 0 
44.9884 0 0 0 14.2991 0 
43.1484 0 0 0 14.2524 0 
36.6153 0 0 0 13.6652 0 
32.2888 0 0 0 13.2762 0 
26.3954 0 0 0 12.6876 0 
19.8989 0 0 0 11.647 0 
13.1847 0 0 0 10.142 0 
7.45828 0 0 0 8.12269 0 
3.4059 0 0 0 5.66083 0 
1.24888 0 0 0 3.23226 0 
0.393986 0 0 0 1.36946 0 
0.100482 0 0 0 0.225621 0 
0.0300208 0 0 0 -0.365686 0 
0.00735794 0 0 0 -0.645654 0 
0.00198638 0 0 0 -0.761536 0 
0.000661113 0 0 0 -0.803007 0 
9.90159e-05 0 0 0 -0.8138 0 
0.000118808 0 0 0 -0.814724 0 
0.0001764 0 0 0 -0.814488 0 
1.9797e-05 0 0 0 -0.814805 0 
1.00637e-05 0 0 0 -0.811162 0 
0.00064412 0 0 0 -0.791 0 
0.00513526 0 0 0 -0.726374 0 
0.0211683 0 0 0 -0.564539 0 
0.0706991 0 0 0 -0.212842 0 
0.252804 0 0 0 0.459622 0 
0.791148 0 0 0 1.60635 0 
2.01333 0 0 0 3.22646 0 
4.50336 0 0 0 5.15953 0 
8.46768 0 0 0 7.2112 0 
13.7394 0 0 0 9.05499 0 
19.8351 0 0 0 10.6093 0 
25.9648 0 0 0 11.7942 0 
31.6892 0 0 0 12.6069 0 
36.0867 0 0 0 13.2024 0 
39.0378 0 0 0 13.5824 0 
40.065 0 0 0 13.7653 0 
39.3749 0 0 0 13.7617 0 
36.6667 0 0 0 13.6223 0 
29.1703 0 0 0 12.7264 0 
24.539 0 0 0 12.1805 0 
18.7828 0 0 0 11.2858 0 
12.8028 0 0 0 10.0043 0 
7.42368 0 0 0 8.13239 0 
3.51616 0 0 0 5.75884 0 
1.25919 0 0 0 3.39314 0 
0.37208 0 0 0 1.44124 0 
0.0920826 0 0 0 0.233385 0 
0.0235029 0 0 0 -0.389217 0 
0.00434259 0 0 0 -0.670006 0 
0.00124349 0 0 0 -0.780422 0 
0.000139826 0 0 0 -0.811955 0 
0.000183037 0 0 0 -0.81356 0 
0.0001646 0 0 0 -0.807001 0 
0.000352036 0 0 0 -0.802833 0 
0.000739757 0 0 0 -0.803644 0 
0.00022238 0 0 0 -0.809336 0 
5.09021e-05 0 0 0 -0.81469 0 
6.18305e-05 0 0 0 -0.806611 0 
0.0013836 0 0 0 -0.758824 0 
0.0130842 0 0 0 -0.61666 0 
0.0526022 0 0 0 -0.287557 0 
0.201962 0 0 0 0.378342 0 
0.678583 0 0 0 1.49664 0 
1.84671 0 0 0 3.07645 0 
4.1788 0 0 0 4.99485 0 
7.83986 0 0 0 6.91313 0 
12.5885 0 0 0 8.72259 0 
18.1383 0 0 0 10.1433 0 
23.4161 0 0 0 11.2817 0 
28.2115 0 0 0 12.0544 0 
31.6405 0 0 0 12.6214 0 
33.6587 0 0 0 12.9522 0 
33.9363 0 0 0 13.0844 0 
32.3576 0 0 0 13.0136 0 
29.1145 0 0 0 12.6723 0 
21.1899 0 0 0 11.4248 0 
16.7421 0 0 0 10.6653 0 
11.7909 0 0 0 9.456 0 
7.05566 0 0 0 7.7972 0 
3.39795 0 0 0 5.66319 0 
1.25888 0 0 0 3.38571 0 
0.360033 0 0 0 1.45544 0 
0.0930785 0 0 0 0.230021 0 
0.0203132 0 0 0 -0.408263 0 
0.00349278 0 0 0 -0.689209 0 
0.000657911 0 0 0 -0.792514 0 
0.00024611 0 0 0 -0.814781 0 
4.38935e-05 0 0 0 -0.80636 0 
0.000439952 0 0 0 -0.790882 0 
0.000715763 0 0 0 -0.778668 0 
0.00045793 0 0 0 -0.774249 0 
0.000230659 0 0 0 -0.779286 0 
0.000247419 0 0 0 -0.792033 0 
0.000102001 0 0 0 -0.807498 0 
7.64863e-05 0 0 0 -0.814575 0 
0.000952177 0 0 0 -0.789268 0 
0.00611161 0 0 0 -0.682583 0 
0.0393159 0 0 0 -0.406894 0 
0.147933 0 0 0 0.181728 0 
0.540488 0 0 0 1.20038 0 
1.4761 0 0 0 2.68373 0 
3.41003 0 0 0 4.50343 0 
6.57219 0 0 0 6.36754 0 
10.6917 0 0 0 8.07401 0 
15.3151 0 0 0 9.49094 0 
19.8024 0 0 0 10.4917 0 
23.462 0 0 0 11.2745 0 
26.0825 0 0 0 11.7837 0 
27.0869 0 0 0 12.0469 0 
26.6942 0 0 0 12.0443 0 
24.6257 0 0 0 11.8927 0 
21.2639 0 0 0 11.4136 0 
13.932 0 0 0 9.65604 0 
10.0402 0 0 0 8.6161 0 
6.2418 0 0 0 7.20333 0 
3.14648 0 0 0 5.29393 0 
1.25773 0 0 0 3.24979 0 
0.376293 0 0 0 1.4467 0 
0.0862064 0 0 0 0.239633 0 
0.0183207 0 0 0 -0.413477 0 
0.00282465 0 0 0 -0.69988 0 
0.000254209 0 0 0 -0.799235 0 
1.51908e-05 0 0 0 -0.814012 0 
0.000360223 0 0 0 -0.796478 0 
0.000172866 0 0 0 -0.771836 0 
0.000461278 0 0 0 -0.751164 0 
0.000823577 0 0 0 -0.738577 0 
0.000374802 0 0 0 -0.73688 0 
0.000332545 0 0 0 -0.746412 0 
0.000388116 0 0 0 -0.76519 0 
0.000447 0 0 0 -0.789743 0 
0.00015674 0 0 0 -0.810769 0 
0.000483702 0 0 0 -0.809544 0 
0.00345854 0 0 0 -0.74606 0 
0.0160331 0 0 0 -0.544914 0 
0.0907008 0 0 0 -0.0833458 0 
0.337168 0 0 0 0.786678 0 
1.00538 0 0 0 2.10008 0 
2.47585 0 0 0 3.75043 0 
4.90013 0 0 0 5.50382 0 
8.12888 0 0 0 7.11206 0 
11.7622 0 0 0 8.43017 0 
15.3457 0 0 0 9.45188 0 
18.088 0 0 0 10.1324 0 
19.814 0 0 0 10.5913 0 
20.2608 0 0 0 10.7563 0 
19.4018 0 0 0 10.6956 0 
17.1914 0 0 0 10.336 0 
13.8869 0 0 0 9.70107 0 
7.99443 0 0 0 7.53108 0 
5.24211 0 0 0 6.28291 0 
2.80384 0 0 0 4.71639 0 
1.18839 0 0 0 2.97717 0 
0.393477 0 0 0 1.37154 0 
0.0918333 0 0 0 0.238559 0 
0.0160231 0 0 0 -0.4047 0 
0.00301408 0 0 0 -0.700645 0 
0.000411624 0 0 0 -0.801438 0 
0.000113653 0 0 0 -0.812662 0 
0.000664185 0 0 0 -0.7886 0 
0.000291448 0 0 0 -0.755561 0 
0.000415041 0 0 0 -0.725984 0 
0.000423856 0 0 0 -0.704981 0 
0.000376395 0 0 0 -0.695216 0 
0.000832684 0 0 0 -0.696254 0 
0.000591889 0 0 0 -0.708935 0 
0.000631495 0 0 0 -0.731867 0 
2.07111e-05 0 0 0 -0.762467 0 
0.000202725 0 0 0 -0.794835 0 
0.0001116 0 0 0 -0.814537 0 
0.000691226 0 0 0 -0.791398 0 
0.00724859 0 0 0 -0.666446 0 
0.0393192 0 0 0 -0.344497 0 
0.171743 0 0 0 0.310596 0 
0.571445 0 0 0 1.36574 0 
1.52824 0 0 0 2.78801 0 
3.15259 0 0 0 4.35175 0 
5.52762 0 0 0 5.84372 0 
8.09421 0 0 0 7.1239 0 
10.6477 0 0 0 8.0582 0 
12.6493 0 0 0 8.7127 0 
13.773 0 0 0 9.05762 0 
13.7524 0 0 0 9.10814 0 
12.5902 0 0 0 8.94269 0 
10.6493 0 0 0 8.40121 0 
8.01498 0 0 0 7.53049 0 
4.00393 0 0 0 5.2285 0 
2.32522 0 0 0 3.96076 0 
1.08988 0 0 0 2.5771 0 
0.385585 0 0 0 1.24304 0 
0.102266 0 0 0 0.229915 0 
0.0219716 0 0 0 -0.386045 0 
0.00220583 0 0 0 -0.689909 0 
0.000362637 0 0 0 -0.799347 0 
0.000232161 0 0 0 -0.812696 0 
5.02233e-05 0 0 0 -0.785937 0 
0.000246228 0 0 0 -0.746718 0 
0.000711553 0 0 0 -0.709308 0 
0.000865841 0 0 0 -0.680239 0 
0.000170462 0 0 0 -0.661021 0 
0.000172197 0 0 0 -0.652481 0 
0.000137621 0 0 0 -0.656028 0 
0.000717501 0 0 0 -0.670455 0 
0.000105186 0 0 0 -0.69589 0 
0.00109212 0 0 0 -0.730038 0 
0.00104663 0 0 0 -0.769257 0 
3.92298e-05 0 0 0 -0.803397 0 
0.000107514 0 0 0 -0.813083 0 
0.0015525 0 0 0 -0.757406 0 
0.0141331 0 0 0 -0.56674 0 
0.0704429 0 0 0 -0.133456 0 
0.262125 0 0 0 0.637056 0 
0.740447 0 0 0 1.74774 0 
1.71956 0 0 0 3.05417 0 
3.19731 0 0 0 4.33406 0 
4.90611 0 0 0 5.48029 0 
6.56105 0 0 0 6.36095 0 
7.82889 0 0 0 6.944 0 
8.40069 0 0 0 7.22621 0 
8.26345 0 0 0 7.16937 0 
7.30602 0 0 0 6.82377 0 
5.77622 0 0 0 6.186 0 
3.96052 0 0 0 5.24392 0 
1.72026 0 0 0 3.1272 0 
0.909068 0 0 0 2.08669 0 
0.377865 0 0 0 1.04862 0 
0.120929 0 0 0 0.19983 0 
0.0298687 0 0 0 -0.367162 0 
0.00548499 0 0 0 -0.670332 0 
0.000278578 0 0 0 -0.792977 0 
0.00013412 0 0 0 -0.813993 0 
0.000298918 0 0 0 -0.788919 0 
0.00031827 0 0 0 -0.74695 0 
0.00108031 0 0 0 -0.704116 0 
0.000113015 0 0 0 -0.667172 0 
0.000177948 0 0 0 -0.639447 0 
3.54639e-05 0 0 0 -0.621973 0 
0.000190286 0 0 0 -0.615765 0 
0.000553623 0 0 0 -0.619669 0 
0.000497255 0 0 0 -0.634674 0 
0.000473474 0 0 0 -0.659748 0 
0.000128231 0 0 0 -0.694956 0 
0.000825339 0 0 0 -0.736504 0 
0.000697723 0 0 0 -0.779735 0 
4.35482e-05 0 0 0 -0.810748 0 
0.000173323 0 0 0 -0.804765 0 
0.0037772 0 0 0 -0.715964 0 
0.0213173 0 0 0 -0.473478 0 
0.10119 0 0 0 0.00596653 0 
0.298358 0 0 0 0.763924 0 
0.758458 0 0 0 1.73013 0 
1.52147 0 0 0 2.79218 0 
2.47422 0 0 0 3.75683 0 
3.45254 0 0 0 4.50708 0 
4.23094 0 0 0 4.99196 0 
4.51229 0 0 0 5.168 0 
4.32195 0 0 0 5.07455 0 
3.64405 0 0 0 4.68965 0 
2.69635 0 0 0 4.03556 0 
1.71574 0 0 0 3.12775 0 
0.656379 0 0 0 1.51451 0 
0.311687 0 0 0 0.784827 0 
0.117706 0 0 0 0.128658 0 
0.0345378 0 0 0 -0.354827 0 
0.00565531 0 0 0 -0.64354 0 
0.00078284 0 0 0 -0.780145 0 
0.000136475 0 0 0 -0.814774 0 
9.13712e-05 0 0 0 -0.796555 0 
0.00122342 0 0 0 -0.756043 0 
8.07388e-05 0 0 0 -0.709748 0 
0.000341679 0 0 0 -0.667265 0 
0.000338479 0 0 0 -0.632264 0 
0.000508885 0 0 0 -0.606891 0 
0.00061001 0 0 0 -0.590834 0 
0.000220209 0 0 0 -0.58467 0 
0.000288933 0 0 0 -0.58865 0 
0.00041421 0 0 0 -0.602436 0 
0.00075807 0 0 0 -0.626072 0 
0.000640507 0 0 0 -0.659254 0 
0.000818314 0 0 0 -0.700821 0 
8.06751e-05 0 0 0 -0.746576 0 
0.000124626 0 0 0 -0.789056 0 
0.000203872 0 0 0 -0.814117 0 
0.000308258 0 0 0 -0.79349 0 
0.00621603 0 0 0 -0.686773 0 
0.0268508 0 0 0 -0.433024 0 
0.0979721 0 0 0 0.00590707 0 
0.27351 0 0 0 0.632042 0 
0.570293 0 0 0 1.36661 0 
1.01945 0 0 0 2.09901 0 
1.49731 0 0 0 2.67984 0 
1.86117 0 0 0 3.07723 0 
2.03275 0 0 0 3.22504 0 
1.93935 0 0 0 3.11479 0 
1.56891 0 0 0 2.75861 0 
1.10928 0 0 0 2.21476 0 
0.642775 0 0 0 1.52352 0 
0.23054 0 0 0 0.461226 0 
0.105051 0 0 0 0.0145693 0 
0.0324122 0 0 0 -0.362463 0 
0.0103085 0 0 0 -0.621948 0 
0.00150596 0 0 0 -0.761121 0 
0.000111083 0 0 0 -0.811936 0 
0.000592273 0 0 0 -0.806466 0 
0.000134992 0 0 0 -0.771711 0 
0.000456556 0 0 0 -0.726222 0 
0.000360918 0 0 0 -0.680432 0 
4.9005e-05 0 0 0 -0.639258 0 
0.000160804 0 0 0 -0.606592 0 
0.000245643 0 0 0 -0.58211 0 
0.000363758 0 0 0 -0.567098 0 
4.94081e-05 0 0 0 -0.560584 0 
0.000446499 0 0 0 -0.563625 0 
0.000911523 0 0 0 -0.575875 0 
0.000457946 0 0 0 -0.596738 0 
0.000370158 0 0 0 -0.626408 0 
0.00125047 0 0 0 -0.664948 0 
0.000487432 0 0 0 -0.709106 0 
0.000112761 0 0 0 -0.755222 0 
0.000174442 0 0 0 -0.795651 0 
0.000275643 0 0 0 -0.8148 0 
0.00100196 0 0 0 -0.78889 0 
0.00691221 0 0 0 -0.684927 0 
0.0210676 0 0 0 -0.472005 0 
0.0717014 0 0 0 -0.134175 0 
0.178949 0 0 0 0.301856 0 
0.329814 0 0 0 0.783518 0 
0.509815 0 0 0 1.20507 0 
0.696597 0 0 0 1.49396 0 
0.746167 0 0 0 1.60764 0 
0.749546 0 0 0 1.52426 0 
0.594988 0 0 0 1.2828 0 
0.401264 0 0 0 0.90457 0 
0.228162 0 0 0 0.458797 0 
0.0858912 0 0 0 -0.160776 0 
0.0361557 0 0 0 -0.405516 0 
0.0137013 0 0 0 -0.609004 0 
0.00408743 0 0 0 -0.739689 0 
0.000314583 0 0 0 -0.80292 0 
0.000214004 0 0 0 -0.813585 0 
0.00032745 0 0 0 -0.790748 0 
0.000625407 0 0 0 -0.750809 0 
0.000765714 0 0 0 -0.705066 0 
0.000241796 0 0 0 -0.661289 0 
0.000406914 0 0 0 -0.622244 0 
0.000264457 0 0 0 -0.590892 0 
0.000611018 0 0 0 -0.566785 0 
0.000145469 0 0 0 -0.551619 0 
0.00016951 0 0 0 -0.543979 0 
0.000473904 0 0 0 -0.54513 0 
0.000247267 0 0 0 -0.554524 0 
0.00025112 0 0 0 -0.571801 0 
0.000278463 0 0 0 -0.597263 0 
0.000470922 0 0 0 -0.630949 0 
0.00122932 0 0 0 -0.671126 0 
0.000791943 0 0 0 -0.71588 0 
0.0010466 0 0 0 -0.760809 0 
0.000647575 0 0 0 -0.797847 0 
8.1924e-05 0 0 0 -0.814801 0 
0.00056241 0 0 0 -0.793629 0 
0.00418264 0 0 0 -0.715089 0 
0.0155385 0 0 0 -0.564234 0 
0.0468389 0 0 0 -0.342585 0 
0.0897619 0 0 0 -0.0807051 0 
0.152847 0 0 0 0.178596 0 
0.218316 0 0 0 0.371668 0 
0.244199 0 0 0 0.472427 0 
0.247231 0 0 0 0.44341 0 
0.206195 0 0 0 0.315507 0 
0.14504 0 0 0 0.0990681 0 
0.082916 0 0 0 -0.158534 0 
0.0309669 0 0 0 -0.486023 0 
0.0114334 0 0 0 -0.615636 0 
0.00409246 0 0 0 -0.721457 0 
0.00111384 0 0 0 -0.787349 0 
0.000338454 0 0 0 -0.813784 0 
0.000222674 0 0 0 -0.807158 0 
0.00111768 0 0 0 -0.77887 0 
0.000394316 0 0 0 -0.738679 0 
0.000563306 0 0 0 -0.694676 0 
0.00038668 0 0 0 -0.653122 0 
0.000681156 0 0 0 -0.615508 0 
0.000236765 0 0 0 -0.58451 0 
0.000346665 0 0 0 -0.560753 0 
0.000345187 0 0 0 -0.544424 0 
0.000146886 0 0 0 -0.535192 0 
0.000481815 0 0 0 -0.533729 0 
9.62964e-05 0 0 0 -0.539034 0 
0.00107955 0 0 0 -0.5523 0 
0.000402006 0 0 0 -0.572721 0 
0.000699315 0 0 0 -0.600567 0 
0.000664846 0 0 0 -0.634841 0 
0.000725161 0 0 0 -0.675183 0 
0.000732436 0 0 0 -0.71887 0 
0.00066354 0 0 0 -0.760629 0 
0.000192204 0 0 0 -0.795816 0 
1.15283e-05 0 0 0 -0.814107 0 
9.62572e-05 0 0 0 -0.804532 0 
0.00328499 0 0 0 -0.757631 0 
0.00664861 0 0 0 -0.668104 0 
0.0178942 0 0 0 -0.542579 0 
0.0390712 0 0 0 -0.406234 0 
0.052429 0 0 0 -0.28684 0 
0.0729811 0 0 0 -0.209096 0 
0.0759224 0 0 0 -0.199637 0 
0.0702367 0 0 0 -0.252127 0 
0.0471597 0 0 0 -0.353313 0 
0.0278267 0 0 0 -0.484634 0 
0.0101808 0 0 0 -0.649667 0 
0.00579021 0 0 0 -0.715463 0 
0.00180819 0 0 0 -0.771084 0 
0.000301716 0 0 0 -0.805076 0 
1.5853e-05 0 0 0 -0.814729 0 
0.000791899 0 0 0 -0.802755 0 
0.000610681 0 0 0 -0.774781 0 
0.000399869 0 0 0 -0.737298 0 
0.00130966 0 0 0 -0.69659 0 
0.0004094 0 0 0 -0.65637 0 
0.000588036 0 0 0 -0.619812 0 
0.000832928 0 0 0 -0.588309 0 
0.000796409 0 0 0 -0.563888 0 
0.000173713 0 0 0 -0.545396 0 
0.000271444 0 0 0 -0.533928 0 
0.000530462 0 0 0 -0.528851 0 
0.000253371 0 0 0 -0.530405 0 
0.000569016 0 0 0 -0.538668 0 
0.000562786 0 0 0 -0.553819 0 
0.00110586 0 0 0 -0.575141 0 
0.000438752 0 0 0 -0.603198 0 
0.000738144 0 0 0 -0.636626 0 
0.00107049 0 0 0 -0.675475 0 
0.00161304 0 0 0 -0.715935 0 
0.000495442 0 0 0 -0.755674 0 
0.000290283 0 0 0 -0.789442 0 
0.000251588 0 0 0 -0.810802 0 
5.47616e-05 0 0 0 -0.813064 0 
0.00119991 0 0 0 -0.791676 0 
0.00276962 0 0 0 -0.745684 0 
0.00862249 0 0 0 -0.683026 0 
0.014322 0 0 0 -0.616554 0 
0.0202975 0 0 0 -0.564522 0 
0.0211197 0 0 0 -0.539702 0 
0.0254894 0 0 0 -0.549984 0 
0.0183555 0 0 0 -0.588935 0 
0.00978407 0 0 0 -0.650063 0 
0.0052808 0 0 0 -0.728011 0 
0.00266671 0 0 0 -0.759711 0 
0.000827249 0 0 0 -0.789715 0 
0.000917195 0 0 0 -0.809691 0 
0.000183222 0 0 0 -0.814501 0 
0.000146227 0 0 0 -0.803465 0 
0.000242967 0 0 0 -0.779669 0 
0.000568977 0 0 0 -0.746118 0 
0.00134792 0 0 0 -0.708682 0 
0.000497201 0 0 0 -0.670603 0 
0.00066959 0 0 0 -0.634565 0 
0.00029175 0 0 0 -0.602432 0 
0.000412648 0 0 0 -0.57561 0 
0.00050702 0 0 0 -0.554357 0 
0.00141125 0 0 0 -0.539451 0 
0.00077081 0 0 0 -0.530185 0 
0.000615202 0 0 0 -0.527246 0 
0.00033756 0 0 0 -0.530114 0 
0.000542031 0 0 0 -0.539411 0 
0.000376673 0 0 0 -0.554595 0 
0.000858784 0 0 0 -0.576164 0 
0.000523385 0 0 0 -0.603398 0 
0.000771164 0 0 0 -0.635208 0 
0.000316291 0 0 0 -0.670937 0 
0.000584399 0 0 0 -0.709186 0 
0.000328 0 0 0 -0.746484 0 
0.000278211 0 0 0 -0.779456 0 
0.000284926 0 0 0 -0.803623 0 
0.00020195 0 0 0 -0.814526 0 
9.94938e-05 0 0 0 -0.809489 0 
0.00120175 0 0 0 -0.789411 0 
0.00276635 0 0 0 -0.758563 0 
0.00557696 0 0 0 -0.726509 0 
0.0071589 0 0 0 -0.702481 0 
0.00755479 0 0 0 -0.694181 0 
0.00678651 0 0 0 -0.701775 0 
0.00488251 0 0 0 -0.728179 0 
0.00372485 0 0 0 -0.760394 0 
0.00177422 0 0 0 -0.775199 0 
0.000696697 0 0 0 -0.793343 0 
0.000821031 0 0 0 -0.808591 0 
0.00038451 0 0 0 -0.814804 0 
0.000403188 0 0 0 -0.809484 0 
0.000539711 0 0 0 -0.791946 0 
0.000226018 0 0 0 -0.765133 0 
0.000290284 0 0 0 -0.731928 0 
0.00057043 0 0 0 -0.696148 0 
0.000354177 0 0 0 -0.660106 0 
0.000284987 0 0 0 -0.626657 0 
0.000358234 0 0 0 -0.596773 0 
0.000367114 0 0 0 -0.572108 0 
0.000607551 0 0 0 -0.552549 0 
0.000322485 0 0 0 -0.538533 0 
0.000512764 0 0 0 -0.530521 0 
0.000707325 0 0 0 -0.528012 0 
0.000517113 0 0 0 -0.531347 0 
0.00050681 0 0 0 -0.539989 0 
0.000491468 0 0 0 -0.555025 0 
0.000663779 0 0 0 -0.575098 0 
0.000572014 0 0 0 -0.600426 0 
0.000783952 0 0 0 -0.630576 0 
0.000107706 0 0 0 -0.664573 0 
0.000576085 0 0 0 -0.700787 0 
0.000430528 0 0 0 -0.736892 0 
0.000388157 0 0 0 -0.76895 0 
7.72485e-05 0 0 0 -0.794716 0 
0.000562382 0 0 0 -0.810782 0 
9.94872e-05 0 0 0 -0.814617 0 
6.32522e-05 0 0 0 -0.806833 0 
0.000728886 0 0 0 -0.791139 0 
0.00192541 0 0 0 -0.773091 0 
0.00322266 0 0 0 -0.758946 0 
0.00305502 0 0 0 -0.754118 0 
0.00212374 0 0 0 -0.760175 0 
0.0016202 0 0 0 -0.768579 0 
0.00239606 0 0 0 -0.774107 0 
0.00100847 0 0 0 -0.785702 0 
0.000915476 0 0 0 -0.799697 0 
0.000154083 0 0 0 -0.8112 0 
9.82262e-05 0 0 0 -0.81471 0 
3.70755e-05 0 0 0 -0.807391 0 
0.000672254 0 0 0 -0.789751 0 
0.000776448 0 0 0 -0.762607 0 
0.000756118 0 0 0 -0.729896 0 
0.000766087 0 0 0 -0.694592 0 
0.000529889 0 0 0 -0.659513 0 
0.00144942 0 0 0 -0.626864 0 
0.000684392 0 0 0 -0.597647 0 
0.00113617 0 0 0 -0.572688 0 
0.000443331 0 0 0 -0.553486 0 
0.00111579 0 0 0 -0.539664 0 
0.000541087 0 0 0 -0.53123 0 
0.000449407 0 0 0 -0.528143 0 
0.000161324 0 0 0 -0.530797 0 
0.000343564 0 0 0 -0.539273 0 
0.00110148 0 0 0 -0.55338 0 
0.000432069 0 0 0 -0.572867 0 
0.000558825 0 0 0 -0.597348 0 
0.00042451 0 0 0 -0.626204 0 
0.000246869 0 0 0 -0.659647 0 
0.00111894 0 0 0 -0.695111 0 
0.0012772 0 0 0 -0.729903 0 
0.000357554 0 0 0 -0.762942 0 
0.000325967 0 0 0 -0.789621 0 
0.000215383 0 0 0 -0.807377 0 
8.21282e-05 0 0 0 -0.814677 0 
0.000319837 0 0 0 -0.811308 0 
0.000803167 0 0 0 -0.800175 0 
0.000946478 0 0 0 -0.785404 0 
0.00211452 0 0 0 -0.77314 0 
0.00292732 0 0 0 -0.769064 0 
