22.0711 0 0 44.9945 8.312 -84.2847 
21.3902 0 0 45.0754 8.22052 -84.2415 
19.4571 0 0 45.2353 7.84572 -84.0412 
16.4475 0 0 45.4948 7.25224 -83.6977 
12.7041 0 0 45.8427 6.36939 -83.1923 
8.83594 0 0 46.1708 5.11366 -82.4182 
5.29932 0 0 46.4498 3.60933 -81.3774 
2.68203 0 0 46.5202 1.88829 -79.9979 
1.09722 0 0 46.2633 0.243678 -78.2788 
0.404735 0 0 45.6139 -1.08267 -76.2749 
0.159292 0 0 44.6802 -1.90208 -74.1819 
0.0992266 0 0 43.6021 -2.29189 -72.1869 
0.0875668 0 0 42.5275 -2.41225 -70.4035 
0.0841543 0 0 41.5773 -2.40343 -68.9043 
0.0921568 0 0 40.7693 -2.34778 -67.7068 
0.0909219 0 0 40.1326 -2.28482 -66.7932 
0.0934861 0 0 39.6716 -2.23254 -66.1422 
0.088769 0 0 39.4148 -2.19988 -65.7687 
0.0957304 0 0 39.3152 -2.18917 -65.6468 
0.0890845 0 0 39.4029 -2.19989 -65.7657 
0.0937067 0 0 39.6857 -2.23295 -66.1552 
0.0868792 0 0 40.1187 -2.2843 -66.7781 
0.0926751 0 0 40.7574 -2.3474 -67.6986 
0.0875669 0 0 41.5861 -2.40349 -68.9152 
0.0853541 0 0 42.5365 -2.41261 -70.4012 
0.102332 0 0 43.5903 -2.29226 -72.1762 
0.16263 0 0 44.6677 -1.90402 -74.1789 
0.397916 0 0 45.6119 -1.08251 -76.2709 
1.09257 0 0 46.2645 0.233322 -78.2706 
2.68463 0 0 46.5088 1.8719 -79.9834 
5.36203 0 0 46.439 3.57966 -81.3632 
8.85567 0 0 46.1883 5.11935 -82.4177 
12.7634 0 0 45.8304 6.32957 -83.1736 
16.469 0 0 45.5108 7.24399 -83.7046 
19.4885 0 0 45.2241 7.86597 -84.0454 
21.4091 0 0 45.0725 8.22579 -84.2448 
22.0832 0 0 45.0114 8.30903 -84.3008 
21.36 0 0 45.154 8.21302 -84.2928 
20.0561 0 0 45.3784 7.97685 -84.1566 
17.5813 0 0 45.7086 7.45441 -83.8736 
14.176 0 0 46.133 6.71989 -83.4475 
10.3635 0 0 46.5916 5.58374 -82.7935 
6.67334 0 0 47.0269 4.18054 -81.8972 
3.6164 0 0 47.3206 2.51798 -80.683 
1.61508 0 0 47.2538 0.788942 -79.1033 
0.600174 0 0 46.7568 -0.688148 -77.203 
0.22945 0 0 45.8701 -1.69735 -75.117 
0.113712 0 0 44.7341 -2.21765 -73.0447 
0.0943573 0 0 43.5626 -2.40579 -71.1657 
0.0822576 0 0 42.4346 -2.42313 -69.5399 
0.0902246 0 0 41.4636 -2.37259 -68.2077 
0.0890695 0 0 40.6875 -2.30538 -67.1804 
0.0859326 0 0 40.0551 -2.24537 -66.4177 
0.0875964 0 0 39.597 -2.20206 -65.8919 
0.0893186 0 0 39.3237 -2.18074 -65.6344 
0.089476 0 0 39.2398 -2.18092 -65.6291 
0.0896593 0 0 39.33 -2.20455 -65.8828 
0.094203 0 0 39.6242 -2.24798 -66.3947 
0.086919 0 0 40.0867 -2.30682 -67.1723 
0.0908707 0 0 40.7323 -2.37046 -68.2316 
0.0857272 0 0 41.5176 -2.40997 -69.5764 
0.0908692 0 0 42.4704 -2.36472 -71.2368 
0.110647 0 0 43.4761 -2.12343 -73.1553 
0.219188 0 0 44.4369 -1.52864 -75.2269 
0.633603 0 0 45.2135 -0.461313 -77.3047 
1.66529 0 0 45.6909 1.04871 -79.1863 
3.73216 0 0 45.8359 2.73343 -80.7395 
6.7613 0 0 45.7694 4.36141 -81.9739 
10.451 0 0 45.5421 5.72242 -82.8666 
14.2561 0 0 45.3166 6.73023 -83.494 
17.6098 0 0 45.1339 7.48969 -83.929 
20.066 0 0 45.0292 7.98702 -84.1946 
21.3111 0 0 45.0178 8.21208 -84.2994 
21.4019 0 0 45.147 8.20235 -84.2949 
19.2571 0 0 45.5506 7.81482 -84.2511 
17.4132 0 0 45.9613 7.44895 -84.0402 
14.5824 0 0 46.4716 6.80285 -83.681 
11.0649 0 0 47.0509 5.84316 -83.1435 
7.47062 0 0 47.6267 4.52717 -82.3555 
4.28803 0 0 48.0603 2.93268 -81.2749 
2.04037 0 0 48.2274 1.17308 -79.8366 
0.804631 0 0 47.9135 -0.409857 -78.0359 
0.299422 0 0 47.0803 -1.54649 -75.9746 
0.126225 0 0 45.9282 -2.16225 -73.8653 
0.0923196 0 0 44.6303 -2.40369 -71.8765 
0.0873373 0 0 43.3826 -2.43772 -70.1638 
0.0904886 0 0 42.2262 -2.38837 -68.7162 
0.0832834 0 0 41.2526 -2.31348 -67.5483 
0.0881157 0 0 40.4418 -2.24371 -66.6595 
0.0903476 0 0 39.8276 -2.19049 -66.0297 
0.0893666 0 0 39.3921 -2.15779 -65.6489 
0.0878493 0 0 39.1187 -2.14733 -65.5095 
0.0898592 0 0 39.0269 -2.15843 -65.6074 
0.0958264 0 0 39.1458 -2.19378 -65.9823 
0.0899258 0 0 39.4383 -2.24718 -66.6134 
0.0945168 0 0 39.9027 -2.31488 -67.5194 
0.104231 0 0 40.5421 -2.3796 -68.7161 
0.0932944 0 0 41.344 -2.40324 -70.2154 
0.101925 0 0 42.2575 -2.30538 -72.0161 
0.117928 0 0 43.2495 -1.95231 -74.0553 
0.264713 0 0 44.1312 -1.17903 -76.1803 
0.819499 0 0 44.8012 0.0604737 -78.2081 
2.1339 0 0 45.1646 1.63934 -79.9742 
4.44948 0 0 45.2878 3.25907 -81.3764 
7.58416 0 0 45.2757 4.77465 -82.4819 
11.1787 0 0 45.1428 5.97288 -83.2446 
14.6077 0 0 45.0523 6.88846 -83.7841 
17.4328 0 0 45.0338 7.51076 -84.1304 
19.3014 0 0 45.0865 7.84861 -84.3008 
19.911 0 0 45.266 7.94095 -84.3363 
19.2363 0 0 45.5591 7.87171 -84.2729 
16.0918 0 0 46.2448 7.19276 -84.2027 
13.8711 0 0 46.8239 6.62332 -83.889 
10.895 0 0 47.5128 5.76463 -83.429 
7.63411 0 0 48.2083 4.56423 -82.7415 
4.56782 0 0 48.8418 3.07596 -81.8005 
2.29075 0 0 49.1548 1.35439 -80.4785 
0.927029 0 0 49.0136 -0.266979 -78.7642 
0.340317 0 0 48.2864 -1.46387 -76.7494 
0.14934 0 0 47.1397 -2.14319 -74.6181 
0.0963525 0 0 45.731 -2.41131 -72.5701 
0.0784295 0 0 44.3605 -2.45134 -70.7577 
0.0916424 0 0 43.0609 -2.39665 -69.2134 
0.0878402 0 0 41.9025 -2.31239 -67.9406 
0.0849553 0 0 40.9041 -2.23037 -66.9207 
0.0910195 0 0 40.1128 -2.16521 -66.17 
0.093393 0 0 39.4837 -2.12099 -65.6541 
0.0839963 0 0 39.0547 -2.09856 -65.3981 
0.0917075 0 0 38.7911 -2.09833 -65.3661 
0.0988658 0 0 38.7188 -2.12207 -65.5848 
0.0978072 0 0 38.8121 -2.16586 -66.0331 
0.096806 0 0 39.0998 -2.23015 -66.7684 
0.100899 0 0 39.5693 -2.30658 -67.7889 
0.103724 0 0 40.2392 -2.37664 -69.1279 
0.10175 0 0 41.0393 -2.39274 -70.7494 
0.0913784 0 0 41.9734 -2.26202 -72.6796 
0.11756 0 0 42.9328 -1.83371 -74.8105 
0.293015 0 0 43.7654 -0.958078 -76.9644 
0.910384 0 0 44.3703 0.359857 -78.9469 
2.29802 0 0 44.7606 1.93659 -80.6248 
4.63465 0 0 44.9402 3.50253 -81.9329 
7.60751 0 0 44.9839 4.88835 -82.9138 
10.8377 0 0 45.0324 5.99691 -83.6102 
13.7472 0 0 45.0672 6.77755 -84.0386 
16.0515 0 0 45.2003 7.24298 -84.2947 
17.2843 0 0 45.4258 7.46459 -84.3944 
17.2256 0 0 45.7605 7.4601 -84.3553 
16.1187 0 0 46.2416 7.15647 -84.1907 
12.2127 0 0 47.243 6.19248 -84.1076 
9.9187 0 0 47.9831 5.40967 -83.6815 
7.18374 0 0 48.8237 4.36385 -83.1052 
4.45137 0 0 49.5734 2.96445 -82.2388 
2.31836 0 0 50.0924 1.34763 -81.042 
0.996695 0 0 50.1076 -0.250448 -79.432 
0.370515 0 0 49.4972 -1.46032 -77.4723 
0.174638 0 0 48.3332 -2.15582 -75.3162 
0.10164 0 0 46.893 -2.42748 -73.2257 
0.0839384 0 0 45.3993 -2.4632 -71.3533 
0.0817492 0 0 43.9497 -2.39824 -69.7124 
0.076235 0 0 42.6486 -2.30323 -68.3558 
0.0738337 0 0 41.485 -2.2103 -67.2368 
0.0798544 0 0 40.4898 -2.13261 -66.3591 
0.0840818 0 0 39.6933 -2.07604 -65.7302 
0.0876465 0 0 39.0757 -2.04188 -65.3308 
0.0879138 0 0 38.6467 -2.02867 -65.1603 
0.0985737 0 0 38.3747 -2.03833 -65.2107 
0.0894486 0 0 38.2976 -2.07019 -65.5169 
0.0928636 0 0 38.4136 -2.12409 -66.0739 
0.100676 0 0 38.714 -2.19845 -66.8983 
0.11311 0 0 39.1739 -2.2847 -68.0018 
0.111505 0 0 39.8384 -2.36289 -69.4248 
0.109956 0 0 40.6691 -2.38622 -71.1647 
0.111752 0 0 41.6192 -2.25257 -73.189 
0.112247 0 0 42.5679 -1.80973 -75.3862 
0.253734 0 0 43.4271 -0.904284 -77.5892 
0.841323 0 0 44.0938 0.414055 -79.5554 
2.15984 0 0 44.5017 1.93003 -81.1547 
4.2661 0 0 44.7677 3.41384 -82.3892 
6.89402 0 0 44.9363 4.66164 -83.2673 
9.62701 0 0 45.12 5.63433 -83.8695 
11.9829 0 0 45.3368 6.31979 -84.238 
13.5244 0 0 45.6345 6.69876 -84.426 
14.1814 0 0 46.0162 6.74055 -84.4301 
13.7298 0 0 46.5665 6.60377 -84.3312 
12.196 0 0 47.2354 6.1851 -84.0995 
8.17969 0 0 48.538 4.84449 -83.941 
6.09267 0 0 49.4577 3.88614 -83.4093 
3.96633 0 0 50.3082 2.58174 -82.6126 
2.12856 0 0 50.9673 1.12058 -81.517 
0.973863 0 0 51.1364 -0.359988 -79.9984 
0.389433 0 0 50.6386 -1.52259 -78.0858 
0.179986 0 0 49.5303 -2.18713 -75.9654 
0.113188 0 0 48.0826 -2.44491 -73.8731 
0.089398 0 0 46.4867 -2.47195 -71.9367 
0.0751483 0 0 44.9355 -2.39604 -70.2459 
0.0826907 0 0 43.4653 -2.28943 -68.7831 
0.0797006 0 0 42.1523 -2.18553 -67.5751 
0.0836765 0 0 40.9975 -2.09675 -66.5967 
0.0762387 0 0 40.0202 -2.02866 -65.8543 
0.0787867 0 0 39.2049 -1.98264 -65.3178 
0.0893415 0 0 38.5773 -1.95561 -65 
0.0906 0 0 38.1542 -1.95248 -64.9163 
0.0889773 0 0 37.901 -1.9689 -65.0517 
0.0996594 0 0 37.8274 -2.00716 -65.4217 
0.0990921 0 0 37.9354 -2.06821 -66.0425 
0.107416 0 0 38.248 -2.14985 -66.9476 
0.125613 0 0 38.7194 -2.24488 -68.115 
0.126616 0 0 39.3802 -2.33663 -69.5926 
0.144972 0 0 40.2121 -2.37979 -71.3916 
0.127657 0 0 41.1994 -2.27938 -73.4919 
0.118186 0 0 42.2089 -1.8849 -75.7533 
0.185886 0 0 43.1495 -1.03703 -78.0026 
0.604585 0 0 43.8552 0.202096 -79.9533 
1.65691 0 0 44.3932 1.62847 -81.5262 
3.34907 0 0 44.7908 2.99938 -82.7075 
5.49297 0 0 45.1196 4.15019 -83.5326 
7.59959 0 0 45.4692 5.02805 -84.0844 
9.36735 0 0 45.855 5.59615 -84.395 
10.347 0 0 46.3642 5.86174 -84.5258 
10.4986 0 0 46.9445 5.78167 -84.4619 
9.71002 0 0 47.6817 5.47531 -84.2719 
8.16726 0 0 48.5245 4.82795 -83.9257 
4.70622 0 0 50.0371 3.11972 -83.6155 
3.14541 0 0 51.0023 2.03816 -82.9102 
1.81413 0 0 51.7689 0.708222 -81.8766 
0.870386 0 0 52.0431 -0.603893 -80.4301 
0.383099 0 0 51.706 -1.62798 -78.6305 
0.19468 0 0 50.6897 -2.2344 -76.547 
0.118552 0 0 49.263 -2.46318 -74.4818 
0.0914228 0 0 47.665 -2.47653 -72.542 
0.0765654 0 0 46.0142 -2.39126 -70.8027 
0.073962 0 0 44.4273 -2.27666 -69.2865 
0.0736812 0 0 42.9662 -2.1628 -67.9894 
0.0814559 0 0 41.6395 -2.06434 -66.9191 
0.0789191 0 0 40.4957 -1.98602 -66.0621 
0.0885026 0 0 39.5105 -1.9279 -65.404 
0.0817138 0 0 38.6986 -1.8889 -64.9544 
0.0901202 0 0 38.0861 -1.87154 -64.7212 
0.0919048 0 0 37.6397 -1.87386 -64.6901 
0.0955843 0 0 37.388 -1.89544 -64.8853 
0.108656 0 0 37.3071 -1.93798 -65.3015 
0.106102 0 0 37.4254 -2.00221 -65.9725 
0.122421 0 0 37.7226 -2.08654 -66.8976 
0.119913 0 0 38.2265 -2.18763 -68.1106 
0.14585 0 0 38.8737 -2.29197 -69.6044 
0.145072 0 0 39.7495 -2.36382 -71.4403 
0.15018 0 0 40.7384 -2.32264 -73.5327 
0.12931 0 0 41.8287 -2.03016 -75.8328 
0.141982 0 0 42.8656 -1.34533 -78.1072 
0.343918 0 0 43.7547 -0.264734 -80.1183 
1.02627 0 0 44.4452 1.04355 -81.7214 
2.22003 0 0 45.0369 2.28673 -82.9012 
3.75758 0 0 45.5126 3.29217 -83.6749 
5.27757 0 0 46.0375 4.04881 -84.1748 
6.46768 0 0 46.6582 4.48131 -84.4462 
7.00714 0 0 47.3349 4.6021 -84.493 
6.83062 0 0 48.1431 4.44139 -84.3849 
6.03065 0 0 49.0516 3.91954 -84.0941 
4.65244 0 0 50.0519 3.1473 -83.631 
2.2481 0 0 51.6053 1.24291 -83.065 
1.34661 0 0 52.4425 0.165677 -82.1049 
0.719036 0 0 52.8552 -0.912189 -80.7531 
0.359393 0 0 52.6011 -1.77681 -79.0117 
0.192245 0 0 51.7531 -2.2815 -77.0602 
0.128199 0 0 50.4316 -2.47522 -75.0402 
0.101776 0 0 48.8684 -2.47558 -73.1361 
0.086428 0 0 47.1584 -2.38596 -71.3774 
0.0810719 0 0 45.5066 -2.26583 -69.8314 
0.0750469 0 0 43.9375 -2.14635 -68.4846 
0.0760192 0 0 42.4428 -2.04081 -67.3226 
0.0703565 0 0 41.1345 -1.95266 -66.3738 
0.0762539 0 0 39.9869 -1.88343 -65.6015 
0.0815932 0 0 38.9976 -1.83463 -65.0253 
0.0895096 0 0 38.1827 -1.80386 -64.6357 
0.0855862 0 0 37.5729 -1.7917 -64.4627 
0.0980759 0 0 37.1161 -1.79759 -64.4766 
0.0990306 0 0 36.8675 -1.82151 -64.707 
0.103389 0 0 36.7982 -1.8643 -65.1566 
0.110183 0 0 36.9028 -1.92842 -65.8386 
0.118342 0 0 37.2067 -2.01304 -66.7818 
0.138861 0 0 37.6996 -2.11579 -67.9936 
0.149857 0 0 38.3688 -2.22826 -69.4766 
0.159398 0 0 39.2366 -2.32491 -71.2574 
0.169602 0 0 40.2582 -2.34977 -73.3131 
0.152931 0 0 41.4268 -2.19313 -75.5961 
0.12309 0 0 42.5957 -1.72541 -77.8795 
0.175817 0 0 43.6597 -0.89013 -79.9517 
0.491077 0 0 44.5794 0.182709 -81.6197 
1.16526 0 0 45.363 1.24852 -82.8271 
2.12073 0 0 46.1175 2.14435 -83.6451 
3.05606 0 0 46.8596 2.77979 -84.131 
3.75995 0 0 47.6671 3.09153 -84.3556 
4.00011 0 0 48.5481 3.09468 -84.3494 
3.7367 0 0 49.5648 2.78191 -84.1582 
3.09572 0 0 50.6035 2.14027 -83.7355 
2.22157 0 0 51.6137 1.22882 -83.0665 
0.86891 0 0 52.9225 -0.483846 -82.1165 
0.529988 0 0 53.4227 -1.295 -80.8717 
0.311441 0 0 53.3103 -1.94197 -79.2681 
0.203879 0 0 52.6404 -2.33503 -77.4348 
0.138365 0 0 51.4706 -2.48259 -75.5271 
0.118144 0 0 50.0161 -2.47021 -73.6826 
0.0964489 0 0 48.3839 -2.38079 -71.981 
0.0865852 0 0 46.6762 -2.25971 -70.4103 
0.0755007 0 0 45.0301 -2.13797 -69.039 
0.0704244 0 0 43.4243 -2.02624 -67.8208 
0.0733219 0 0 41.9534 -1.9314 -66.7806 
0.0757571 0 0 40.6395 -1.85473 -65.921 
0.0786394 0 0 39.5023 -1.79606 -65.2394 
0.0814647 0 0 38.5209 -1.75453 -64.7234 
0.0827716 0 0 37.7027 -1.72886 -64.3825 
0.088478 0 0 37.0716 -1.71962 -64.2318 
0.10235 0 0 36.6395 -1.72721 -64.2916 
0.101725 0 0 36.3883 -1.75106 -64.5411 
0.108475 0 0 36.306 -1.79296 -64.9949 
0.108471 0 0 36.4122 -1.85346 -65.6782 
0.12485 0 0 36.6969 -1.93427 -66.5945 
0.138792 0 0 37.1944 -2.03372 -67.7715 
0.156625 0 0 37.8715 -2.14798 -69.2068 
0.168375 0 0 38.7265 -2.26076 -70.903 
0.173196 0 0 39.7922 -2.33722 -72.8758 
0.179716 0 0 40.9981 -2.30647 -75.0451 
0.155064 0 0 42.2815 -2.06539 -77.276 
0.121541 0 0 43.5845 -1.52689 -79.4133 
0.188527 0 0 44.7512 -0.762616 -81.1522 
0.438125 0 0 45.8184 0.0909799 -82.4799 
0.899422 0 0 46.7992 0.807705 -83.3378 
1.39585 0 0 47.7685 1.28093 -83.8097 
1.73858 0 0 48.7969 1.47282 -84.0138 
1.84781 0 0 49.8722 1.35795 -83.9336 
1.66979 0 0 51.0113 0.980166 -83.6361 
1.28694 0 0 52.0632 0.328095 -83.0363 
0.876907 0 0 52.953 -0.47015 -82.1384 
0.345997 0 0 53.6989 -1.66782 -80.7613 
0.248382 0 0 53.7633 -2.11415 -79.3103 
0.191619 0 0 53.3019 -2.38311 -77.6507 
0.153158 0 0 52.3722 -2.48301 -75.9077 
0.128333 0 0 51.0816 -2.46169 -74.1823 
0.107145 0 0 49.5739 -2.37467 -72.5493 
0.0930035 0 0 47.9186 -2.25867 -71.0282 
0.075406 0 0 46.2477 -2.1381 -69.653 
0.0750257 0 0 44.575 -2.02509 -68.4121 
0.0756323 0 0 42.9858 -1.9243 -67.3085 
0.0693849 0 0 41.5168 -1.84132 -66.3674 
0.0722182 0 0 40.1951 -1.77368 -65.5765 
0.0715121 0 0 39.0338 -1.72195 -64.9473 
0.0855417 0 0 38.0532 -1.68575 -64.4758 
0.0853469 0 0 37.2433 -1.66475 -64.1803 
0.0982768 0 0 36.6113 -1.6568 -64.0529 
0.0949592 0 0 36.1731 -1.66424 -64.104 
0.0991017 0 0 35.9126 -1.68653 -64.3591 
0.116089 0 0 35.8335 -1.72537 -64.8161 
0.112411 0 0 35.9451 -1.78166 -65.4816 
0.130771 0 0 36.2375 -1.85452 -66.3603 
0.122467 0 0 36.7276 -1.94804 -67.4745 
0.146045 0 0 37.3744 -2.05627 -68.8084 
0.163773 0 0 38.2617 -2.1737 -70.4203 
0.176525 0 0 39.3297 -2.27997 -72.2468 
0.180941 0 0 40.562 -2.33308 -74.2463 
0.18552 0 0 41.9346 -2.27125 -76.3628 
0.142811 0 0 43.3831 -2.02746 -78.4099 
0.114034 0 0 44.7838 -1.59213 -80.2087 
0.139395 0 0 46.1669 -1.0445 -81.6303 
0.259838 0 0 47.4344 -0.554017 -82.566 
0.459619 0 0 48.6575 -0.215621 -83.1062 
0.613195 0 0 49.866 -0.134035 -83.2687 
0.658754 0 0 51.0716 -0.276959 -83.1299 
0.603866 0 0 52.1788 -0.641357 -82.6556 
0.470729 0 0 53.1221 -1.14497 -81.877 
0.342819 0 0 53.6947 -1.67246 -80.7606 
0.17718 0 0 53.8611 -2.26907 -79.0942 
0.166337 0 0 53.6663 -2.42407 -77.6739 
0.15961 0 0 53.0414 -2.47806 -76.1417 
0.14306 0 0 51.9906 -2.44804 -74.5678 
0.124044 0 0 50.6769 -2.36701 -73.0573 
0.107862 0 0 49.1343 -2.2592 -71.6128 
0.093797 0 0 47.5003 -2.14387 -70.2732 
0.0798087 0 0 45.8246 -2.03331 -69.052 
0.0768143 0 0 44.1478 -1.93153 -67.9224 
0.0732679 0 0 42.558 -1.84301 -66.921 
0.0662231 0 0 41.09 -1.76779 -66.045 
0.079191 0 0 39.7642 -1.70816 -65.3105 
0.0831847 0 0 38.6225 -1.66223 -64.7315 
0.0850092 0 0 37.6313 -1.62931 -64.2892 
0.0863478 0 0 36.8231 -1.61004 -64.0177 
0.0961165 0 0 36.1974 -1.60375 -63.906 
0.106961 0 0 35.7481 -1.61055 -63.9648 
0.10554 0 0 35.4861 -1.63045 -64.2041 
0.104116 0 0 35.4116 -1.66442 -64.6327 
0.115063 0 0 35.5099 -1.71351 -65.2536 
0.118999 0 0 35.8052 -1.77967 -66.0763 
0.135506 0 0 36.2763 -1.86274 -67.1104 
0.144991 0 0 36.9433 -1.96211 -68.3601 
0.147333 0 0 37.8148 -2.07475 -69.8205 
0.177764 0 0 38.8819 -2.18875 -71.4817 
0.182568 0 0 40.1244 -2.28589 -73.2953 
0.174725 0 0 41.5544 -2.33045 -75.2143 
0.170322 0 0 43.0972 -2.28379 -77.1193 
0.133018 0 0 44.6821 -2.11901 -78.8527 
0.0958687 0 0 46.2411 -1.87082 -80.2578 
0.0923758 0 0 47.7722 -1.60654 -81.276 
0.127965 0 0 49.2195 -1.42683 -81.863 
0.170881 0 0 50.6027 -1.38452 -82.0349 
0.202312 0 0 51.8233 -1.50762 -81.801 
0.203055 0 0 52.8709 -1.74329 -81.2325 
0.199913 0 0 53.5682 -2.02247 -80.3109 
0.174258 0 0 53.8797 -2.26848 -79.1054 
0.133045 0 0 53.6953 -2.45088 -77.464 
0.149648 0 0 53.3883 -2.46463 -76.1749 
0.151035 0 0 52.6968 -2.42942 -74.8449 
0.141493 0 0 51.6238 -2.35535 -73.4763 
0.124743 0 0 50.3152 -2.26124 -72.181 
0.109924 0 0 48.7771 -2.1545 -70.9065 
0.0866171 0 0 47.1617 -2.05021 -69.7287 
0.0774975 0 0 45.4507 -1.94962 -68.6049 
0.0751585 0 0 43.8106 -1.85886 -67.5872 
0.0729869 0 0 42.2062 -1.77944 -66.6632 
0.0735429 0 0 40.7382 -1.71218 -65.853 
0.0835482 0 0 39.4221 -1.65849 -65.1672 
0.0865767 0 0 38.2326 -1.61558 -64.5898 
0.0776583 0 0 37.2604 -1.58566 -64.1786 
0.0867742 0 0 36.4482 -1.56721 -63.9079 
0.101105 0 0 35.8145 -1.56015 -63.7941 
0.0909057 0 0 35.3705 -1.56447 -63.8391 
0.116701 0 0 35.1112 -1.58189 -64.0625 
0.114056 0 0 35.0213 -1.61162 -64.4503 
0.112989 0 0 35.1335 -1.65467 -65.0316 
0.121783 0 0 35.4185 -1.71146 -65.7858 
0.129916 0 0 35.8913 -1.78383 -66.7294 
0.123346 0 0 36.5598 -1.87089 -67.8606 
0.139958 0 0 37.4166 -1.97313 -69.1819 
0.159299 0 0 38.471 -2.0825 -70.6502 
0.162702 0 0 39.7077 -2.19042 -72.2544 
0.168017 0 0 41.1473 -2.28281 -73.9715 
0.160845 0 0 42.7216 -2.33538 -75.6635 
0.133738 0 0 44.3992 -2.33068 -77.2349 
0.110761 0 0 46.1222 -2.27152 -78.5975 
0.0857115 0 0 47.7863 -2.18772 -79.5765 
0.0599996 0 0 49.39 -2.12535 -80.1705 
0.0665032 0 0 50.8527 -2.11984 -80.3453 
0.0826849 0 0 52.0458 -2.18005 -80.0908 
0.0985449 0 0 52.996 -2.28147 -79.4999 
0.127359 0 0 53.5481 -2.38469 -78.5816 
0.137109 0 0 53.6972 -2.45011 -77.46 
0.132118 0 0 53.3651 -2.43952 -75.9801 
0.156137 0 0 53.024 -2.40152 -74.8887 
0.16461 0 0 52.3364 -2.33911 -73.7716 
0.158487 0 0 51.281 -2.25815 -72.6087 
0.130639 0 0 49.9841 -2.16678 -71.4895 
0.106474 0 0 48.4762 -2.0709 -70.3927 
0.0927346 0 0 46.84 -1.97676 -69.3415 
0.0763496 0 0 45.1609 -1.88717 -68.3309 
0.0712334 0 0 43.5044 -1.80476 -67.386 
0.0710735 0 0 41.9168 -1.73311 -66.5297 
0.0700052 0 0 40.442 -1.67178 -65.7604 
0.0801112 0 0 39.0953 -1.62042 -65.092 
0.0905679 0 0 37.9266 -1.58121 -64.541 
0.0904157 0 0 36.9374 -1.55262 -64.1364 
0.101017 0 0 36.127 -1.53367 -63.8579 
0.0922608 0 0 35.5048 -1.52611 -63.7391 
0.11047 0 0 35.0566 -1.52871 -63.7615 
0.109415 0 0 34.785 -1.54182 -63.9399 
0.114599 0 0 34.7113 -1.56616 -64.2921 
0.116887 0 0 34.8176 -1.60239 -64.8122 
0.123756 0 0 35.0933 -1.65078 -65.4784 
0.120174 0 0 35.5635 -1.71258 -66.3282 
0.13735 0 0 36.2121 -1.78819 -67.3441 
0.142664 0 0 37.0729 -1.87646 -68.5143 
0.139175 0 0 38.1134 -1.97513 -69.8178 
0.136106 0 0 39.3626 -2.07891 -71.2379 
0.138298 0 0 40.7635 -2.18087 -72.7125 
0.144212 0 0 42.3688 -2.26812 -74.2087 
0.129823 0 0 44.0308 -2.33127 -75.5799 
0.112821 0 0 45.8 -2.36475 -76.7892 
0.075571 0 0 47.548 -2.37513 -77.7129 
0.0651279 0 0 49.2089 -2.37807 -78.2753 
0.0544179 0 0 50.6731 -2.38771 -78.4426 
0.0557923 0 0 51.9171 -2.41045 -78.2708 
0.0771859 0 0 52.801 -2.43595 -77.7409 
0.111364 0 0 53.3029 -2.44982 -76.9719 
0.137883 0 0 53.3665 -2.43972 -75.9848 
0.146542 0 0 53.0277 -2.36472 -74.7527 
0.169514 0 0 52.7205 -2.31506 -73.885 
0.162401 0 0 52.041 -2.25151 -72.9529 
0.159033 0 0 50.9977 -2.17548 -71.9802 
0.132686 0 0 49.6962 -2.09293 -71.009 
0.113618 0 0 48.1989 -2.00816 -70.0439 
0.0890533 0 0 46.5903 -1.92383 -69.1004 
0.0711819 0 0 44.9012 -1.84282 -68.1839 
0.0680377 0 0 43.2439 -1.76844 -67.3109 
0.0682887 0 0 41.6432 -1.70142 -66.4874 
0.0742417 0 0 40.1755 -1.64397 -65.7555 
0.0805552 0 0 38.8369 -1.59536 -65.1034 
0.0809126 0 0 37.6542 -1.55723 -64.5661 
0.0818878 0 0 36.6758 -1.52886 -64.1585 
0.0993206 0 0 35.8662 -1.50999 -63.8655 
0.0973804 0 0 35.2241 -1.50057 -63.7087 
0.100187 0 0 34.7737 -1.50032 -63.7053 
0.115472 0 0 34.5052 -1.50995 -63.8371 
0.103566 0 0 34.4332 -1.52905 -64.1344 
0.114618 0 0 34.5261 -1.55886 -64.5799 
0.120892 0 0 34.8058 -1.59918 -65.1772 
0.118872 0 0 35.2753 -1.65111 -65.9248 
0.137811 0 0 35.9309 -1.7149 -66.8263 
0.120698 0 0 36.7806 -1.79008 -67.8567 
0.135437 0 0 37.8291 -1.8764 -69.0171 
0.130742 0 0 39.041 -1.96898 -70.2488 
0.11126 0 0 40.4344 -2.06425 -71.5265 
0.11885 0 0 42.0134 -2.15758 -72.8261 
0.105886 0 0 43.7178 -2.23902 -74.0465 
0.0859717 0 0 45.4614 -2.30472 -75.1006 
0.0602943 0 0 47.2418 -2.35298 -75.957 
0.0529992 0 0 48.9078 -2.38335 -76.4847 
0.0414628 0 0 50.3766 -2.40382 -76.6788 
0.0585807 0 0 51.6219 -2.41305 -76.5827 
0.0811518 0 0 52.4641 -2.41272 -76.162 
0.118659 0 0 52.9469 -2.39738 -75.5346 
0.155235 0 0 53.0405 -2.36408 -74.7587 
0.174816 0 0 52.7364 -2.28075 -73.7845 
0.180393 0 0 52.4521 -2.2346 -73.0955 
0.172762 0 0 51.7952 -2.17879 -72.3559 
0.154744 0 0 50.7658 -2.11369 -71.5379 
0.126472 0 0 49.5146 -2.04181 -70.7308 
0.102748 0 0 48.012 -1.96636 -69.8857 
0.090177 0 0 46.3782 -1.89095 -69.0361 
0.0684027 0 0 44.7174 -1.81614 -68.1911 
0.0656274 0 0 43.0484 -1.74694 -67.3587 
0.0673277 0 0 41.4403 -1.68313 -66.5693 
0.0706997 0 0 39.9608 -1.6279 -65.8497 
0.0760223 0 0 38.6456 -1.58123 -65.2219 
0.0933312 0 0 37.4608 -1.54348 -64.6764 
0.0851333 0 0 36.4613 -1.51401 -64.2377 
0.100699 0 0 35.6279 -1.49352 -63.9157 
0.104243 0 0 35.0117 -1.48236 -63.7402 
0.112479 0 0 34.5576 -1.47935 -63.6883 
0.112717 0 0 34.2929 -1.48559 -63.7787 
0.1059 0 0 34.2182 -1.50002 -64.013 
0.115446 0 0 34.3019 -1.5236 -64.3773 
0.124764 0 0 34.5857 -1.55706 -64.8989 
0.124654 0 0 35.0448 -1.59893 -65.5337 
0.12021 0 0 35.7035 -1.65267 -66.3271 
0.106078 0 0 36.5329 -1.71581 -67.2246 
0.125334 0 0 37.5632 -1.78873 -68.2372 
0.106239 0 0 38.784 -1.86943 -69.3216 
0.0990929 0 0 40.1863 -1.95466 -70.4544 
0.0959825 0 0 41.7421 -2.04172 -71.5887 
0.0859571 0 0 43.4165 -2.12417 -72.6609 
0.0662247 0 0 45.1673 -2.19705 -73.6142 
0.0620949 0 0 46.8795 -2.25553 -74.3575 
0.0400203 0 0 48.5726 -2.29935 -74.8905 
0.0495228 0 0 50.0483 -2.32575 -75.1352 
0.0660246 0 0 51.2746 -2.3361 -75.1076 
0.0965445 0 0 52.1757 -2.33243 -74.8566 
0.138877 0 0 52.6643 -2.31452 -74.4023 
0.168053 0 0 52.7592 -2.28093 -73.7922 
0.182377 0 0 52.5234 -2.20955 -73.0538 
0.185191 0 0 52.2568 -2.17414 -72.5455 
0.181421 0 0 51.5998 -2.12618 -71.9437 
0.158035 0 0 50.6058 -2.07159 -71.3042 
0.126022 0 0 49.3661 -2.01038 -70.6217 
0.101741 0 0 47.8829 -1.94374 -69.8866 
0.0779247 0 0 46.2464 -1.87479 -69.1155 
0.0711742 0 0 44.5507 -1.80545 -68.317 
0.0707563 0 0 42.8894 -1.73912 -67.5316 
0.0678049 0 0 41.3116 -1.67822 -66.7813 
0.0750477 0 0 39.8016 -1.62329 -66.0479 
0.0701792 0 0 38.4737 -1.57736 -65.4086 
0.0860359 0 0 37.2979 -1.53825 -64.8447 
0.0911373 0 0 36.286 -1.50769 -64.3795 
0.106644 0 0 35.4753 -1.48554 -64.0387 
0.103361 0 0 34.8336 -1.47134 -63.8061 
0.115755 0 0 34.3862 -1.46535 -63.7073 
0.106787 0 0 34.1287 -1.46751 -63.7419 
0.123653 0 0 34.0106 -1.47727 -63.8861 
0.115689 0 0 34.1257 -1.4952 -64.1962 
0.119709 0 0 34.4138 -1.5225 -64.6282 
0.112256 0 0 34.8866 -1.55784 -65.1883 
0.110326 0 0 35.5174 -1.60171 -65.8591 
0.11473 0 0 36.3512 -1.65415 -66.6431 
0.106392 0 0 37.3732 -1.71576 -67.5228 
0.104935 0 0 38.5891 -1.78554 -68.4873 
0.0979873 0 0 39.9659 -1.86109 -69.4856 
0.0787843 0 0 41.5099 -1.93802 -70.4904 
0.0662867 0 0 43.1697 -2.01541 -71.4486 
0.0600537 0 0 44.8947 -2.08776 -72.3202 
0.0437987 0 0 46.632 -2.14916 -73.0313 
0.048727 0 0 48.3118 -2.1975 -73.5602 
0.056276 0 0 49.7529 -2.22965 -73.8374 
0.0897065 0 0 50.9791 -2.24552 -73.9026 
0.11604 0 0 51.883 -2.24754 -73.7825 
0.151692 0 0 52.409 -2.23555 -73.4872 
0.185548 0 0 52.5225 -2.20914 -73.0499 
0.191505 0 0 52.3551 -2.15822 -72.5376 
0.190689 0 0 52.1305 -2.13251 -72.1999 
0.1749 0 0 51.5045 -2.09667 -71.7732 
0.148248 0 0 50.5202 -2.05151 -71.2535 
0.116545 0 0 49.24 -1.99784 -70.6732 
0.0863524 0 0 47.7707 -1.93852 -70.0408 
0.0712376 0 0 46.1641 -1.87474 -69.3426 
0.0669529 0 0 44.4628 -1.80944 -68.5864 
0.0585905 0 0 42.793 -1.74539 -67.8363 
0.0663489 0 0 41.1997 -1.68513 -67.0842 
0.0777716 0 0 39.6978 -1.6301 -66.3468 
0.0851966 0 0 38.3537 -1.58271 -65.6912 
0.089816 0 0 37.1677 -1.54222 -65.0909 
0.0898131 0 0 36.195 -1.51002 -64.6129 
0.0984492 0 0 35.351 -1.4849 -64.2046 
0.109952 0 0 34.717 -1.46824 -63.93 
0.116136 0 0 34.2707 -1.45829 -63.7747 
0.11433 0 0 34.0022 -1.45667 -63.7362 
0.104469 0 0 33.9078 -1.46175 -63.8184 
0.122266 0 0 33.9943 -1.47449 -64.0369 
0.120093 0 0 34.2707 -1.49576 -64.3807 
0.109182 0 0 34.7468 -1.52376 -64.849 
0.105458 0 0 35.4024 -1.56056 -65.4385 
0.117104 0 0 36.2187 -1.60541 -66.1168 
0.0935866 0 0 37.2358 -1.65759 -66.8876 
0.0978537 0 0 38.4242 -1.71768 -67.7355 
0.0865297 0 0 39.7934 -1.78342 -68.6249 
0.0776233 0 0 41.3377 -1.85415 -69.539 
0.0651721 0 0 42.9563 -1.92493 -70.4084 
0.0580823 0 0 44.6799 -1.99359 -71.2194 
0.0522303 0 0 46.3882 -2.05433 -71.8889 
0.0510854 0 0 48.0351 -2.10535 -72.4282 
0.0707651 0 0 49.5408 -2.14365 -72.792 
0.10349 0 0 50.7414 -2.16712 -72.9502 
0.137661 0 0 51.6681 -2.17655 -72.9509 
0.166813 0 0 52.239 -2.17361 -72.8152 
0.190484 0 0 52.3812 -2.15881 -72.5617 
0.204382 0 0 52.2517 -2.12756 -72.2385 
0.199387 0 0 52.0456 -2.11245 -72.0508 
0.165773 0 0 51.4439 -2.08641 -71.7636 
0.140644 0 0 50.4917 -2.04996 -71.3889 
0.109839 0 0 49.2254 -2.00465 -70.9175 
0.0871157 0 0 47.7562 -1.95129 -70.3659 
0.0639954 0 0 46.1257 -1.89239 -69.7205 
0.0605911 0 0 44.4401 -1.83022 -69.0257 
0.0710001 0 0 42.7729 -1.76624 -68.2687 
0.0645182 0 0 41.1417 -1.70499 -67.4959 
0.0760513 0 0 39.6516 -1.64909 -66.7636 
0.0806405 0 0 38.3053 -1.59886 -66.0591 
0.0885087 0 0 37.106 -1.5549 -65.4178 
0.0994699 0 0 36.115 -1.51994 -64.8785 
0.109204 0 0 35.281 -1.4919 -64.43 
0.108121 0 0 34.6524 -1.47166 -64.0954 
0.106392 0 0 34.1924 -1.45723 -63.8564 
0.107487 0 0 33.9393 -1.45185 -63.7635 
0.119487 0 0 33.8379 -1.4527 -63.7754 
0.111466 0 0 33.9267 -1.46085 -63.9151 
0.109981 0 0 34.2192 -1.47615 -64.1834 
0.110984 0 0 34.6625 -1.49922 -64.5617 
0.102097 0 0 35.3 -1.52878 -65.0394 
0.107158 0 0 36.1386 -1.56752 -65.647 
0.100686 0 0 37.16 -1.61247 -66.337 
0.0886498 0 0 38.3416 -1.66486 -67.0836 
0.0804215 0 0 39.706 -1.72372 -67.8942 
0.0625785 0 0 41.2006 -1.78819 -68.7227 
0.0570714 0 0 42.8539 -1.85406 -69.5478 
0.0518476 0 0 44.5512 -1.91959 -70.3205 
0.0515214 0 0 46.2372 -1.98003 -70.9859 
0.0596803 0 0 47.8994 -2.03415 -71.5556 
0.0884054 0 0 49.3503 -2.07689 -71.9587 
0.111163 0 0 50.6108 -2.10855 -72.2456 
0.147299 0 0 51.5409 -2.12594 -72.3577 
0.18224 0 0 52.0819 -2.13251 -72.3482 
0.198623 0 0 52.2486 -2.12646 -72.2326 
0.200999 0 0 52.223 -2.11662 -72.1385 
0.185636 0 0 52.0553 -2.11182 -72.1163 
0.167376 0 0 51.4518 -2.096 -71.9619 
0.131615 0 0 50.5123 -2.0688 -71.7159 
0.106153 0 0 49.2662 -2.03098 -71.3515 
0.0766593 0 0 47.8013 -1.98325 -70.864 
0.065136 0 0 46.1583 -1.92734 -70.2696 
0.0548848 0 0 44.4605 -1.86502 -69.5841 
0.0709605 0 0 42.7773 -1.80195 -68.8386 
0.0713447 0 0 41.1451 -1.73874 -68.0399 
0.0700881 0 0 39.6581 -1.67958 -67.2791 
0.0776898 0 0 38.3017 -1.62615 -66.5353 
0.0857867 0 0 37.1248 -1.57847 -65.8433 
0.106498 0 0 36.083 -1.53916 -65.2244 
0.0961523 0 0 35.2692 -1.50605 -64.713 
0.117214 0 0 34.647 -1.48128 -64.3096 
0.109609 0 0 34.1737 -1.46378 -64.0056 
0.112194 0 0 33.9242 -1.45319 -63.8333 
0.112185 0 0 33.8185 -1.44941 -63.764 
0.103166 0 0 33.9103 -1.45294 -63.8193 
0.112788 0 0 34.1859 -1.46382 -64.0021 
0.110645 0 0 34.6233 -1.48108 -64.2951 
0.104919 0 0 35.2758 -1.50605 -64.7126 
0.09826 0 0 36.0943 -1.53878 -65.2234 
0.0954008 0 0 37.1046 -1.57804 -65.8323 
0.0933258 0 0 38.2852 -1.62615 -66.5159 
0.0792934 0 0 39.6603 -1.67936 -67.2733 
0.071171 0 0 41.1331 -1.73877 -68.0387 
0.0656173 0 0 42.77 -1.8012 -68.8267 
0.0555527 0 0 44.4568 -1.86492 -69.5759 
0.0643056 0 0 46.1669 -1.92726 -70.2704 
0.0782331 0 0 47.8124 -1.9836 -70.8756 
0.0944248 0 0 49.2739 -2.03009 -71.3428 
0.137262 0 0 50.5114 -2.06888 -71.7099 
0.164678 0 0 51.4599 -2.09568 -71.9593 
0.189142 0 0 52.0384 -2.11203 -72.1082 
0.198692 0 0 52.2274 -2.11734 -72.1492 
