56.2783 0 0 -251.502 14.7938 203.572 
55.24 0 0 -251.616 14.6918 203.537 
51.9982 0 0 -252.028 14.519 203.51 
46.7364 0 0 -252.695 14.2067 203.441 
39.9408 0 0 -253.643 13.6149 203.341 
32.0235 0 0 -254.903 12.7796 203.237 
23.6713 0 0 -256.485 11.6638 203.151 
15.9132 0 0 -258.28 9.98382 203.01 
9.46427 0 0 -260.155 7.93558 202.794 
4.88242 0 0 -261.937 5.63768 202.455 
2.17091 0 0 -263.386 3.37438 201.913 
0.799264 0 0 -264.401 1.48702 201.188 
0.311629 0 0 -264.957 0.0828445 200.287 
0.17001 0 0 -265.106 -0.879106 199.31 
0.187804 0 0 -265.003 -1.46866 198.373 
0.241058 0 0 -264.851 -1.81888 197.599 
0.274348 0 0 -264.664 -2.0126 197.007 
0.314001 0 0 -264.536 -2.1079 196.634 
0.332083 0 0 -264.505 -2.13555 196.524 
0.309884 0 0 -264.543 -2.10896 196.638 
0.287996 0 0 -264.661 -2.01318 196.998 
0.2192 0 0 -264.842 -1.81933 197.6 
0.189201 0 0 -265.002 -1.47252 198.369 
0.175322 0 0 -265.093 -0.880423 199.303 
0.311256 0 0 -264.942 0.0622768 200.279 
0.808663 0 0 -264.424 1.48017 201.191 
2.17165 0 0 -263.394 3.38597 201.918 
4.89025 0 0 -261.952 5.64069 202.467 
9.51307 0 0 -260.137 7.91134 202.781 
15.8916 0 0 -258.266 10.0076 203.003 
23.7324 0 0 -256.488 11.6152 203.146 
31.9922 0 0 -254.907 12.7844 203.238 
39.9811 0 0 -253.659 13.6153 203.346 
46.7327 0 0 -252.708 14.2195 203.455 
51.8688 0 0 -252.028 14.5564 203.514 
55.171 0 0 -251.636 14.7122 203.547 
56.2261 0 0 -251.507 14.8068 203.568 
55.1865 0 0 -251.62 14.708 203.539 
52.9275 0 0 -251.987 14.6536 203.466 
48.8077 0 0 -252.628 14.3655 203.363 
42.8138 0 0 -253.57 14.027 203.288 
35.2603 0 0 -254.799 13.4749 203.189 
27.096 0 0 -256.32 12.4285 203.051 
18.9049 0 0 -258.123 11.0003 202.938 
11.762 0 0 -260.124 9.15111 202.832 
6.32029 0 0 -262.069 6.87493 202.615 
2.88195 0 0 -263.745 4.47002 202.233 
1.12289 0 0 -264.889 2.27707 201.573 
0.392239 0 0 -265.505 0.584038 200.721 
0.192547 0 0 -265.658 -0.569073 199.753 
0.181754 0 0 -265.48 -1.30358 198.76 
0.231269 0 0 -265.158 -1.73273 197.872 
0.272777 0 0 -264.8 -1.98108 197.156 
0.307611 0 0 -264.537 -2.10418 196.7 
0.312613 0 0 -264.27 -2.15379 196.426 
0.306078 0 0 -264.11 -2.15063 196.399 
0.264682 0 0 -264.084 -2.08725 196.649 
0.234043 0 0 -264.099 -1.94984 197.12 
0.205558 0 0 -264.183 -1.69321 197.823 
0.165691 0 0 -264.229 -1.25115 198.704 
0.207565 0 0 -264.087 -0.521815 199.675 
0.530756 0 0 -263.676 0.599445 200.641 
1.43325 0 0 -262.891 2.20203 201.527 
3.42333 0 0 -261.698 4.21681 202.215 
6.9596 0 0 -260.118 6.44001 202.701 
12.4494 0 0 -258.366 8.57515 203.006 
19.4705 0 0 -256.652 10.4308 203.228 
27.4636 0 0 -255.128 11.8933 203.384 
35.5264 0 0 -253.81 12.9019 203.464 
42.7351 0 0 -252.849 13.6773 203.566 
48.7311 0 0 -252.137 14.2135 203.61 
52.8626 0 0 -251.695 14.5541 203.626 
55.1698 0 0 -251.534 14.679 203.594 
55.1205 0 0 -251.616 14.7358 203.544 
52.0014 0 0 -252.043 14.511 203.512 
48.7941 0 0 -252.621 14.4583 203.388 
43.7301 0 0 -253.514 14.1505 203.241 
36.9852 0 0 -254.726 13.6885 203.122 
29.3419 0 0 -256.207 12.8977 202.997 
21.0884 0 0 -258.038 11.7147 202.908 
13.6457 0 0 -260.046 10.0367 202.825 
7.59748 0 0 -262.144 7.83552 202.718 
3.51402 0 0 -263.977 5.3424 202.445 
1.36229 0 0 -265.267 2.98946 201.923 
0.470226 0 0 -265.891 1.01952 201.087 
0.197513 0 0 -265.968 -0.337401 200.082 
0.182422 0 0 -265.621 -1.21044 198.983 
0.213568 0 0 -265.13 -1.70583 197.996 
0.24783 0 0 -264.562 -1.9875 197.154 
0.309094 0 0 -264.018 -2.13565 196.487 
0.305298 0 0 -263.593 -2.20285 196.107 
0.296111 0 0 -263.286 -2.21488 195.975 
0.256105 0 0 -263.066 -2.18539 196.084 
0.232902 0 0 -262.986 -2.0978 196.455 
0.194003 0 0 -262.968 -1.92745 197.065 
0.156661 0 0 -262.931 -1.62959 197.862 
0.165581 0 0 -262.915 -1.10898 198.867 
0.30593 0 0 -262.641 -0.276494 199.897 
0.821101 0 0 -262.098 0.958623 200.905 
2.08708 0 0 -261.176 2.67021 201.779 
4.58035 0 0 -259.957 4.74257 202.505 
8.74205 0 0 -258.444 6.9102 202.985 
14.6388 0 0 -256.833 8.91562 203.293 
21.8475 0 0 -255.367 10.6265 203.524 
29.6083 0 0 -254.066 11.8957 203.644 
37.1912 0 0 -253.062 12.9447 203.749 
43.7463 0 0 -252.291 13.5468 203.743 
48.799 0 0 -251.839 14.0105 203.737 
51.8314 0 0 -251.631 14.3956 203.704 
52.9889 0 0 -251.7 14.506 203.615 
51.9404 0 0 -252.027 14.5428 203.506 
46.696 0 0 -252.694 14.1947 203.441 
42.7561 0 0 -253.546 14.0255 203.264 
37.0286 0 0 -254.694 13.613 203.089 
30.0319 0 0 -256.173 13.0098 202.964 
22.3239 0 0 -257.96 11.9784 202.863 
14.748 0 0 -259.991 10.5516 202.814 
8.45605 0 0 -262.143 8.50855 202.761 
4.00809 0 0 -264.097 6.06207 202.603 
1.5518 0 0 -265.491 3.51357 202.165 
0.502925 0 0 -266.115 1.34017 201.365 
0.198362 0 0 -266.06 -0.21278 200.292 
0.173185 0 0 -265.507 -1.18009 199.085 
0.195968 0 0 -264.769 -1.73004 197.953 
0.238678 0 0 -263.997 -2.03038 196.976 
0.262987 0 0 -263.233 -2.18172 196.184 
0.271457 0 0 -262.599 -2.25504 195.645 
0.252238 0 0 -262.078 -2.27851 195.362 
0.256188 0 0 -261.742 -2.26707 195.348 
0.206679 0 0 -261.495 -2.22194 195.597 
0.179013 0 0 -261.395 -2.12651 196.105 
0.149298 0 0 -261.314 -1.94833 196.816 
0.124134 0 0 -261.321 -1.62402 197.783 
0.170727 0 0 -261.22 -1.0691 198.869 
0.399373 0 0 -260.957 -0.176718 200.023 
1.06571 0 0 -260.387 1.1435 201.111 
2.60534 0 0 -259.498 2.89035 202.051 
5.44835 0 0 -258.337 4.95276 202.789 
9.91514 0 0 -256.965 7.03744 203.292 
15.9154 0 0 -255.595 9.0014 203.635 
22.9487 0 0 -254.354 10.5702 203.844 
30.1614 0 0 -253.338 11.7822 203.958 
36.9782 0 0 -252.525 12.6649 203.955 
42.528 0 0 -252.054 13.3418 203.952 
46.4948 0 0 -251.829 13.8452 203.894 
48.7483 0 0 -251.853 14.0845 203.776 
48.8691 0 0 -252.157 14.2106 203.625 
46.7322 0 0 -252.715 14.2204 203.448 
39.9993 0 0 -253.677 13.6389 203.365 
35.2627 0 0 -254.778 13.4166 203.163 
29.2994 0 0 -256.201 12.8718 202.986 
22.255 0 0 -257.981 12.0148 202.875 
15.2698 0 0 -259.988 10.7267 202.816 
8.91537 0 0 -262.169 8.9029 202.806 
4.32893 0 0 -264.151 6.48715 202.685 
1.65347 0 0 -265.606 3.86638 202.313 
0.52365 0 0 -266.228 1.54712 201.551 
0.200916 0 0 -266.055 -0.147516 200.438 
0.161321 0 0 -265.294 -1.20377 199.136 
0.185191 0 0 -264.292 -1.78395 197.852 
0.208664 0 0 -263.242 -2.08227 196.712 
0.226849 0 0 -262.26 -2.23217 195.772 
0.227355 0 0 -261.409 -2.29622 195.092 
0.238126 0 0 -260.715 -2.32042 194.661 
0.226174 0 0 -260.165 -2.31876 194.482 
0.198337 0 0 -259.785 -2.2992 194.583 
0.175976 0 0 -259.522 -2.25273 194.928 
0.141985 0 0 -259.415 -2.1632 195.552 
0.112749 0 0 -259.383 -1.99233 196.424 
0.100741 0 0 -259.409 -1.67443 197.526 
0.177253 0 0 -259.381 -1.12309 198.766 
0.452464 0 0 -259.188 -0.214955 200.061 
1.20018 0 0 -258.691 1.1146 201.255 
2.84943 0 0 -257.887 2.82848 202.245 
5.78885 0 0 -256.896 4.84639 203.043 
10.2821 0 0 -255.733 6.86738 203.59 
15.9815 0 0 -254.623 8.7674 203.955 
22.5106 0 0 -253.631 10.2432 204.144 
29.1217 0 0 -252.849 11.4163 204.199 
34.8682 0 0 -252.321 12.3139 204.187 
39.6397 0 0 -252.058 12.9376 204.092 
42.5939 0 0 -252.052 13.3539 203.961 
43.6755 0 0 -252.327 13.6615 203.788 
42.8268 0 0 -252.84 13.6878 203.563 
39.864 0 0 -253.672 13.6803 203.372 
32.0075 0 0 -254.907 12.8039 203.247 
26.9873 0 0 -256.327 12.4502 203.057 
21.152 0 0 -258.06 11.704 202.921 
14.7915 0 0 -259.996 10.5244 202.807 
9.02833 0 0 -262.159 8.86415 202.803 
4.43973 0 0 -264.176 6.63523 202.715 
1.73029 0 0 -265.686 4.04664 202.409 
0.533346 0 0 -266.268 1.65913 201.653 
0.207257 0 0 -265.951 -0.146758 200.488 
0.154062 0 0 -265.02 -1.24117 199.111 
0.181144 0 0 -263.773 -1.83501 197.692 
0.199936 0 0 -262.517 -2.12837 196.435 
0.204393 0 0 -261.268 -2.26362 195.344 
0.206862 0 0 -260.186 -2.318 194.497 
0.187219 0 0 -259.281 -2.33484 193.912 
0.181126 0 0 -258.549 -2.33337 193.587 
0.169642 0 0 -258.004 -2.32268 193.523 
0.14744 0 0 -257.637 -2.30271 193.732 
0.148877 0 0 -257.404 -2.26601 194.185 
0.104633 0 0 -257.312 -2.19242 194.931 
0.0960878 0 0 -257.31 -2.0452 195.901 
0.0988033 0 0 -257.397 -1.76432 197.126 
0.186702 0 0 -257.432 -1.25591 198.487 
0.457141 0 0 -257.34 -0.398506 199.928 
1.20284 0 0 -257.062 0.884909 201.288 
2.75169 0 0 -256.464 2.56801 202.407 
5.58918 0 0 -255.632 4.49458 203.252 
9.63628 0 0 -254.743 6.46896 203.847 
14.884 0 0 -253.858 8.19991 204.179 
20.7567 0 0 -253.154 9.72407 204.385 
26.5134 0 0 -252.62 10.8438 204.399 
31.2625 0 0 -252.318 11.6742 204.322 
34.8872 0 0 -252.299 12.3542 204.183 
37.0137 0 0 -252.558 12.6752 203.985 
37.0508 0 0 -253.061 12.9444 203.748 
35.3826 0 0 -253.844 12.9381 203.486 
32.0235 0 0 -254.934 12.8264 203.266 
23.7478 0 0 -256.515 11.6521 203.17 
18.9538 0 0 -258.143 11.0062 202.955 
13.608 0 0 -260.048 10.0146 202.821 
8.48584 0 0 -262.131 8.51771 202.758 
4.33282 0 0 -264.132 6.46445 202.667 
1.70043 0 0 -265.678 4.04709 202.405 
0.526531 0 0 -266.336 1.70356 201.731 
0.209766 0 0 -265.949 -0.134581 200.55 
0.151011 0 0 -264.829 -1.26742 199.094 
0.168934 0 0 -263.372 -1.87228 197.574 
0.180558 0 0 -261.845 -2.16173 196.168 
0.173602 0 0 -260.412 -2.28171 194.964 
0.175262 0 0 -259.101 -2.32346 193.966 
0.171966 0 0 -257.97 -2.32803 193.217 
0.160886 0 0 -257.065 -2.31975 192.739 
0.147556 0 0 -256.326 -2.30785 192.506 
0.134551 0 0 -255.774 -2.29642 192.528 
0.113168 0 0 -255.39 -2.28285 192.802 
0.10215 0 0 -255.177 -2.25839 193.356 
0.0815893 0 0 -255.134 -2.20616 194.183 
0.0766196 0 0 -255.195 -2.09486 195.25 
0.0908203 0 0 -255.333 -1.86477 196.576 
0.170446 0 0 -255.51 -1.43016 198.078 
0.406581 0 0 -255.584 -0.67682 199.635 
1.02764 0 0 -255.468 0.49618 201.126 
2.41763 0 0 -255.138 2.07317 202.384 
4.78508 0 0 -254.61 3.90734 203.357 
8.35055 0 0 -253.98 5.74008 203.992 
12.8516 0 0 -253.383 7.4783 204.375 
17.7819 0 0 -252.916 8.90463 204.534 
22.5 0 0 -252.655 10.0294 204.534 
26.4358 0 0 -252.605 10.8001 204.386 
28.9926 0 0 -252.853 11.4409 204.209 
30.1176 0 0 -253.33 11.8356 203.958 
29.6075 0 0 -254.062 11.9316 203.651 
27.4146 0 0 -255.136 11.9327 203.398 
23.7136 0 0 -256.494 11.6251 203.151 
15.9394 0 0 -258.273 9.99026 203.006 
11.7907 0 0 -260.114 9.13192 202.826 
7.58977 0 0 -262.125 7.82166 202.709 
4.05128 0 0 -264.078 6.05026 202.593 
1.66632 0 0 -265.594 3.85069 202.301 
0.535525 0 0 -266.301 1.64993 201.666 
0.208331 0 0 -265.914 -0.127353 200.532 
0.16022 0 0 -264.744 -1.28422 199.072 
0.163797 0 0 -263.115 -1.89836 197.482 
0.178293 0 0 -261.406 -2.18005 195.98 
0.151145 0 0 -259.751 -2.29104 194.659 
0.154403 0 0 -258.265 -2.31772 193.555 
0.155369 0 0 -256.931 -2.31043 192.667 
0.139302 0 0 -255.809 -2.29143 192.021 
0.126562 0 0 -254.88 -2.27252 191.619 
0.107482 0 0 -254.145 -2.25886 191.462 
0.103174 0 0 -253.591 -2.25091 191.545 
0.0847522 0 0 -253.232 -2.24489 191.89 
0.0805836 0 0 -253.044 -2.23453 192.498 
0.0682301 0 0 -253.002 -2.20622 193.358 
0.0653738 0 0 -253.115 -2.1309 194.492 
0.0804289 0 0 -253.339 -1.96145 195.887 
0.142164 0 0 -253.609 -1.62369 197.448 
0.318196 0 0 -253.873 -1.00674 199.126 
0.782498 0 0 -253.978 -0.0269266 200.722 
1.82307 0 0 -253.952 1.35813 202.143 
3.68608 0 0 -253.723 3.03767 203.224 
6.52131 0 0 -253.413 4.80391 203.979 
10.1431 0 0 -253.115 6.39794 204.394 
14.0609 0 0 -252.93 7.79645 204.555 
17.8066 0 0 -252.906 8.89353 204.516 
20.6532 0 0 -253.128 9.68654 204.359 
22.5037 0 0 -253.616 10.2283 204.122 
22.8911 0 0 -254.36 10.5638 203.849 
21.8487 0 0 -255.356 10.6326 203.517 
19.4421 0 0 -256.662 10.4493 203.234 
15.927 0 0 -258.268 9.96106 202.99 
9.49497 0 0 -260.146 7.89919 202.781 
6.28952 0 0 -262.061 6.86102 202.605 
3.50649 0 0 -263.981 5.35153 202.45 
1.56123 0 0 -265.499 3.5101 202.165 
0.525319 0 0 -266.245 1.53697 201.555 
0.201303 0 0 -265.952 -0.143473 200.495 
0.148816 0 0 -264.809 -1.27442 199.08 
0.180954 0 0 -263.153 -1.89419 197.502 
0.161798 0 0 -261.272 -2.1861 195.938 
0.156841 0 0 -259.408 -2.29417 194.499 
0.137057 0 0 -257.721 -2.3125 193.288 
0.141505 0 0 -256.179 -2.29293 192.261 
0.110419 0 0 -254.848 -2.26356 191.475 
0.100142 0 0 -253.72 -2.23402 190.904 
0.110037 0 0 -252.793 -2.21237 190.572 
0.0970543 0 0 -252.072 -2.19936 190.462 
0.0760539 0 0 -251.516 -2.19462 190.59 
0.0671558 0 0 -251.172 -2.19635 190.968 
0.064043 0 0 -251.013 -2.19813 191.619 
0.0482643 0 0 -251.006 -2.18835 192.507 
0.0536104 0 0 -251.142 -2.14791 193.648 
0.0597021 0 0 -251.46 -2.03859 195.063 
0.109322 0 0 -251.823 -1.79901 196.649 
0.227263 0 0 -252.216 -1.33884 198.355 
0.532622 0 0 -252.582 -0.563941 200.066 
1.25415 0 0 -252.857 0.577834 201.627 
2.52292 0 0 -252.951 2.02053 202.831 
4.5661 0 0 -252.99 3.62475 203.71 
7.16684 0 0 -252.972 5.13693 204.187 
10.0981 0 0 -253.122 6.41716 204.407 
12.8315 0 0 -253.38 7.48351 204.373 
14.9045 0 0 -253.876 8.23064 204.2 
16.018 0 0 -254.581 8.71935 203.924 
15.9114 0 0 -255.601 8.97228 203.631 
14.656 0 0 -256.837 8.91743 203.299 
12.422 0 0 -258.39 8.62111 203.028 
9.47863 0 0 -260.175 7.93713 202.799 
4.9156 0 0 -261.929 5.61738 202.452 
2.88824 0 0 -263.717 4.44019 202.202 
1.35082 0 0 -265.26 2.96316 201.916 
0.504377 0 0 -266.105 1.33142 201.351 
0.205 0 0 -266.039 -0.16117 200.424 
0.162281 0 0 -265.029 -1.23969 199.114 
0.166563 0 0 -263.363 -1.87688 197.567 
0.169698 0 0 -261.415 -2.18142 195.997 
0.148655 0 0 -259.408 -2.29295 194.503 
0.140263 0 0 -257.54 -2.3096 193.197 
0.122792 0 0 -255.802 -2.28314 192.064 
0.109276 0 0 -254.259 -2.24257 191.123 
0.0998877 0 0 -252.923 -2.20328 190.403 
0.0966564 0 0 -251.803 -2.17146 189.908 
0.0909607 0 0 -250.857 -2.14828 189.594 
0.0908119 0 0 -250.153 -2.13758 189.532 
0.0718549 0 0 -249.618 -2.13627 189.693 
0.0664119 0 0 -249.286 -2.14233 190.088 
0.0537021 0 0 -249.132 -2.15322 190.73 
0.0515405 0 0 -249.143 -2.15837 191.611 
0.0437343 0 0 -249.332 -2.14623 192.743 
0.0512273 0 0 -249.676 -2.08646 194.11 
0.0729945 0 0 -250.117 -1.93835 195.662 
0.145659 0 0 -250.651 -1.62628 197.368 
0.328712 0 0 -251.233 -1.07566 199.11 
0.746603 0 0 -251.783 -0.206 200.751 
1.53575 0 0 -252.227 0.934278 202.1 
2.84579 0 0 -252.607 2.26311 203.079 
4.59704 0 0 -252.982 3.6125 203.704 
6.61307 0 0 -253.415 4.77954 203.972 
8.33806 0 0 -253.984 5.76671 203.999 
9.66352 0 0 -254.754 6.47316 203.856 
10.1819 0 0 -255.725 6.90276 203.588 
9.92937 0 0 -256.95 7.0151 203.277 
8.76457 0 0 -258.429 6.88424 202.974 
6.98539 0 0 -260.096 6.42641 202.682 
4.89265 0 0 -261.932 5.62001 202.439 
2.15514 0 0 -263.433 3.39632 201.94 
1.10391 0 0 -264.897 2.28082 201.587 
0.462605 0 0 -265.886 1.0304 201.091 
0.198817 0 0 -266.058 -0.211055 200.299 
0.164196 0 0 -265.305 -1.20182 199.14 
0.179763 0 0 -263.785 -1.83369 197.7 
0.188551 0 0 -261.872 -2.16151 196.183 
0.161628 0 0 -259.776 -2.29117 194.674 
0.153325 0 0 -257.711 -2.31233 193.279 
0.124732 0 0 -255.797 -2.28313 192.064 
0.102589 0 0 -254.051 -2.23528 191.006 
0.102973 0 0 -252.523 -2.18652 190.154 
0.0860517 0 0 -251.188 -2.14389 189.489 
0.0805227 0 0 -250.074 -2.11114 189.03 
0.0759493 0 0 -249.142 -2.08924 188.76 
0.0594326 0 0 -248.435 -2.07942 188.714 
0.0622203 0 0 -247.917 -2.07982 188.877 
0.054689 0 0 -247.574 -2.08888 189.255 
0.049687 0 0 -247.443 -2.10512 189.88 
0.0394245 0 0 -247.492 -2.12148 190.741 
0.0373752 0 0 -247.681 -2.12834 191.795 
0.0394242 0 0 -248.052 -2.10689 193.081 
0.0544747 0 0 -248.552 -2.02893 194.556 
0.101963 0 0 -249.219 -1.84229 196.197 
0.19201 0 0 -249.968 -1.492 197.911 
0.397193 0 0 -250.729 -0.905843 199.549 
0.828206 0 0 -251.469 -0.0880482 200.962 
1.56604 0 0 -252.225 0.940088 202.102 
2.55528 0 0 -252.949 2.0369 202.84 
3.65372 0 0 -253.718 3.0584 203.234 
4.77265 0 0 -254.594 3.89388 203.337 
5.52985 0 0 -255.635 4.49251 203.242 
5.80115 0 0 -256.881 4.86248 203.045 
5.45585 0 0 -258.339 4.94229 202.788 
4.6256 0 0 -259.938 4.74648 202.491 
3.41249 0 0 -261.667 4.20559 202.196 
2.1752 0 0 -263.424 3.39379 201.941 
0.818306 0 0 -264.435 1.49751 201.205 
0.389419 0 0 -265.525 0.594893 200.735 
0.200975 0 0 -265.941 -0.352862 200.058 
0.175811 0 0 -265.553 -1.18043 199.116 
0.199004 0 0 -264.307 -1.78064 197.854 
0.223985 0 0 -262.476 -2.12986 196.403 
0.189857 0 0 -260.426 -2.28281 194.969 
0.157057 0 0 -258.244 -2.31775 193.546 
0.129672 0 0 -256.197 -2.29339 192.275 
0.123686 0 0 -254.275 -2.24312 191.136 
0.103714 0 0 -252.515 -2.1864 190.153 
0.0849247 0 0 -250.997 -2.13425 189.356 
0.0759257 0 0 -249.685 -2.09159 188.749 
0.0660453 0 0 -248.547 -2.05842 188.295 
0.0542711 0 0 -247.643 -2.0375 188.052 
0.0572096 0 0 -246.921 -2.02758 187.993 
0.0528629 0 0 -246.413 -2.0285 188.157 
0.0448583 0 0 -246.095 -2.03914 188.514 
0.0395558 0 0 -245.945 -2.05727 189.071 
0.038403 0 0 -245.983 -2.07869 189.846 
0.0324475 0 0 -246.201 -2.09837 190.828 
0.0341554 0 0 -246.622 -2.10369 192.045 
0.0394906 0 0 -247.183 -2.07538 193.4 
0.0658114 0 0 -247.928 -1.98323 194.94 
0.107409 0 0 -248.772 -1.79004 196.519 
0.20176 0 0 -249.729 -1.43914 198.103 
0.404114 0 0 -250.715 -0.916099 199.532 
0.732076 0 0 -251.774 -0.211849 200.754 
1.25319 0 0 -252.834 0.584032 201.616 
1.82209 0 0 -253.939 1.36439 202.142 
2.41176 0 0 -255.12 2.05347 202.373 
2.74762 0 0 -256.454 2.58071 202.402 
2.86396 0 0 -257.922 2.86018 202.284 
2.61948 0 0 -259.495 2.88181 202.039 
2.09041 0 0 -261.216 2.67049 201.813 
1.44329 0 0 -262.907 2.20945 201.534 
0.813875 0 0 -264.394 1.47391 201.17 
0.303446 0 0 -264.917 0.0726053 200.266 
0.193556 0 0 -265.681 -0.570068 199.76 
0.180101 0 0 -265.661 -1.20247 199.013 
0.204769 0 0 -264.774 -1.7307 197.955 
0.206701 0 0 -263.257 -2.08298 196.721 
0.198067 0 0 -261.262 -2.26437 195.333 
0.185153 0 0 -259.132 -2.32253 193.987 
0.134591 0 0 -256.933 -2.31074 192.675 
0.113526 0 0 -254.852 -2.26314 191.477 
0.104808 0 0 -252.915 -2.20316 190.404 
0.0831701 0 0 -251.213 -2.14419 189.506 
0.0809515 0 0 -249.667 -2.09127 188.731 
0.0669819 0 0 -248.356 -2.04838 188.144 
0.0623085 0 0 -247.22 -2.01546 187.698 
0.0493811 0 0 -246.305 -1.99379 187.448 
0.0427903 0 0 -245.613 -1.98416 187.397 
0.0471618 0 0 -245.094 -1.98397 187.508 
0.041757 0 0 -244.788 -1.99437 187.827 
0.0347805 0 0 -244.654 -2.01229 188.334 
0.032242 0 0 -244.704 -2.03662 189.031 
0.0293053 0 0 -244.958 -2.06277 189.93 
0.0319008 0 0 -245.385 -2.08438 191.013 
0.0295528 0 0 -245.975 -2.08795 192.244 
0.0424356 0 0 -246.776 -2.05703 193.622 
0.0615416 0 0 -247.698 -1.9673 195.069 
0.10192 0 0 -248.76 -1.78644 196.527 
0.196071 0 0 -249.956 -1.49498 197.904 
0.341787 0 0 -251.244 -1.07422 199.121 
0.547836 0 0 -252.583 -0.554261 200.074 
0.791364 0 0 -253.984 -0.0139848 200.728 
1.03773 0 0 -255.468 0.492162 201.118 
1.19465 0 0 -257.054 0.893805 201.284 
1.2334 0 0 -258.698 1.10363 201.248 
1.08352 0 0 -260.373 1.13574 201.106 
0.812346 0 0 -262.105 0.965344 200.911 
0.51664 0 0 -263.693 0.615656 200.654 
0.292924 0 0 -264.976 0.0790371 200.3 
0.175179 0 0 -265.103 -0.880504 199.301 
0.178447 0 0 -265.492 -1.2972 198.768 
0.212383 0 0 -265.107 -1.7103 197.984 
0.232546 0 0 -264.007 -2.02987 196.989 
0.230396 0 0 -262.267 -2.22879 195.78 
0.208324 0 0 -260.21 -2.31721 194.514 
0.155413 0 0 -257.991 -2.32719 193.234 
0.126651 0 0 -255.79 -2.29189 192.016 
0.11371 0 0 -253.728 -2.23448 190.907 
0.0969248 0 0 -251.804 -2.17084 189.899 
0.0749753 0 0 -250.077 -2.11134 189.036 
0.0697482 0 0 -248.537 -2.05835 188.292 
0.0668688 0 0 -247.231 -2.01563 187.709 
0.0571214 0 0 -246.112 -1.98282 187.27 
0.0512172 0 0 -245.207 -1.96105 187.009 
0.0480427 0 0 -244.508 -1.94909 186.908 
0.0323405 0 0 -244 -1.94792 186.99 
0.0399486 0 0 -243.676 -1.95564 187.238 
0.0322314 0 0 -243.586 -1.97272 187.689 
0.0255643 0 0 -243.638 -1.99639 188.287 
0.0291168 0 0 -243.898 -2.02464 189.078 
0.0246529 0 0 -244.338 -2.05353 190.024 
0.024081 0 0 -244.971 -2.07648 191.116 
0.0279419 0 0 -245.779 -2.08236 192.324 
0.0426745 0 0 -246.772 -2.05691 193.623 
0.0708786 0 0 -247.911 -1.98541 194.925 
0.0920265 0 0 -249.237 -1.84268 196.223 
0.151958 0 0 -250.678 -1.62402 197.388 
0.232968 0 0 -252.227 -1.33888 198.361 
0.325368 0 0 -253.853 -1.00936 199.11 
0.41111 0 0 -255.583 -0.674934 199.641 
0.473151 0 0 -257.354 -0.401755 199.936 
0.4588 0 0 -259.156 -0.231082 200.039 
0.403821 0 0 -260.947 -0.175075 200.03 
0.300678 0 0 -262.652 -0.279624 199.907 
0.216631 0 0 -264.083 -0.519608 199.673 
0.168434 0 0 -265.1 -0.879997 199.312 
0.171178 0 0 -265.024 -1.47042 198.398 
0.223189 0 0 -265.163 -1.73243 197.885 
0.254021 0 0 -264.532 -1.98683 197.134 
0.269448 0 0 -263.239 -2.18159 196.184 
0.225762 0 0 -261.424 -2.29549 195.103 
0.188815 0 0 -259.306 -2.33473 193.934 
0.151443 0 0 -257.102 -2.31947 192.77 
0.11965 0 0 -254.881 -2.27315 191.628 
0.0936135 0 0 -252.805 -2.21238 190.576 
0.0955376 0 0 -250.861 -2.1485 189.592 
0.0757988 0 0 -249.154 -2.0894 188.769 
0.0605373 0 0 -247.647 -2.03737 188.054 
0.0488301 0 0 -246.323 -1.99431 187.457 
0.0468859 0 0 -245.222 -1.9614 187.017 
0.042164 0 0 -244.316 -1.93822 186.717 
0.0363504 0 0 -243.612 -1.92464 186.576 
0.033909 0 0 -243.101 -1.92014 186.583 
0.0276793 0 0 -242.805 -1.92571 186.776 
0.0280732 0 0 -242.684 -1.93902 187.121 
0.0241808 0 0 -242.755 -1.96026 187.626 
0.0268287 0 0 -243.029 -1.98758 188.3 
0.0226363 0 0 -243.495 -2.01934 189.128 
0.0241115 0 0 -244.146 -2.05111 190.073 
0.0261973 0 0 -244.953 -2.07674 191.104 
0.0352169 0 0 -245.975 -2.08842 192.234 
0.0467857 0 0 -247.194 -2.07653 193.413 
0.058876 0 0 -248.587 -2.02825 194.586 
0.076111 0 0 -250.117 -1.93781 195.664 
0.105479 0 0 -251.819 -1.79657 196.65 
0.135633 0 0 -253.604 -1.62479 197.446 
0.167773 0 0 -255.51 -1.43032 198.08 
0.190606 0 0 -257.442 -1.25151 198.504 
0.173379 0 0 -259.373 -1.1204 198.768 
0.171971 0 0 -261.212 -1.07061 198.86 
0.154963 0 0 -262.884 -1.10743 198.857 
0.168244 0 0 -264.221 -1.24505 198.698 
0.169811 0 0 -265.017 -1.4721 198.39 
0.228196 0 0 -264.844 -1.81882 197.595 
0.26656 0 0 -264.812 -1.97809 197.167 
0.279707 0 0 -264.017 -2.13439 196.502 
0.266395 0 0 -262.594 -2.25371 195.64 
0.223925 0 0 -260.707 -2.31903 194.658 
0.177779 0 0 -258.551 -2.33362 193.587 
0.142565 0 0 -256.335 -2.30859 192.52 
0.109875 0 0 -254.136 -2.25886 191.451 
0.0970744 0 0 -252.067 -2.1992 190.46 
0.0721788 0 0 -250.146 -2.13745 189.535 
0.0635029 0 0 -248.428 -2.0791 188.708 
0.0536547 0 0 -246.937 -2.02802 188.006 
0.0506589 0 0 -245.612 -1.98416 187.388 
0.0409072 0 0 -244.504 -1.94949 186.913 
0.0369456 0 0 -243.619 -1.92447 186.579 
0.0357095 0 0 -242.907 -1.90797 186.364 
0.0320787 0 0 -242.421 -1.90132 186.335 
0.0323578 0 0 -242.115 -1.9028 186.421 
0.0290077 0 0 -242.011 -1.91259 186.681 
0.0253305 0 0 -242.09 -1.93022 187.078 
0.0249369 0 0 -242.342 -1.95444 187.611 
0.0242145 0 0 -242.821 -1.98518 188.299 
0.024105 0 0 -243.471 -2.01901 189.106 
0.0299226 0 0 -244.317 -2.05342 190.002 
0.0284032 0 0 -245.377 -2.08406 191.006 
0.0295284 0 0 -246.623 -2.10347 192.046 
0.0427079 0 0 -248.061 -2.10708 193.1 
0.050927 0 0 -249.656 -2.08718 194.091 
0.0629783 0 0 -251.425 -2.03854 195.047 
0.0784821 0 0 -253.312 -1.96249 195.858 
0.0920623 0 0 -255.331 -1.86464 196.565 
0.0969561 0 0 -257.405 -1.76218 197.139 
0.120826 0 0 -259.414 -1.67359 197.52 
0.128068 0 0 -261.316 -1.61935 197.776 
0.143915 0 0 -262.942 -1.62623 197.876 
0.199484 0 0 -264.196 -1.6935 197.83 
0.237805 0 0 -264.871 -1.81556 197.615 
0.280704 0 0 -264.697 -2.00909 197.033 
0.286854 0 0 -264.489 -2.1031 196.671 
0.28393 0 0 -263.571 -2.20168 196.1 
0.247261 0 0 -262.09 -2.27772 195.367 
0.222284 0 0 -260.161 -2.32074 194.477 
0.164398 0 0 -257.997 -2.3228 193.518 
0.122997 0 0 -255.754 -2.29696 192.511 
0.100109 0 0 -253.589 -2.25041 191.536 
0.081261 0 0 -251.522 -2.1945 190.582 
0.0581549 0 0 -249.617 -2.13594 189.693 
0.0539889 0 0 -247.9 -2.07934 188.867 
0.0525892 0 0 -246.411 -2.02864 188.154 
0.0422079 0 0 -245.103 -1.98428 187.513 
0.0421645 0 0 -244.001 -1.94788 186.988 
0.0385961 0 0 -243.116 -1.92086 186.602 
0.0290065 0 0 -242.423 -1.90124 186.33 
0.0332272 0 0 -241.923 -1.89023 186.191 
0.0289218 0 0 -241.612 -1.88737 186.191 
0.027706 0 0 -241.506 -1.89293 186.345 
0.0229779 0 0 -241.6 -1.90647 186.635 
0.0245757 0 0 -241.883 -1.92727 187.07 
0.0266147 0 0 -242.355 -1.95504 187.621 
0.0235636 0 0 -243.029 -1.98773 188.295 
0.0244719 0 0 -243.89 -2.02496 189.076 
0.0282049 0 0 -244.953 -2.06295 189.936 
0.0310198 0 0 -246.241 -2.09937 190.859 
0.0409936 0 0 -247.695 -2.12819 191.813 
0.0475433 0 0 -249.32 -2.14639 192.726 
0.053077 0 0 -251.151 -2.14823 193.652 
0.066955 0 0 -253.127 -2.13117 194.5 
0.0755008 0 0 -255.206 -2.09492 195.264 
0.0970876 0 0 -257.305 -2.04616 195.893 
0.124404 0 0 -259.404 -1.9911 196.434 
0.160901 0 0 -261.343 -1.94633 196.822 
0.181809 0 0 -262.948 -1.92757 197.059 
0.240351 0 0 -264.124 -1.94677 197.126 
0.284466 0 0 -264.654 -2.01591 196.999 
0.297255 0 0 -264.524 -2.10965 196.636 
0.300651 0 0 -264.255 -2.15536 196.413 
0.289043 0 0 -263.254 -2.21563 195.95 
0.228948 0 0 -261.707 -2.26625 195.336 
0.184494 0 0 -259.786 -2.29804 194.583 
0.149004 0 0 -257.644 -2.30314 193.744 
0.113528 0 0 -255.407 -2.28338 192.813 
0.0946389 0 0 -253.227 -2.2448 191.885 
0.0772425 0 0 -251.171 -2.19616 190.967 
0.0572644 0 0 -249.265 -2.14248 190.075 
0.0524011 0 0 -247.58 -2.08898 189.263 
0.0429241 0 0 -246.083 -2.03886 188.498 
0.0447918 0 0 -244.785 -1.99417 187.824 
0.0387458 0 0 -243.683 -1.95583 187.244 
0.0279837 0 0 -242.821 -1.92578 186.792 
0.0281824 0 0 -242.11 -1.90241 186.421 
0.0259252 0 0 -241.621 -1.88775 186.2 
0.0236318 0 0 -241.347 -1.88087 186.124 
0.0242387 0 0 -241.243 -1.8821 186.158 
0.0260518 0 0 -241.321 -1.89025 186.33 
0.0252421 0 0 -241.603 -1.90633 186.637 
0.0262308 0 0 -242.087 -1.93001 187.078 
0.0270856 0 0 -242.746 -1.95989 187.624 
0.0298321 0 0 -243.637 -1.99608 188.296 
0.029885 0 0 -244.723 -2.03695 189.049 
0.0379879 0 0 -245.989 -2.07867 189.857 
0.0456865 0 0 -247.471 -2.12119 190.722 
0.0413815 0 0 -249.118 -2.15862 191.591 
0.0604397 0 0 -250.998 -2.18857 192.501 
0.0733509 0 0 -253.006 -2.20555 193.366 
0.0834337 0 0 -255.135 -2.20706 194.173 
0.116832 0 0 -257.296 -2.1915 194.914 
0.143877 0 0 -259.431 -2.16217 195.558 
0.188907 0 0 -261.371 -2.1251 196.075 
0.230065 0 0 -262.967 -2.0991 196.448 
0.29317 0 0 -264.095 -2.08794 196.648 
0.307739 0 0 -264.542 -2.10545 196.646 
0.319751 0 0 -264.491 -2.13634 196.517 
0.318001 0 0 -264.139 -2.15056 196.415 
0.283814 0 0 -263.102 -2.18325 196.1 
0.22337 0 0 -261.507 -2.22253 195.6 
0.181947 0 0 -259.537 -2.25303 194.933 
0.125249 0 0 -257.416 -2.26634 194.206 
0.0914048 0 0 -255.227 -2.25815 193.388 
0.0902289 0 0 -253.039 -2.23454 192.493 
0.0669375 0 0 -250.991 -2.19805 191.605 
0.0582144 0 0 -249.125 -2.1535 190.728 
0.0453561 0 0 -247.444 -2.10514 189.881 
0.0417588 0 0 -245.938 -2.0574 189.071 
0.0329127 0 0 -244.654 -2.01252 188.336 
0.0307544 0 0 -243.577 -1.97267 187.68 
0.0287836 0 0 -242.672 -1.93897 187.111 
0.0239925 0 0 -242.02 -1.91299 186.689 
0.0263674 0 0 -241.519 -1.89354 186.352 
0.026222 0 0 -241.233 -1.8816 186.155 
0.0256451 0 0 -241.123 -1.87779 186.08 
0.0260988 0 0 -241.233 -1.88167 186.161 
0.026227 0 0 -241.529 -1.89366 186.362 
0.0283049 0 0 -242.01 -1.91262 186.685 
0.0283353 0 0 -242.707 -1.93939 187.139 
0.0289414 0 0 -243.567 -1.97247 187.679 
0.0369919 0 0 -244.665 -2.01234 188.339 
0.0387562 0 0 -245.933 -2.05727 189.066 
0.0472377 0 0 -247.425 -2.10455 189.87 
0.0480058 0 0 -249.14 -2.15315 190.74 
0.0615732 0 0 -250.983 -2.19737 191.583 
0.0873364 0 0 -253.045 -2.23515 192.497 
0.0927149 0 0 -255.191 -2.25873 193.363 
0.123397 0 0 -257.379 -2.26565 194.174 
0.165592 0 0 -259.518 -2.25262 194.919 
0.214436 0 0 -261.485 -2.22175 195.58 
0.267816 0 0 -263.097 -2.18223 196.096 
0.293831 0 0 -264.114 -2.14899 196.398 
0.307687 0 0 -264.48 -2.1389 196.511 
