9.89346 0 0 -57.4993 -1.5359 99.6477 
9.46151 0 0 -57.5634 -1.58663 99.4645 
8.20348 0 0 -57.7276 -1.72523 98.9299 
6.42489 0 0 -57.9614 -1.96009 97.9228 
4.46846 0 0 -58.2494 -2.24725 96.4416 
2.75196 0 0 -58.4784 -2.53256 94.3372 
1.50964 0 0 -58.5452 -2.71839 91.6529 
0.804301 0 0 -58.3789 -2.74722 88.4978 
0.434446 0 0 -58.0254 -2.63159 85.2444 
0.245466 0 0 -57.5742 -2.44297 82.1857 
0.152196 0 0 -57.0537 -2.23957 79.4119 
0.101365 0 0 -56.5539 -2.05161 77.0316 
0.0749581 0 0 -56.0887 -1.89471 75.0448 
0.0557784 0 0 -55.6804 -1.76713 73.4108 
0.0455535 0 0 -55.33 -1.66839 72.1057 
0.0409038 0 0 -55.0597 -1.59601 71.1329 
0.041029 0 0 -54.868 -1.546 70.4417 
0.0352107 0 0 -54.7525 -1.51717 70.0472 
0.0329222 0 0 -54.7117 -1.5072 69.9045 
0.0361541 0 0 -54.7395 -1.517 70.0304 
0.0373531 0 0 -54.8575 -1.54615 70.4401 
0.0442208 0 0 -55.0545 -1.59589 71.1214 
0.046201 0 0 -55.3329 -1.66798 72.1083 
0.0587097 0 0 -55.6758 -1.76759 73.4118 
0.0676077 0 0 -56.0868 -1.89457 75.0457 
0.104994 0 0 -56.5442 -2.05186 77.0183 
0.161064 0 0 -57.0572 -2.23924 79.4214 
0.252492 0 0 -57.5548 -2.44129 82.1588 
0.43443 0 0 -58.0359 -2.63111 85.2604 
0.79673 0 0 -58.3751 -2.74554 88.5038 
1.53015 0 0 -58.5269 -2.72024 91.6038 
2.72487 0 0 -58.4724 -2.53241 94.3345 
4.4611 0 0 -58.244 -2.24658 96.4398 
6.39503 0 0 -57.9724 -1.95466 97.9529 
8.18697 0 0 -57.7186 -1.72844 98.9114 
9.43242 0 0 -57.5659 -1.57762 99.498 
9.88823 0 0 -57.4959 -1.53929 99.6326 
9.44289 0 0 -57.5597 -1.58214 99.4779 
8.5681 0 0 -57.7563 -1.67211 99.1256 
6.999 0 0 -58.0405 -1.86381 98.3405 
5.09562 0 0 -58.4034 -2.12769 97.122 
3.28137 0 0 -58.7468 -2.42723 95.3324 
1.80852 0 0 -58.9595 -2.67695 92.919 
0.933126 0 0 -58.9489 -2.78619 89.9783 
0.472492 0 0 -58.6555 -2.73037 86.7033 
0.25629 0 0 -58.2122 -2.56438 83.5201 
0.156408 0 0 -57.6442 -2.35729 80.5519 
0.10307 0 0 -57.0821 -2.15671 77.9966 
0.0659882 0 0 -56.5515 -1.9817 75.8452 
0.0528209 0 0 -56.0516 -1.8361 74.0335 
0.044139 0 0 -55.6211 -1.7223 72.5952 
0.0368307 0 0 -55.2488 -1.63503 71.4585 
0.035215 0 0 -54.971 -1.5726 70.6356 
0.0306387 0 0 -54.7762 -1.53066 70.1078 
0.0336635 0 0 -54.6328 -1.50979 69.8224 
0.036168 0 0 -54.5908 -1.50683 69.821 
0.0337864 0 0 -54.6199 -1.52256 70.1002 
0.0388566 0 0 -54.7294 -1.55845 70.639 
0.0478429 0 0 -54.9105 -1.61573 71.4579 
0.056327 0 0 -55.155 -1.69767 72.5831 
0.0756292 0 0 -55.485 -1.80501 74.0298 
0.101792 0 0 -55.8714 -1.94237 75.828 
0.149016 0 0 -56.3226 -2.1086 78.0143 
0.230919 0 0 -56.7847 -2.29958 80.5479 
0.388352 0 0 -57.2357 -2.49758 83.4416 
0.669562 0 0 -57.6484 -2.66018 86.5962 
1.18972 0 0 -57.9249 -2.72326 89.819 
2.13076 0 0 -58.0132 -2.63949 92.7275 
3.5764 0 0 -57.9532 -2.41864 95.1939 
5.35645 0 0 -57.7843 -2.14031 97.0208 
7.20242 0 0 -57.612 -1.88214 98.2901 
8.67523 0 0 -57.4941 -1.6951 99.0676 
9.48207 0 0 -57.4773 -1.59182 99.4573 
9.45699 0 0 -57.5587 -1.58417 99.4697 
8.20568 0 0 -57.7288 -1.72764 98.9215 
7.00971 0 0 -58.0603 -1.85818 98.3733 
5.31713 0 0 -58.4629 -2.07775 97.3826 
3.55377 0 0 -58.8789 -2.35874 95.8523 
2.04688 0 0 -59.1915 -2.63229 93.6785 
1.03311 0 0 -59.297 -2.79641 90.9224 
0.511599 0 0 -59.1063 -2.79651 87.7547 
0.257746 0 0 -58.6656 -2.65951 84.4868 
0.14225 0 0 -58.104 -2.45956 81.4591 
0.0884861 0 0 -57.4905 -2.25119 78.7604 
0.0600648 0 0 -56.8703 -2.06299 76.4386 
0.0474118 0 0 -56.285 -1.90392 74.478 
0.0376752 0 0 -55.7813 -1.77652 72.9069 
0.0333335 0 0 -55.3206 -1.67555 71.6324 
0.0346635 0 0 -54.9481 -1.60013 70.6729 
0.0303056 0 0 -54.6441 -1.54702 69.9955 
0.029181 0 0 -54.4214 -1.51347 69.5892 
0.0288172 0 0 -54.2888 -1.49887 69.4587 
0.0327076 0 0 -54.2439 -1.50271 69.5949 
0.0352995 0 0 -54.2581 -1.52486 69.9729 
0.045376 0 0 -54.3485 -1.56707 70.6391 
0.0531782 0 0 -54.5162 -1.6304 71.5976 
0.069839 0 0 -54.771 -1.71742 72.8548 
0.093133 0 0 -55.0757 -1.83121 74.4404 
0.144581 0 0 -55.4441 -1.9747 76.3672 
0.204596 0 0 -55.8697 -2.14466 78.6742 
0.310229 0 0 -56.3171 -2.33513 81.3589 
0.531548 0 0 -56.7406 -2.52151 84.3338 
0.880292 0 0 -57.1134 -2.65862 87.4745 
1.53751 0 0 -57.3684 -2.68686 90.5931 
2.56756 0 0 -57.4729 -2.57804 93.3343 
4.0598 0 0 -57.4536 -2.36345 95.5324 
5.73867 0 0 -57.3962 -2.11664 97.1432 
7.28224 0 0 -57.3465 -1.89766 98.2385 
8.32696 0 0 -57.3794 -1.75221 98.8609 
8.69307 0 0 -57.4953 -1.69451 99.0707 
8.18232 0 0 -57.7186 -1.72521 98.9247 
6.40938 0 0 -57.9671 -1.9615 97.9185 
5.09622 0 0 -58.4079 -2.12354 97.1429 
3.52986 0 0 -58.8774 -2.35735 95.8588 
2.11573 0 0 -59.2783 -2.61296 93.947 
1.09648 0 0 -59.4699 -2.79593 91.4098 
0.524445 0 0 -59.3698 -2.8332 88.3836 
0.255618 0 0 -58.9868 -2.72708 85.1725 
0.132751 0 0 -58.4153 -2.53806 82.0725 
0.0801886 0 0 -57.7553 -2.32952 79.2809 
0.0535062 0 0 -57.0799 -2.13339 76.8452 
0.0424296 0 0 -56.4122 -1.96478 74.7611 
0.0344409 0 0 -55.8122 -1.82564 73.054 
0.0283581 0 0 -55.2715 -1.71392 71.6613 
0.0300673 0 0 -54.8046 -1.62745 70.5685 
0.0258576 0 0 -54.421 -1.56384 69.7741 
0.0221423 0 0 -54.1175 -1.51926 69.2445 
0.0284142 0 0 -53.8875 -1.49423 68.9685 
0.03312 0 0 -53.7409 -1.48553 68.9509 
0.0344073 0 0 -53.6756 -1.49409 69.1937 
0.0369009 0 0 -53.6919 -1.5205 69.6972 
0.0477868 0 0 -53.7908 -1.567 70.4834 
0.0641579 0 0 -53.9505 -1.63376 71.5391 
0.09021 0 0 -54.1867 -1.72431 72.9037 
0.118858 0 0 -54.4937 -1.84094 74.6045 
0.171464 0 0 -54.8646 -1.98588 76.653 
0.258916 0 0 -55.2742 -2.15586 79.0359 
0.402155 0 0 -55.7101 -2.34271 81.7814 
0.648459 0 0 -56.1285 -2.51767 84.7592 
1.06114 0 0 -56.5051 -2.63837 87.8562 
1.78368 0 0 -56.7691 -2.6574 90.7777 
2.8313 0 0 -56.9415 -2.55636 93.371 
4.15849 0 0 -57.0139 -2.37473 95.3654 
5.48983 0 0 -57.0835 -2.16724 96.8421 
6.6702 0 0 -57.1913 -1.99833 97.776 
7.29327 0 0 -57.3455 -1.90445 98.2067 
7.2022 0 0 -57.6168 -1.88369 98.2866 
6.43172 0 0 -57.9786 -1.95615 97.9498 
4.47879 0 0 -58.2399 -2.25217 96.4088 
3.23859 0 0 -58.7394 -2.42459 95.3471 
2.04444 0 0 -59.189 -2.63262 93.676 
1.09436 0 0 -59.4621 -2.79606 91.4045 
0.526757 0 0 -59.4663 -2.84437 88.6036 
0.249814 0 0 -59.1583 -2.76107 85.5177 
0.127764 0 0 -58.6108 -2.58841 82.4553 
0.0708657 0 0 -57.9313 -2.38601 79.6252 
0.0455833 0 0 -57.1986 -2.18867 77.0988 
0.0352308 0 0 -56.4707 -2.01493 74.9295 
0.0289199 0 0 -55.7848 -1.86842 73.112 
0.0254637 0 0 -55.1655 -1.74847 71.6095 
0.0259054 0 0 -54.5984 -1.65287 70.3884 
0.0226446 0 0 -54.1194 -1.57886 69.467 
0.0228942 0 0 -53.7392 -1.52502 68.8213 
0.0218267 0 0 -53.4237 -1.48864 68.4148 
0.0284601 0 0 -53.1916 -1.46889 68.2542 
0.0310854 0 0 -53.0477 -1.46531 68.3527 
0.0351547 0 0 -52.9744 -1.47776 68.6843 
0.0407994 0 0 -52.9881 -1.50709 69.2899 
0.0518087 0 0 -53.0857 -1.55483 70.1535 
0.0758099 0 0 -53.2398 -1.62316 71.2886 
0.0895177 0 0 -53.4843 -1.71486 72.7567 
0.137197 0 0 -53.7864 -1.83068 74.5158 
0.195798 0 0 -54.1532 -1.97328 76.6146 
0.293935 0 0 -54.5614 -2.14002 79.0329 
0.441195 0 0 -55.0053 -2.31876 81.767 
0.721539 0 0 -55.4454 -2.48769 84.704 
1.13468 0 0 -55.8383 -2.60585 87.6824 
1.79602 0 0 -56.1752 -2.63592 90.4791 
2.67858 0 0 -56.4378 -2.56736 92.9032 
3.77364 0 0 -56.6484 -2.43195 94.7576 
4.82082 0 0 -56.8402 -2.28461 96.045 
5.5599 0 0 -57.0849 -2.16975 96.8278 
5.72725 0 0 -57.3921 -2.11507 97.1491 
5.33488 0 0 -57.7817 -2.14221 97.0102 
4.46704 0 0 -58.2457 -2.24807 96.4324 
2.75103 0 0 -58.4623 -2.53361 94.3167 
1.80427 0 0 -58.9616 -2.67573 92.9385 
1.03488 0 0 -59.2843 -2.79762 90.9115 
0.524485 0 0 -59.3795 -2.83345 88.3852 
0.245933 0 0 -59.1541 -2.76029 85.515 
0.123894 0 0 -58.6686 -2.60578 82.578 
0.0671605 0 0 -58.0081 -2.4148 79.7845 
0.0411958 0 0 -57.2567 -2.22387 77.2375 
0.0299399 0 0 -56.4822 -2.04965 75.0127 
0.0246363 0 0 -55.7263 -1.90048 73.1061 
0.0222275 0 0 -55.0252 -1.77548 71.5127 
0.021524 0 0 -54.382 -1.67282 70.1859 
0.0206718 0 0 -53.8158 -1.59174 69.1519 
0.0198107 0 0 -53.3348 -1.52838 68.3665 
0.0202003 0 0 -52.9439 -1.48323 67.8428 
0.0230779 0 0 -52.6258 -1.45282 67.5457 
0.0254157 0 0 -52.3894 -1.43797 67.4792 
0.0290619 0 0 -52.2408 -1.43703 67.6523 
0.0372594 0 0 -52.175 -1.4521 68.0785 
0.043007 0 0 -52.1874 -1.48243 68.7406 
0.0550929 0 0 -52.2723 -1.53068 69.6599 
0.0724362 0 0 -52.448 -1.59822 70.8788 
0.113758 0 0 -52.6834 -1.68674 72.36 
0.152122 0 0 -52.99 -1.79948 74.1491 
0.218056 0 0 -53.3624 -1.93774 76.2597 
0.320374 0 0 -53.794 -2.09775 78.6721 
0.469438 0 0 -54.2588 -2.26979 81.3456 
0.717654 0 0 -54.7166 -2.43335 84.1514 
1.10239 0 0 -55.1727 -2.55864 86.9884 
1.63425 0 0 -55.5969 -2.61633 89.6166 
2.34002 0 0 -55.9653 -2.59466 91.8807 
3.0909 0 0 -56.2965 -2.52027 93.5809 
3.77577 0 0 -56.6522 -2.43042 94.7774 
4.153 0 0 -57.0184 -2.3734 95.3764 
4.05771 0 0 -57.4687 -2.36113 95.5581 
3.59236 0 0 -57.9482 -2.4201 95.1759 
2.74262 0 0 -58.4687 -2.53347 94.3209 
1.50596 0 0 -58.5473 -2.71842 91.6562 
0.928405 0 0 -58.9309 -2.78648 89.9641 
0.511287 0 0 -59.1072 -2.79665 87.7415 
0.253797 0 0 -58.9867 -2.7256 85.1608 
0.126359 0 0 -58.6054 -2.58833 82.4515 
0.0672028 0 0 -58.0052 -2.41509 79.782 
0.0431348 0 0 -57.2674 -2.23626 77.2781 
0.0274446 0 0 -56.4756 -2.06909 75.045 
0.0223149 0 0 -55.6717 -1.9205 73.0858 
0.0187213 0 0 -54.9057 -1.79354 71.4051 
0.0161684 0 0 -54.1906 -1.68774 70.0082 
0.0177905 0 0 -53.5395 -1.60046 68.8632 
0.0167041 0 0 -52.9781 -1.53063 67.9678 
0.0185255 0 0 -52.4843 -1.47605 67.3002 
0.0178896 0 0 -52.0929 -1.43715 66.8746 
0.0202237 0 0 -51.7735 -1.4117 66.6691 
0.0219831 0 0 -51.5415 -1.40001 66.6817 
0.0282057 0 0 -51.3891 -1.40114 66.9113 
0.0311366 0 0 -51.3275 -1.41691 67.3945 
0.0420331 0 0 -51.3448 -1.44776 68.1129 
0.0605297 0 0 -51.4299 -1.49419 69.0632 
0.0798304 0 0 -51.6093 -1.55866 70.2883 
0.105289 0 0 -51.8519 -1.6439 71.792 
0.149773 0 0 -52.1737 -1.7515 73.5784 
0.213686 0 0 -52.5555 -1.88126 75.6343 
0.306827 0 0 -52.9957 -2.03163 77.9607 
0.44718 0 0 -53.4801 -2.19511 80.5086 
0.666074 0 0 -53.9943 -2.35575 83.1612 
0.956431 0 0 -54.5055 -2.49152 85.8083 
1.38282 0 0 -55.0141 -2.57837 88.2321 
1.8638 0 0 -55.4978 -2.60891 90.2873 
2.32561 0 0 -55.9694 -2.59407 91.8855 
2.69018 0 0 -56.4304 -2.56924 92.866 
2.77108 0 0 -56.941 -2.55536 93.3824 
2.59646 0 0 -57.4805 -2.57861 93.3337 
2.09743 0 0 -58.027 -2.63723 92.7639 
1.49465 0 0 -58.5366 -2.71944 91.632 
0.793542 0 0 -58.3825 -2.74636 88.5009 
0.47139 0 0 -58.6432 -2.73099 86.6887 
0.260867 0 0 -58.6788 -2.6596 84.5045 
0.136179 0 0 -58.4218 -2.5385 82.0827 
0.0706909 0 0 -57.9413 -2.3861 79.6318 
0.043497 0 0 -57.2525 -2.22348 77.2316 
0.0262145 0 0 -56.4787 -2.06863 75.0439 
0.0209611 0 0 -55.6551 -1.92769 73.0804 
0.0191918 0 0 -54.8393 -1.80351 71.3567 
0.0174242 0 0 -54.0575 -1.69627 69.8782 
0.0167587 0 0 -53.3374 -1.60584 68.6489 
0.0158219 0 0 -52.6854 -1.53047 67.6368 
0.0149633 0 0 -52.1102 -1.46919 66.8525 
0.0177875 0 0 -51.6241 -1.42202 66.2885 
0.0203326 0 0 -51.2272 -1.38809 65.9459 
0.0208766 0 0 -50.9124 -1.36598 65.8029 
0.0267231 0 0 -50.6729 -1.3563 65.868 
0.030583 0 0 -50.5292 -1.35877 66.1524 
0.0364318 0 0 -50.4679 -1.37509 66.6685 
0.0381236 0 0 -50.4883 -1.40372 67.3993 
0.0634721 0 0 -50.5739 -1.44763 68.3568 
0.0770458 0 0 -50.7667 -1.50942 69.5889 
0.107719 0 0 -51.0208 -1.58862 71.0588 
0.144756 0 0 -51.3534 -1.68836 72.7906 
0.214177 0 0 -51.7554 -1.80855 74.7701 
0.288799 0 0 -52.2117 -1.94758 76.9593 
0.42133 0 0 -52.7215 -2.10012 79.3115 
0.578296 0 0 -53.2841 -2.25648 81.7899 
0.775982 0 0 -53.8571 -2.39697 84.2055 
1.07039 0 0 -54.4302 -2.50654 86.3842 
1.35846 0 0 -55.0097 -2.5786 88.2292 
1.64951 0 0 -55.601 -2.61571 89.6348 
1.76775 0 0 -56.1819 -2.63578 90.4981 
1.75244 0 0 -56.7809 -2.65728 90.8125 
1.53784 0 0 -57.3635 -2.68767 90.5695 
1.21035 0 0 -57.9146 -2.72425 89.7784 
0.796991 0 0 -58.387 -2.74608 88.5193 
0.437386 0 0 -58.0375 -2.63214 85.2682 
0.263653 0 0 -58.2063 -2.56363 83.4914 
0.144859 0 0 -58.12 -2.45928 81.4738 
0.0811292 0 0 -57.7632 -2.32987 79.2915 
0.0453854 0 0 -57.2004 -2.18903 77.1036 
0.0314346 0 0 -56.4841 -2.05002 75.0103 
0.0220058 0 0 -55.6841 -1.9213 73.0966 
0.0181702 0 0 -54.8494 -1.80336 71.3649 
0.0168725 0 0 -54.0158 -1.69919 69.8402 
0.0145493 0 0 -53.2161 -1.60744 68.5183 
0.0144743 0 0 -52.4988 -1.52978 67.4273 
0.0139526 0 0 -51.8483 -1.46409 66.5414 
0.016119 0 0 -51.2751 -1.4102 65.8497 
0.0145338 0 0 -50.789 -1.36791 65.3735 
0.0173096 0 0 -50.3816 -1.33732 65.076 
0.0208091 0 0 -50.072 -1.31789 64.9827 
0.0235859 0 0 -49.8393 -1.30954 65.0936 
0.0292436 0 0 -49.6901 -1.31234 65.3993 
0.0355851 0 0 -49.6298 -1.3272 65.9125 
0.0478594 0 0 -49.652 -1.35478 66.6408 
0.0617057 0 0 -49.7646 -1.39634 67.6048 
0.0784834 0 0 -49.9495 -1.45231 68.7865 
0.107794 0 0 -50.2095 -1.52421 70.1818 
0.136505 0 0 -50.5456 -1.61578 71.8145 
0.187969 0 0 -50.9664 -1.72515 73.6745 
0.253228 0 0 -51.4533 -1.8523 75.7193 
0.364196 0 0 -51.9938 -1.99212 77.8871 
0.460093 0 0 -52.5753 -2.13663 80.1001 
0.642433 0 0 -53.2021 -2.2757 82.2421 
0.792285 0 0 -53.8529 -2.39648 84.1917 
0.958269 0 0 -54.508 -2.49147 85.807 
1.08317 0 0 -55.1828 -2.55956 87.0065 
1.11045 0 0 -55.8488 -2.606 87.699 
1.05096 0 0 -56.5024 -2.63785 87.8691 
0.903564 0 0 -57.1153 -2.65922 87.4796 
0.657522 0 0 -57.6631 -2.65972 86.632 
0.423825 0 0 -58.0391 -2.63192 85.2702 
0.256048 0 0 -57.5665 -2.44299 82.1722 
0.152582 0 0 -57.6457 -2.35818 80.5647 
0.0906366 0 0 -57.4792 -2.25071 78.7368 
0.0545156 0 0 -57.0697 -2.13331 76.8298 
0.0344294 0 0 -56.4714 -2.01415 74.9281 
0.0246898 0 0 -55.7213 -1.90006 73.1029 
0.0173101 0 0 -54.9117 -1.79397 71.4223 
0.0165862 0 0 -54.0596 -1.69643 69.8818 
0.0134511 0 0 -53.2239 -1.60747 68.5285 
0.0134474 0 0 -52.431 -1.5293 67.3533 
0.0141136 0 0 -51.6967 -1.4602 66.3606 
0.0146427 0 0 -51.039 -1.40133 65.5598 
0.0146199 0 0 -50.4829 -1.35381 64.9664 
0.0153091 0 0 -49.9913 -1.31556 64.533 
0.0167016 0 0 -49.5869 -1.28734 64.285 
0.0190302 0 0 -49.2731 -1.26928 64.2242 
0.0232112 0 0 -49.0442 -1.26173 64.3489 
0.0279911 0 0 -48.9133 -1.26448 64.6713 
0.0305181 0 0 -48.8522 -1.27796 65.182 
0.0421771 0 0 -48.8718 -1.30268 65.8822 
0.0575452 0 0 -48.9934 -1.34074 66.8031 
0.076147 0 0 -49.1731 -1.3911 67.9072 
0.0897993 0 0 -49.45 -1.45737 69.2355 
0.126337 0 0 -49.7995 -1.53872 70.7553 
0.170722 0 0 -50.2316 -1.63678 72.4621 
0.202853 0 0 -50.7195 -1.7497 74.2936 
0.287965 0 0 -51.2883 -1.87447 76.2433 
0.36353 0 0 -51.9139 -2.00716 78.2224 
0.471944 0 0 -52.5759 -2.13713 80.0855 
0.576182 0 0 -53.2738 -2.2554 81.7653 
0.67209 0 0 -53.9924 -2.35563 83.1673 
0.732686 0 0 -54.7261 -2.43306 84.1617 
0.734072 0 0 -55.4483 -2.48709 84.6952 
0.647273 0 0 -56.1204 -2.51696 84.7415 
0.526215 0 0 -56.747 -2.5218 84.3302 
0.380777 0 0 -57.2537 -2.49771 83.4591 
0.246779 0 0 -57.5676 -2.4425 82.1817 
0.15289 0 0 -57.0488 -2.23846 79.4013 
0.0961179 0 0 -57.0979 -2.15738 78.0286 
0.0653293 0 0 -56.8591 -2.06262 76.4151 
0.0429253 0 0 -56.414 -1.96528 74.7642 
0.0282294 0 0 -55.7839 -1.8675 73.1058 
0.0216905 0 0 -55.0247 -1.77558 71.5046 
0.0203687 0 0 -54.1883 -1.688 70.0067 
0.0156039 0 0 -53.3374 -1.60543 68.6476 
0.0144682 0 0 -52.4988 -1.52961 67.4267 
0.0145714 0 0 -51.6906 -1.45972 66.3543 
0.0140659 0 0 -50.9668 -1.3987 65.4678 
0.0142773 0 0 -50.3133 -1.34565 64.7446 
0.0159661 0 0 -49.7487 -1.30173 64.1981 
0.017683 0 0 -49.2656 -1.26671 63.8136 
0.0190442 0 0 -48.857 -1.24035 63.5865 
0.0204843 0 0 -48.5633 -1.22373 63.5625 
0.0234956 0 0 -48.3222 -1.21569 63.674 
0.0330977 0 0 -48.1944 -1.21788 63.9911 
0.0379573 0 0 -48.1387 -1.22945 64.4728 
0.0421024 0 0 -48.1668 -1.25167 65.1396 
0.0554486 0 0 -48.2737 -1.28559 65.9769 
0.077263 0 0 -48.4762 -1.3317 67.0177 
0.0848674 0 0 -48.7501 -1.38984 68.2339 
0.117155 0 0 -49.1142 -1.46221 69.6263 
0.150712 0 0 -49.5472 -1.54866 71.1524 
0.187688 0 0 -50.0628 -1.64843 72.8086 
0.224251 0 0 -50.638 -1.75821 74.5177 
0.283984 0 0 -51.296 -1.87507 76.2546 
0.35519 0 0 -51.9924 -1.99128 77.8815 
0.422109 0 0 -52.7293 -2.10081 79.3326 
0.446324 0 0 -53.4846 -2.19544 80.4982 
0.456425 0 0 -54.2509 -2.27013 81.3518 
0.462435 0 0 -55.0052 -2.31857 81.76 
0.404772 0 0 -55.7039 -2.34081 81.7603 
0.313379 0 0 -56.3198 -2.33547 81.3635 
0.229001 0 0 -56.795 -2.29995 80.5565 
0.156874 0 0 -57.0507 -2.239 79.4149 
0.103607 0 0 -56.5492 -2.05271 77.0447 
0.0688791 0 0 -56.5408 -1.98165 75.8424 
0.0483042 0 0 -56.2859 -1.90365 74.4807 
0.0353753 0 0 -55.8065 -1.82527 73.0424 
0.0245875 0 0 -55.157 -1.74798 71.6032 
0.0206612 0 0 -54.381 -1.67269 70.1929 
0.017782 0 0 -53.5443 -1.60015 68.8674 
0.0145688 0 0 -52.6905 -1.53029 67.6429 
0.0138849 0 0 -51.8457 -1.46352 66.5347 
0.0131985 0 0 -51.045 -1.40157 65.5693 
0.0128338 0 0 -50.3164 -1.34544 64.748 
0.0146339 0 0 -49.6624 -1.297 64.08 
0.0153749 0 0 -49.089 -1.25542 63.566 
0.017488 0 0 -48.6124 -1.22235 63.2067 
0.0201805 0 0 -48.2142 -1.19712 63.0118 
0.0225121 0 0 -47.9013 -1.18049 62.9613 
0.0260382 0 0 -47.686 -1.17316 63.0845 
0.0322668 0 0 -47.5546 -1.17408 63.3696 
0.0392534 0 0 -47.4971 -1.18391 63.8067 
0.0455478 0 0 -47.5225 -1.20328 64.4113 
0.0583861 0 0 -47.652 -1.23345 65.2014 
0.0683277 0 0 -47.8428 -1.2737 66.1343 
0.07811 0 0 -48.1253 -1.32597 67.2293 
0.0995443 0 0 -48.5035 -1.38996 68.4901 
0.130366 0 0 -48.9435 -1.46551 69.8413 
0.146134 0 0 -49.4692 -1.553 71.3154 
0.182482 0 0 -50.0628 -1.64801 72.8111 
0.226893 0 0 -50.7241 -1.74912 74.2998 
0.24252 0 0 -51.4523 -1.85233 75.7246 
0.295679 0 0 -52.2138 -1.94806 76.9681 
0.300159 0 0 -52.9958 -2.03204 77.9714 
0.317536 0 0 -53.7872 -2.09676 78.6595 
0.286751 0 0 -54.5603 -2.1397 79.036 
0.254663 0 0 -55.2619 -2.15614 79.0351 
0.207004 0 0 -55.8673 -2.14472 78.6798 
0.148548 0 0 -56.3192 -2.10853 78.0067 
0.106346 0 0 -56.5464 -2.05226 77.0353 
0.0722265 0 0 -56.0944 -1.89438 75.0582 
0.0546685 0 0 -56.0499 -1.83636 74.0345 
0.0369763 0 0 -55.7719 -1.77575 72.8914 
0.0294625 0 0 -55.2761 -1.71378 71.6607 
0.0218575 0 0 -54.6064 -1.65292 70.4007 
0.019123 0 0 -53.8221 -1.59136 69.1527 
0.0173762 0 0 -52.9777 -1.53022 67.9635 
0.0154149 0 0 -52.1197 -1.46972 66.8657 
0.0148365 0 0 -51.2721 -1.40998 65.8475 
0.0152898 0 0 -50.4728 -1.35345 64.9537 
0.0132942 0 0 -49.7456 -1.30124 64.1986 
0.0145329 0 0 -49.0988 -1.25591 63.5747 
0.016342 0 0 -48.524 -1.21571 63.0808 
0.0182939 0 0 -48.0436 -1.18427 62.7323 
0.0197966 0 0 -47.6436 -1.1593 62.5222 
0.0233602 0 0 -47.3392 -1.14327 62.4703 
0.0264319 0 0 -47.1159 -1.13478 62.5641 
0.0332619 0 0 -46.9755 -1.1339 62.7995 
0.0343849 0 0 -46.9334 -1.14265 63.2027 
0.0439096 0 0 -46.9644 -1.15909 63.7405 
0.051828 0 0 -47.0849 -1.18523 64.4354 
0.0670425 0 0 -47.2983 -1.22135 65.2801 
0.0790252 0 0 -47.5779 -1.26701 66.2496 
0.0881116 0 0 -47.9549 -1.32352 67.3631 
0.10691 0 0 -48.4073 -1.38965 68.5657 
0.114499 0 0 -48.93 -1.46494 69.8297 
0.134318 0 0 -49.5516 -1.54922 71.1642 
0.164756 0 0 -50.2295 -1.63669 72.4604 
0.178128 0 0 -50.967 -1.72573 73.6847 
0.203772 0 0 -51.7534 -1.80845 74.7656 
0.212365 0 0 -52.5576 -1.88144 75.6375 
0.208734 0 0 -53.369 -1.93892 76.2785 
0.198134 0 0 -54.142 -1.97342 76.5989 
0.171448 0 0 -54.8553 -1.98527 76.6394 
0.127466 0 0 -55.4559 -1.97393 76.3853 
0.100625 0 0 -55.8774 -1.94186 75.8324 
0.077487 0 0 -56.0836 -1.89445 75.04 
0.0544003 0 0 -55.6724 -1.76731 73.4054 
0.0412754 0 0 -55.6136 -1.7221 72.5883 
0.0334641 0 0 -55.3265 -1.67586 71.6372 
0.0276977 0 0 -54.8177 -1.62794 70.5819 
0.0216071 0 0 -54.1332 -1.57964 69.4832 
0.0177514 0 0 -53.3423 -1.52876 68.3759 
0.0169948 0 0 -52.4975 -1.47661 67.3118 
0.0159242 0 0 -51.6273 -1.42234 66.2986 
0.0156138 0 0 -50.7797 -1.36785 65.3609 
0.0155763 0 0 -49.9973 -1.3158 64.5369 
0.0151568 0 0 -49.2611 -1.26634 63.814 
0.0158108 0 0 -48.6155 -1.22267 63.2157 
0.0184927 0 0 -48.0461 -1.18402 62.7367 
0.0235466 0 0 -47.5532 -1.1523 62.3731 
0.0245206 0 0 -47.1605 -1.12819 62.1602 
0.0258236 0 0 -46.8634 -1.11174 62.0916 
0.0307269 0 0 -46.6372 -1.10178 62.1425 
0.0334804 0 0 -46.5097 -1.10069 62.3429 
0.0361469 0 0 -46.453 -1.10644 62.6661 
0.0471114 0 0 -46.4973 -1.12095 63.1405 
0.0513055 0 0 -46.6159 -1.14351 63.7437 
0.0551619 0 0 -46.823 -1.17496 64.4761 
0.0712323 0 0 -47.1184 -1.21563 65.3354 
0.077627 0 0 -47.4978 -1.26503 66.3041 
0.0895398 0 0 -47.9539 -1.32356 67.3535 
0.102969 0 0 -48.4987 -1.38988 68.4816 
0.110968 0 0 -49.1109 -1.4621 69.6176 
0.134373 0 0 -49.8007 -1.53886 70.7525 
0.145878 0 0 -50.5542 -1.61608 71.8314 
0.145226 0 0 -51.3439 -1.68822 72.7735 
0.148303 0 0 -52.1691 -1.75127 73.5756 
0.145653 0 0 -52.9906 -1.79955 74.1561 
0.130963 0 0 -53.7812 -1.83094 74.5116 
0.117805 0 0 -54.4891 -1.84152 74.5974 
0.100908 0 0 -55.0769 -1.83173 74.4379 
0.0735319 0 0 -55.4968 -1.80572 74.0431 
0.0600158 0 0 -55.6649 -1.76707 73.3914 
0.0469731 0 0 -55.3228 -1.66911 72.1092 
0.0359113 0 0 -55.2611 -1.63497 71.4671 
0.0309076 0 0 -54.936 -1.60043 70.6654 
0.0240797 0 0 -54.4236 -1.56386 69.781 
0.0257176 0 0 -53.7253 -1.52484 68.8056 
0.0198736 0 0 -52.9446 -1.48287 67.8423 
0.0174768 0 0 -52.0886 -1.43676 66.8694 
0.0163456 0 0 -51.2233 -1.38768 65.9388 
0.0167107 0 0 -50.3815 -1.33739 65.0728 
0.0174362 0 0 -49.5887 -1.28742 64.2875 
0.0191609 0 0 -48.867 -1.24066 63.5922 
0.0218884 0 0 -48.2125 -1.19748 63.0035 
0.0244053 0 0 -47.6418 -1.15909 62.521 
0.0261708 0 0 -47.1714 -1.12861 62.176 
0.0248186 0 0 -46.7714 -1.10384 61.9272 
0.0303455 0 0 -46.4671 -1.08565 61.8168 
0.0300861 0 0 -46.2527 -1.07605 61.8338 
0.0373466 0 0 -46.1173 -1.07286 61.9621 
0.03899 0 0 -46.0707 -1.07666 62.2286 
0.0482475 0 0 -46.1018 -1.0885 62.6075 
0.055008 0 0 -46.2348 -1.10833 63.1247 
0.0559346 0 0 -46.4424 -1.13607 63.7571 
0.0589672 0 0 -46.7373 -1.17154 64.4979 
0.0656073 0 0 -47.1146 -1.21527 65.3375 
0.0735365 0 0 -47.5821 -1.26703 66.2533 
0.0791293 0 0 -48.1369 -1.32621 67.2435 
0.0925979 0 0 -48.7441 -1.38913 68.2217 
0.0942177 0 0 -49.4471 -1.45674 69.2239 
0.104504 0 0 -50.2091 -1.52479 70.1865 
0.113346 0 0 -51.014 -1.58831 71.045 
0.10271 0 0 -51.8595 -1.64444 71.7994 
0.106634 0 0 -52.6907 -1.68731 72.3717 
0.0936311 0 0 -53.4833 -1.71449 72.7442 
0.0833747 0 0 -54.1938 -1.72409 72.9089 
0.0746905 0 0 -54.76 -1.7172 72.8478 
0.0542387 0 0 -55.1658 -1.69729 72.5943 
0.0501416 0 0 -55.3281 -1.66818 72.1076 
0.0402712 0 0 -55.0692 -1.5956 71.1417 
0.0385998 0 0 -54.9637 -1.57241 70.625 
0.0287101 0 0 -54.6599 -1.54701 70.0095 
0.0270599 0 0 -54.1156 -1.51988 69.2441 
0.0223823 0 0 -53.4168 -1.48836 68.4019 
0.0202094 0 0 -52.6175 -1.45301 67.5381 
0.0205807 0 0 -51.7765 -1.41212 66.6712 
0.0199903 0 0 -50.9133 -1.3661 65.8045 
0.0229318 0 0 -50.0711 -1.31823 64.9852 
0.019573 0 0 -49.2761 -1.2694 64.2288 
0.0195315 0 0 -48.5607 -1.22362 63.5603 
0.0240133 0 0 -47.9074 -1.18085 62.9655 
0.0221863 0 0 -47.3398 -1.14305 62.4754 
0.0278033 0 0 -46.8558 -1.11109 62.0819 
0.0319795 0 0 -46.4708 -1.08655 61.8132 
0.0345301 0 0 -46.1595 -1.06743 61.6482 
0.0313697 0 0 -45.9447 -1.05581 61.6109 
0.0372787 0 0 -45.814 -1.05122 61.6836 
0.0474719 0 0 -45.7704 -1.05339 61.8739 
0.0479229 0 0 -45.8071 -1.06273 62.1768 
0.0487114 0 0 -45.9357 -1.0798 62.6001 
0.0500341 0 0 -46.146 -1.10412 63.1309 
0.0556436 0 0 -46.4387 -1.13566 63.755 
0.0552388 0 0 -46.8279 -1.1752 64.4869 
0.0647378 0 0 -47.2883 -1.22117 65.2698 
0.0678987 0 0 -47.84 -1.27384 66.1251 
0.0720542 0 0 -48.4725 -1.33128 67.0187 
0.0772093 0 0 -49.1815 -1.39195 67.9109 
0.0781307 0 0 -49.9555 -1.45257 68.7891 
0.0781877 0 0 -50.7625 -1.50923 69.5842 
0.0734298 0 0 -51.6112 -1.55938 70.301 
0.0729172 0 0 -52.453 -1.59841 70.8832 
0.0711791 0 0 -53.2363 -1.6229 71.2884 
0.0681311 0 0 -53.9402 -1.63282 71.5231 
0.0541175 0 0 -54.5185 -1.62968 71.5859 
0.045432 0 0 -54.9046 -1.61595 71.4533 
0.0371827 0 0 -55.0638 -1.59599 71.1363 
0.035927 0 0 -54.8657 -1.54507 70.4425 
0.0329759 0 0 -54.7599 -1.53112 70.0939 
0.0301934 0 0 -54.4354 -1.5138 69.603 
0.0259337 0 0 -53.8926 -1.49367 68.9778 
0.0233154 0 0 -53.1972 -1.46879 68.2596 
0.0214145 0 0 -52.4003 -1.43782 67.4931 
0.0220578 0 0 -51.5526 -1.39996 66.6897 
0.0247922 0 0 -50.6751 -1.35656 65.8684 
0.0228863 0 0 -49.8404 -1.30961 65.0941 
0.0241396 0 0 -49.0526 -1.26233 64.3559 
0.025405 0 0 -48.3314 -1.21566 63.6849 
0.0245721 0 0 -47.6807 -1.17252 63.0837 
0.0276905 0 0 -47.1123 -1.13427 62.5597 
0.0272293 0 0 -46.6423 -1.10205 62.1521 
0.0326466 0 0 -46.2536 -1.07584 61.8309 
0.032854 0 0 -45.9461 -1.05583 61.6129 
0.0396369 0 0 -45.7343 -1.04291 61.5098 
0.0401436 0 0 -45.5944 -1.03642 61.4992 
0.0414444 0 0 -45.5555 -1.03723 61.6196 
0.0455085 0 0 -45.5917 -1.04387 61.8351 
0.0507803 0 0 -45.7256 -1.05859 62.1681 
0.0454159 0 0 -45.9287 -1.08009 62.5954 
0.0551647 0 0 -46.237 -1.10855 63.1305 
0.0541856 0 0 -46.6249 -1.14361 63.7534 
0.0588323 0 0 -47.093 -1.18567 64.4374 
0.04839 0 0 -47.6399 -1.2333 65.1905 
0.0534557 0 0 -48.282 -1.28574 65.992 
0.0553727 0 0 -48.9915 -1.34051 66.8029 
0.060113 0 0 -49.7645 -1.39571 67.597 
0.0616406 0 0 -50.5788 -1.44807 68.3578 
0.0572591 0 0 -51.4287 -1.49398 69.0631 
0.0596867 0 0 -52.2768 -1.53047 69.6614 
0.0535383 0 0 -53.0677 -1.5549 70.1369 
0.0495919 0 0 -53.7888 -1.56611 70.4749 
0.0437644 0 0 -54.3505 -1.56663 70.6353 
0.0399004 0 0 -54.7212 -1.55857 70.6235 
0.037429 0 0 -54.8797 -1.54617 70.4593 
0.0376494 0 0 -54.7437 -1.51685 70.0318 
0.0324855 0 0 -54.6374 -1.50882 69.8225 
0.0278615 0 0 -54.2962 -1.49918 69.4659 
0.0284825 0 0 -53.7464 -1.48555 68.9568 
0.0302793 0 0 -53.0451 -1.46501 68.3462 
0.0283342 0 0 -52.2528 -1.43716 67.6657 
0.0289806 0 0 -51.3899 -1.40157 66.9175 
0.0281792 0 0 -50.5283 -1.35905 66.1563 
0.0276396 0 0 -49.6951 -1.31266 65.4037 
0.0287464 0 0 -48.9132 -1.26494 64.6707 
0.0316951 0 0 -48.1872 -1.21765 63.9804 
0.0300123 0 0 -47.5442 -1.1739 63.3553 
0.0287407 0 0 -46.9793 -1.13414 62.8093 
0.0336894 0 0 -46.5055 -1.10029 62.3391 
0.037783 0 0 -46.1195 -1.07278 61.9675 
0.039934 0 0 -45.8156 -1.05163 61.6844 
0.0384291 0 0 -45.5974 -1.03662 61.5037 
0.0424086 0 0 -45.4661 -1.02785 61.4304 
0.0472972 0 0 -45.4307 -1.02724 61.4669 
0.0429392 0 0 -45.4635 -1.0321 61.5952 
0.0444498 0 0 -45.5903 -1.04395 61.8351 
0.0458217 0 0 -45.8067 -1.06287 62.1787 
0.0506199 0 0 -46.1062 -1.08892 62.6107 
0.0461164 0 0 -46.4936 -1.12092 63.1395 
0.0461193 0 0 -46.9652 -1.15912 63.7405 
0.0442589 0 0 -47.5271 -1.20347 64.4151 
0.0437633 0 0 -48.1665 -1.25199 65.136 
0.04301 0 0 -48.8773 -1.30271 65.8842 
0.0469166 0 0 -49.6603 -1.35474 66.6551 
0.0447161 0 0 -50.4894 -1.40416 67.404 
0.0446164 0 0 -51.3419 -1.44759 68.1068 
0.0410014 0 0 -52.1874 -1.4824 68.7343 
0.0430174 0 0 -52.9826 -1.50695 69.2738 
0.0408477 0 0 -53.6887 -1.52027 69.6896 
0.0378946 0 0 -54.2536 -1.525 69.9705 
0.040138 0 0 -54.6146 -1.52277 70.0846 
0.0316133 0 0 -54.7493 -1.51699 70.0503 
0.0336496 0 0 -54.7123 -1.50758 69.9119 
0.0340141 0 0 -54.5883 -1.50614 69.8209 
0.0306799 0 0 -54.246 -1.5028 69.5949 
0.0337179 0 0 -53.6804 -1.49392 69.1914 
0.0346451 0 0 -52.9833 -1.47762 68.6902 
0.0366489 0 0 -52.1764 -1.45201 68.0715 
0.0320226 0 0 -51.3306 -1.41695 67.405 
0.0333971 0 0 -50.4677 -1.37468 66.6653 
0.0382939 0 0 -49.636 -1.32761 65.9183 
0.0359291 0 0 -48.8555 -1.27827 65.183 
0.0397588 0 0 -48.1375 -1.22998 64.4667 
0.0362025 0 0 -47.4903 -1.18351 63.7982 
0.0398944 0 0 -46.9322 -1.14226 63.1963 
0.0415264 0 0 -46.459 -1.10654 62.671 
0.0375452 0 0 -46.0692 -1.0766 62.2289 
0.0411854 0 0 -45.7672 -1.05388 61.8708 
0.0432292 0 0 -45.5528 -1.037 61.6169 
0.0433892 0 0 -45.4251 -1.02721 61.4645 
0.0418318 0 0 -45.3802 -1.0235 61.4113 
0.0455047 0 0 -45.4206 -1.02692 61.4557 
0.0382178 0 0 -45.5492 -1.03713 61.6127 
0.041016 0 0 -45.7697 -1.05345 61.8757 
0.039394 0 0 -46.0715 -1.07683 62.2317 
0.0422502 0 0 -46.4577 -1.10657 62.6705 
0.0386137 0 0 -46.9296 -1.14244 63.1949 
0.0379923 0 0 -47.4991 -1.18392 63.8072 
0.0335591 0 0 -48.1327 -1.22913 64.4679 
0.0350386 0 0 -48.8619 -1.27864 65.1869 
0.0374417 0 0 -49.6358 -1.32704 65.9186 
0.0312597 0 0 -50.4709 -1.37456 66.6692 
0.0352959 0 0 -51.3269 -1.41673 67.3928 
0.0335489 0 0 -52.1806 -1.45178 68.0783 
0.0362013 0 0 -52.971 -1.47719 68.6734 
0.0351229 0 0 -53.6722 -1.49409 69.1836 
0.0344488 0 0 -54.2303 -1.50227 69.5817 
0.0341947 0 0 -54.5827 -1.50676 69.8237 
0.0332265 0 0 -54.7097 -1.50748 69.9053 
