51.6589 0 0 0 14.6109 0 
50.5557 0 0 0 14.5948 0 
47.5246 0 0 0 14.3243 0 
42.5914 0 0 0 13.8665 0 
36.1634 0 0 0 13.2531 0 
28.6792 0 0 0 12.3093 0 
20.845 0 0 0 10.981 0 
13.6764 0 0 0 9.10688 0 
7.78601 0 0 0 6.95435 0 
3.9171 0 0 0 4.57865 0 
1.6592 0 0 0 2.45924 0 
0.610088 0 0 0 0.852556 0 
0.214535 0 0 0 -0.208365 0 
0.0692858 0 0 0 -0.815213 0 
0.0242026 0 0 0 -1.13055 0 
0.00744115 0 0 0 -1.28137 0 
0.0033327 0 0 0 -1.34934 0 
0.00188821 0 0 0 -1.37555 0 
0.00203031 0 0 0 -1.38354 0 
0.00137323 0 0 0 -1.37594 0 
0.00451106 0 0 0 -1.35039 0 
0.00932474 0 0 0 -1.2841 0 
0.0236116 0 0 0 -1.13233 0 
0.0741704 0 0 0 -0.816661 0 
0.222241 0 0 0 -0.209844 0 
0.628532 0 0 0 0.84254 0 
1.66046 0 0 0 2.45218 0 
3.86346 0 0 0 4.53918 0 
7.76267 0 0 0 6.92378 0 
13.6516 0 0 0 9.11706 0 
20.8471 0 0 0 11.0047 0 
28.6941 0 0 0 12.3059 0 
36.1594 0 0 0 13.2932 0 
42.6344 0 0 0 13.9153 0 
47.5036 0 0 0 14.3905 0 
50.5303 0 0 0 14.5624 0 
51.7105 0 0 0 14.6016 0 
50.566 0 0 0 14.5813 0 
48.5742 0 0 0 14.4084 0 
44.6102 0 0 0 14.175 0 
38.7941 0 0 0 13.7186 0 
31.9007 0 0 0 12.8687 0 
23.9388 0 0 0 11.7601 0 
16.4453 0 0 0 10.1667 0 
9.81784 0 0 0 8.05499 0 
5.10799 0 0 0 5.6695 0 
2.224 0 0 0 3.31703 0 
0.850524 0 0 0 1.38405 0 
0.289499 0 0 0 0.111606 0 
0.0921079 0 0 0 -0.662187 0 
0.0330172 0 0 0 -1.06523 0 
0.0114768 0 0 0 -1.26054 0 
0.00389588 0 0 0 -1.34501 0 
0.00186438 0 0 0 -1.37859 0 
0.001278 0 0 0 -1.38714 0 
0.00256033 0 0 0 -1.38453 0 
0.00165954 0 0 0 -1.36683 0 
0.0055832 0 0 0 -1.32337 0 
0.0130353 0 0 0 -1.21734 0 
0.0403326 0 0 0 -0.992861 0 
0.134344 0 0 0 -0.550689 0 
0.395773 0 0 0 0.244384 0 
1.06849 0 0 0 1.55661 0 
2.63572 0 0 0 3.37163 0 
5.63286 0 0 0 5.59477 0 
10.4035 0 0 0 7.8471 0 
16.8551 0 0 0 9.81935 0 
24.2882 0 0 0 11.4638 0 
31.8774 0 0 0 12.6296 0 
38.779 0 0 0 13.4974 0 
44.5098 0 0 0 14.0102 0 
48.459 0 0 0 14.4016 0 
50.5361 0 0 0 14.5619 0 
50.6426 0 0 0 14.5528 0 
47.5487 0 0 0 14.3692 0 
44.5061 0 0 0 14.197 0 
39.7855 0 0 0 13.7882 0 
33.4506 0 0 0 13.127 0 
26.0405 0 0 0 12.2271 0 
18.4483 0 0 0 10.8345 0 
11.4933 0 0 0 8.91122 0 
6.07618 0 0 0 6.53432 0 
2.73957 0 0 0 4.0429 0 
1.04446 0 0 0 1.88531 0 
0.344911 0 0 0 0.357017 0 
0.108346 0 0 0 -0.551558 0 
0.0304513 0 0 0 -1.03061 0 
0.0096687 0 0 0 -1.25843 0 
0.00399304 0 0 0 -1.35712 0 
0.00194611 0 0 0 -1.39136 0 
0.00119554 0 0 0 -1.39925 0 
0.00147862 0 0 0 -1.39601 0 
0.00137448 0 0 0 -1.38715 0 
0.00199223 0 0 0 -1.36272 0 
0.00568262 0 0 0 -1.30498 0 
0.0173434 0 0 0 -1.16898 0 
0.0591496 0 0 0 -0.882636 0 
0.194088 0 0 0 -0.322072 0 
0.578898 0 0 0 0.646443 0 
1.54535 0 0 0 2.13872 0 
3.56011 0 0 0 4.05854 0 
7.07478 0 0 0 6.25919 0 
12.3589 0 0 0 8.39795 0 
19.0723 0 0 0 10.196 0 
26.3403 0 0 0 11.6442 0 
33.4614 0 0 0 12.6932 0 
39.6654 0 0 0 13.4062 0 
44.494 0 0 0 13.9412 0 
47.4976 0 0 0 14.232 0 
48.5286 0 0 0 14.3681 0 
47.5072 0 0 0 14.3978 0 
42.5926 0 0 0 13.9454 0 
38.9051 0 0 0 13.6716 0 
33.4323 0 0 0 13.1974 0 
26.729 0 0 0 12.4233 0 
19.5146 0 0 0 11.1538 0 
12.5103 0 0 0 9.41313 0 
6.85628 0 0 0 7.18435 0 
3.09385 0 0 0 4.63457 0 
1.13921 0 0 0 2.29525 0 
0.364702 0 0 0 0.545794 0 
0.101895 0 0 0 -0.487892 0 
0.0308995 0 0 0 -1.02946 0 
0.00669661 0 0 0 -1.277 0 
0.00261944 0 0 0 -1.37634 0 
0.00118287 0 0 0 -1.40739 0 
0.000712878 0 0 0 -1.40895 0 
0.00107786 0 0 0 -1.40389 0 
0.00106507 0 0 0 -1.39615 0 
0.00186227 0 0 0 -1.38678 0 
0.00179557 0 0 0 -1.36191 0 
0.00522423 0 0 0 -1.29832 0 
0.0195608 0 0 0 -1.14525 0 
0.0691602 0 0 0 -0.812164 0 
0.228776 0 0 0 -0.175471 0 
0.707635 0 0 0 0.910686 0 
1.87028 0 0 0 2.49378 0 
4.1689 0 0 0 4.49082 0 
8.03412 0 0 0 6.59637 0 
13.4561 0 0 0 8.61212 0 
19.9529 0 0 0 10.3024 0 
26.8525 0 0 0 11.6421 0 
33.1824 0 0 0 12.602 0 
38.4943 0 0 0 13.324 0 
42.3948 0 0 0 13.6962 0 
44.3084 0 0 0 14.0166 0 
44.4267 0 0 0 14.0719 0 
42.6156 0 0 0 13.9846 0 
36.2093 0 0 0 13.3114 0 
31.7653 0 0 0 12.8878 0 
26.0466 0 0 0 12.2979 0 
19.4574 0 0 0 11.2164 0 
12.8684 0 0 0 9.63251 0 
7.19996 0 0 0 7.51918 0 
3.33039 0 0 0 4.98426 0 
1.18079 0 0 0 2.53911 0 
0.358344 0 0 0 0.67714 0 
0.0923957 0 0 0 -0.458589 0 
0.0241339 0 0 0 -1.04813 0 
0.00489897 0 0 0 -1.30466 0 
0.00125049 0 0 0 -1.40041 0 
0.000835708 0 0 0 -1.42085 0 
0.00107185 0 0 0 -1.41325 0 
0.00104772 0 0 0 -1.39948 0 
0.00126249 0 0 0 -1.38896 0 
0.000901176 0 0 0 -1.38344 0 
0.000920187 0 0 0 -1.37912 0 
0.000933168 0 0 0 -1.36174 0 
0.00416515 0 0 0 -1.30458 0 
0.0162032 0 0 0 -1.15027 0 
0.0716028 0 0 0 -0.806027 0 
0.242157 0 0 0 -0.133381 0 
0.745104 0 0 0 1.0013 0 
1.94303 0 0 0 2.63266 0 
4.34594 0 0 0 4.61197 0 
8.27667 0 0 0 6.67676 0 
13.4226 0 0 0 8.5907 0 
19.462 0 0 0 10.1881 0 
25.7374 0 0 0 11.3588 0 
31.2146 0 0 0 12.3223 0 
35.7131 0 0 0 12.9381 0 
38.5043 0 0 0 13.2958 0 
39.6641 0 0 0 13.4941 0 
38.7514 0 0 0 13.5375 0 
36.1749 0 0 0 13.3589 0 
28.6728 0 0 0 12.397 0 
24.0289 0 0 0 11.8143 0 
18.4346 0 0 0 10.8691 0 
12.5586 0 0 0 9.47375 0 
7.25085 0 0 0 7.55754 0 
3.38076 0 0 0 5.13731 0 
1.20122 0 0 0 2.70688 0 
0.342791 0 0 0 0.757146 0 
0.0810776 0 0 0 -0.451183 0 
0.0176643 0 0 0 -1.06795 0 
0.00283559 0 0 0 -1.32998 0 
0.00110806 0 0 0 -1.41944 0 
0.00130386 0 0 0 -1.42879 0 
0.00266417 0 0 0 -1.40923 0 
0.00163476 0 0 0 -1.38471 0 
0.0015233 0 0 0 -1.36556 0 
0.00196472 0 0 0 -1.35624 0 
0.00137293 0 0 0 -1.35699 0 
0.00122721 0 0 0 -1.36177 0 
0.000903697 0 0 0 -1.35681 0 
0.00131603 0 0 0 -1.31397 0 
0.0104203 0 0 0 -1.18068 0 
0.0540627 0 0 0 -0.857912 0 
0.201116 0 0 0 -0.20344 0 
0.681987 0 0 0 0.913608 0 
1.79438 0 0 0 2.50472 0 
4.09188 0 0 0 4.43723 0 
7.58999 0 0 0 6.42394 0 
12.3864 0 0 0 8.24734 0 
17.8257 0 0 0 9.71441 0 
23.1462 0 0 0 10.8953 0 
27.8535 0 0 0 11.7127 0 
31.2001 0 0 0 12.2985 0 
33.1533 0 0 0 12.6947 0 
33.421 0 0 0 12.7482 0 
31.899 0 0 0 12.6818 0 
28.6834 0 0 0 12.4156 0 
20.788 0 0 0 11.075 0 
16.4145 0 0 0 10.1885 0 
11.523 0 0 0 8.97463 0 
6.87085 0 0 0 7.22173 0 
3.30619 0 0 0 5.02984 0 
1.2135 0 0 0 2.73945 0 
0.345341 0 0 0 0.800859 0 
0.085404 0 0 0 -0.432406 0 
0.0155219 0 0 0 -1.07476 0 
0.00215578 0 0 0 -1.34676 0 
0.000397742 0 0 0 -1.43117 0 
0.000737162 0 0 0 -1.43178 0 
0.00116828 0 0 0 -1.40086 0 
0.00123013 0 0 0 -1.36416 0 
0.00135612 0 0 0 -1.33392 0 
0.00178416 0 0 0 -1.31546 0 
0.00131672 0 0 0 -1.31065 0 
0.00188359 0 0 0 -1.31822 0 
0.00129422 0 0 0 -1.33218 0 
0.00100452 0 0 0 -1.34206 0 
0.00131061 0 0 0 -1.3223 0 
0.00533799 0 0 0 -1.22277 0 
0.0304142 0 0 0 -0.94999 0 
0.146036 0 0 0 -0.373748 0 
0.495938 0 0 0 0.646724 0 
1.42574 0 0 0 2.15066 0 
3.37026 0 0 0 3.96838 0 
6.44251 0 0 0 5.86489 0 
10.453 0 0 0 7.59249 0 
14.9202 0 0 0 9.04617 0 
19.4197 0 0 0 10.1704 0 
23.1444 0 0 0 10.9142 0 
25.5799 0 0 0 11.4652 0 
26.7471 0 0 0 11.735 0 
26.2781 0 0 0 11.7017 0 
24.3042 0 0 0 11.5111 0 
20.871 0 0 0 11.0595 0 
13.6006 0 0 0 9.27345 0 
9.80852 0 0 0 8.17641 0 
6.09824 0 0 0 6.60849 0 
3.06548 0 0 0 4.73222 0 
1.20412 0 0 0 2.62183 0 
0.355001 0 0 0 0.807257 0 
0.0790908 0 0 0 -0.405717 0 
0.0148601 0 0 0 -1.06309 0 
0.00226609 0 0 0 -1.34652 0 
0.000153805 0 0 0 -1.43469 0 
0.000678576 0 0 0 -1.43124 0 
0.00101372 0 0 0 -1.39238 0 
0.000800926 0 0 0 -1.34473 0 
0.000776498 0 0 0 -1.30365 0 
0.00111197 0 0 0 -1.27343 0 
0.00157653 0 0 0 -1.25803 0 
0.00152047 0 0 0 -1.25758 0 
0.00104112 0 0 0 -1.27082 0 
0.00112625 0 0 0 -1.29369 0 
0.00155957 0 0 0 -1.3169 0 
0.000760207 0 0 0 -1.31957 0 
0.00233856 0 0 0 -1.26069 0 
0.0170425 0 0 0 -1.06598 0 
0.0780694 0 0 0 -0.611591 0 
0.312317 0 0 0 0.251028 0 
0.979899 0 0 0 1.5669 0 
2.41742 0 0 0 3.23594 0 
4.75949 0 0 0 4.99227 0 
7.96119 0 0 0 6.64151 0 
11.4968 0 0 0 8.02098 0 
14.9692 0 0 0 9.09289 0 
17.6702 0 0 0 9.8014 0 
19.4596 0 0 0 10.2222 0 
19.948 0 0 0 10.4282 0 
18.9725 0 0 0 10.3325 0 
16.7772 0 0 0 9.95589 0 
13.6167 0 0 0 9.27765 0 
7.8236 0 0 0 7.02625 0 
5.06065 0 0 0 5.79442 0 
2.73298 0 0 0 4.1617 0 
1.14702 0 0 0 2.37982 0 
0.380059 0 0 0 0.778561 0 
0.0960113 0 0 0 -0.373412 0 
0.0210175 0 0 0 -1.02799 0 
0.00290616 0 0 0 -1.33092 0 
0.0003415 0 0 0 -1.43005 0 
0.000460707 0 0 0 -1.42917 0 
0.00187938 0 0 0 -1.387 0 
0.00108264 0 0 0 -1.33273 0 
0.00094331 0 0 0 -1.28092 0 
0.00123189 0 0 0 -1.23977 0 
0.00102872 0 0 0 -1.21197 0 
0.00242957 0 0 0 -1.19987 0 
0.00181074 0 0 0 -1.20246 0 
0.0010444 0 0 0 -1.21959 0 
0.0021726 0 0 0 -1.24758 0 
0.000683717 0 0 0 -1.28134 0 
0.000280027 0 0 0 -1.30367 0 
0.000920059 0 0 0 -1.28528 0 
0.00768707 0 0 0 -1.16743 0 
0.0382939 0 0 0 -0.84594 0 
0.157021 0 0 0 -0.1969 0 
0.546495 0 0 0 0.857087 0 
1.47174 0 0 0 2.28016 0 
3.06864 0 0 0 3.86669 0 
5.2911 0 0 0 5.38888 0 
7.99518 0 0 0 6.67576 0 
10.3815 0 0 0 7.67561 0 
12.3702 0 0 0 8.33088 0 
13.4591 0 0 0 8.70311 0 
13.4964 0 0 0 8.74311 0 
12.3743 0 0 0 8.5338 0 
10.4142 0 0 0 7.96905 0 
7.8437 0 0 0 7.05024 0 
3.87013 0 0 0 4.70968 0 
2.25855 0 0 0 3.43861 0 
1.0609 0 0 0 2.00966 0 
0.381424 0 0 0 0.683439 0 
0.114345 0 0 0 -0.341738 0 
0.0259396 0 0 0 -0.978839 0 
0.00437123 0 0 0 -1.29534 0 
0.000692075 0 0 0 -1.4144 0 
0.000805008 0 0 0 -1.42571 0 
0.00102912 0 0 0 -1.38634 0 
0.000812352 0 0 0 -1.32911 0 
0.00072933 0 0 0 -1.27087 0 
0.00109788 0 0 0 -1.21967 0 
0.00115198 0 0 0 -1.18063 0 
0.00237324 0 0 0 -1.15524 0 
0.00137255 0 0 0 -1.14402 0 
0.00159514 0 0 0 -1.14889 0 
0.00104408 0 0 0 -1.16784 0 
0.00206772 0 0 0 -1.19941 0 
0.00100723 0 0 0 -1.23815 0 
0.000975262 0 0 0 -1.27541 0 
0.000604859 0 0 0 -1.28835 0 
0.00248796 0 0 0 -1.23658 0 
0.0150562 0 0 0 -1.05052 0 
0.0653193 0 0 0 -0.624612 0 
0.253127 0 0 0 0.142342 0 
0.728006 0 0 0 1.25109 0 
1.68759 0 0 0 2.56542 0 
3.06527 0 0 0 3.897 0 
4.74444 0 0 0 5.03196 0 
6.40279 0 0 0 5.95201 0 
7.62808 0 0 0 6.50849 0 
8.30122 0 0 0 6.79972 0 
8.02265 0 0 0 6.76917 0 
7.07108 0 0 0 6.40383 0 
5.6274 0 0 0 5.7233 0 
3.90915 0 0 0 4.70087 0 
1.69007 0 0 0 2.61994 0 
0.892391 0 0 0 1.55907 0 
0.384984 0 0 0 0.518805 0 
0.134846 0 0 0 -0.33322 0 
0.0355753 0 0 0 -0.918106 0 
0.00610302 0 0 0 -1.24397 0 
0.000536116 0 0 0 -1.38594 0 
0.000721765 0 0 0 -1.41636 0 
0.000695135 0 0 0 -1.38841 0 
0.000406383 0 0 0 -1.33475 0 
0.000812707 0 0 0 -1.27297 0 
0.00101343 0 0 0 -1.21534 0 
0.00186866 0 0 0 -1.16649 0 
0.00132113 0 0 0 -1.12946 0 
0.0013376 0 0 0 -1.10526 0 
0.00112879 0 0 0 -1.09552 0 
0.0007994 0 0 0 -1.09964 0 
0.000801734 0 0 0 -1.11857 0 
0.000731109 0 0 0 -1.15018 0 
0.00198373 0 0 0 -1.19194 0 
0.000809243 0 0 0 -1.23705 0 
0.000170755 0 0 0 -1.27207 0 
0.000815442 0 0 0 -1.26958 0 
0.00356491 0 0 0 -1.18396 0 
0.0198999 0 0 0 -0.944185 0 
0.0910909 0 0 0 -0.470688 0 
0.289275 0 0 0 0.280228 0 
0.747692 0 0 0 1.26449 0 
1.46008 0 0 0 2.31797 0 
2.36837 0 0 0 3.28149 0 
3.35323 0 0 0 4.06478 0 
4.05094 0 0 0 4.55886 0 
4.38708 0 0 0 4.72745 0 
4.22091 0 0 0 4.59944 0 
3.55854 0 0 0 4.21385 0 
2.65891 0 0 0 3.52759 0 
1.67983 0 0 0 2.60967 0 
0.677855 0 0 0 1.02564 0 
0.332365 0 0 0 0.296676 0 
0.135359 0 0 0 -0.364722 0 
0.0422744 0 0 0 -0.859533 0 
0.0113629 0 0 0 -1.17753 0 
0.00117895 0 0 0 -1.34118 0 
0.000301169 0 0 0 -1.39767 0 
0.000242469 0 0 0 -1.38847 0 
0.00126767 0 0 0 -1.34517 0 
0.000935349 0 0 0 -1.28656 0 
0.000309007 0 0 0 -1.22609 0 
0.000719967 0 0 0 -1.16961 0 
0.0024126 0 0 0 -1.12343 0 
0.00149969 0 0 0 -1.08776 0 
0.000326225 0 0 0 -1.06442 0 
0.00108641 0 0 0 -1.05418 0 
0.000575517 0 0 0 -1.05712 0 
0.00139712 0 0 0 -1.07404 0 
0.00217429 0 0 0 -1.10446 0 
0.00133265 0 0 0 -1.14496 0 
0.000412166 0 0 0 -1.19286 0 
4.24332e-05 0 0 0 -1.23962 0 
0.000526482 0 0 0 -1.26948 0 
0.000582893 0 0 0 -1.25441 0 
0.00449083 0 0 0 -1.15099 0 
0.0282586 0 0 0 -0.906336 0 
0.0944063 0 0 0 -0.472029 0 
0.258205 0 0 0 0.159808 0 
0.552244 0 0 0 0.90031 0 
0.979907 0 0 0 1.63724 0 
1.46616 0 0 0 2.22381 0 
1.82021 0 0 0 2.60637 0 
1.95479 0 0 0 2.75112 0 
1.87816 0 0 0 2.63703 0 
1.55206 0 0 0 2.27593 0 
1.12025 0 0 0 1.7194 0 
0.668228 0 0 0 1.02519 0 
0.266937 0 0 0 -0.00672161 0 
0.125529 0 0 0 -0.451043 0 
0.054437 0 0 0 -0.832911 0 
0.019732 0 0 0 -1.11449 0 
0.00420352 0 0 0 -1.28459 0 
0.000833196 0 0 0 -1.36548 0 
0.000236349 0 0 0 -1.38108 0 
0.000263283 0 0 0 -1.35522 0 
0.00109104 0 0 0 -1.30662 0 
0.00146368 0 0 0 -1.24802 0 
0.000919994 0 0 0 -1.18944 0 
0.00106005 0 0 0 -1.13571 0 
0.00183424 0 0 0 -1.09041 0 
0.00056176 0 0 0 -1.05488 0 
0.000268609 0 0 0 -1.03203 0 
0.00162733 0 0 0 -1.02138 0 
0.0012939 0 0 0 -1.0223 0 
0.000524753 0 0 0 -1.03659 0 
0.000310762 0 0 0 -1.06262 0 
0.000988862 0 0 0 -1.10059 0 
0.000789898 0 0 0 -1.14725 0 
0.00110425 0 0 0 -1.19829 0 
0.00111334 0 0 0 -1.24462 0 
0.000526849 0 0 0 -1.26979 0 
0.00111654 0 0 0 -1.2504 0 
0.00509519 0 0 0 -1.15292 0 
0.0231641 0 0 0 -0.94357 0 
0.0717289 0 0 0 -0.610518 0 
0.166979 0 0 0 -0.167778 0 
0.318612 0 0 0 0.306908 0 
0.505379 0 0 0 0.726963 0 
0.675426 0 0 0 1.01906 0 
0.769272 0 0 0 1.1324 0 
0.737757 0 0 0 1.0597 0 
0.600083 0 0 0 0.817123 0 
0.442879 0 0 0 0.444842 0 
0.268643 0 0 0 -0.0103871 0 
0.111071 0 0 0 -0.598805 0 
0.0577407 0 0 0 -0.846151 0 
0.0252715 0 0 0 -1.06175 0 
0.00935817 0 0 0 -1.22179 0 
0.00323777 0 0 0 -1.31924 0 
0.000161299 0 0 0 -1.36057 0 
0.000353288 0 0 0 -1.35873 0 
0.000912206 0 0 0 -1.32681 0 
0.00042521 0 0 0 -1.27774 0 
0.00112771 0 0 0 -1.22136 0 
0.00129528 0 0 0 -1.16468 0 
0.000621959 0 0 0 -1.11248 0 
0.000794543 0 0 0 -1.06835 0 
0.00060683 0 0 0 -1.03276 0 
0.00101249 0 0 0 -1.00832 0 
0.00141808 0 0 0 -0.996007 0 
0.00108512 0 0 0 -0.994225 0 
0.000583568 0 0 0 -1.00497 0 
0.000775589 0 0 0 -1.02752 0 
0.000233325 0 0 0 -1.06008 0 
0.000652399 0 0 0 -1.10337 0 
0.00129767 0 0 0 -1.1533 0 
0.000641008 0 0 0 -1.20572 0 
0.000569874 0 0 0 -1.2513 0 
0.000443005 0 0 0 -1.27693 0 
0.00142343 0 0 0 -1.26428 0 
0.00446425 0 0 0 -1.19243 0 
0.0136931 0 0 0 -1.04654 0 
0.0418518 0 0 0 -0.826957 0 
0.0875571 0 0 0 -0.559478 0 
0.148963 0 0 0 -0.303145 0 
0.213605 0 0 0 -0.101802 0 
0.25906 0 0 0 -0.00432058 0 
0.267709 0 0 0 -0.0199828 0 
0.229812 0 0 0 -0.13955 0 
0.171061 0 0 0 -0.34585 0 
0.108939 0 0 0 -0.598295 0 
0.048767 0 0 0 -0.907977 0 
0.0310157 0 0 0 -1.04406 0 
0.0130484 0 0 0 -1.16783 0 
0.0057425 0 0 0 -1.26465 0 
0.000841425 0 0 0 -1.32454 0 
0.00014411 0 0 0 -1.34853 0 
0.000859267 0 0 0 -1.3401 0 
0.000980462 0 0 0 -1.30821 0 
0.00074177 0 0 0 -1.2614 0 
0.00182842 0 0 0 -1.20712 0 
0.00117244 0 0 0 -1.15206 0 
0.000141498 0 0 0 -1.1004 0 
0.000936109 0 0 0 -1.05603 0 
0.000583523 0 0 0 -1.02041 0 
0.000959161 0 0 0 -0.994614 0 
0.00032751 0 0 0 -0.979085 0 
0.000229293 0 0 0 -0.974448 0 
0.00185636 0 0 0 -0.980763 0 
0.000542249 0 0 0 -0.997619 0 
0.000734597 0 0 0 -1.02517 0 
0.000598065 0 0 0 -1.06326 0 
0.000470417 0 0 0 -1.1095 0 
0.00103244 0 0 0 -1.16159 0 
0.00197291 0 0 0 -1.21389 0 
0.000263555 0 0 0 -1.25981 0 
0.000750312 0 0 0 -1.28938 0 
0.000270914 0 0 0 -1.28968 0 
0.00195443 0 0 0 -1.24953 0 
0.00749398 0 0 0 -1.16442 0 
0.0194304 0 0 0 -1.03747 0 
0.0365713 0 0 0 -0.895315 0 
0.0574289 0 0 0 -0.765871 0 
0.0845326 0 0 0 -0.678607 0 
0.10187 0 0 0 -0.655792 0 
0.087821 0 0 0 -0.689145 0 
0.0712092 0 0 0 -0.785336 0 
0.0486123 0 0 0 -0.908353 0 
0.0283125 0 0 0 -1.06373 0 
0.0198607 0 0 0 -1.13685 0 
0.0103128 0 0 0 -1.21289 0 
0.00377216 0 0 0 -1.27681 0 
0.00143342 0 0 0 -1.32084 0 
6.67652e-05 0 0 0 -1.33815 0 
6.8261e-05 0 0 0 -1.3301 0 
0.00082324 0 0 0 -1.30062 0 
0.000671897 0 0 0 -1.25614 0 
0.00123553 0 0 0 -1.20449 0 
0.00101117 0 0 0 -1.15024 0 
0.000642224 0 0 0 -1.09896 0 
0.000634419 0 0 0 -1.05425 0 
0.00107946 0 0 0 -1.01681 0 
0.000993609 0 0 0 -0.988449 0 
0.000271691 0 0 0 -0.969111 0 
0.00120714 0 0 0 -0.960966 0 
0.000521926 0 0 0 -0.9623 0 
0.00163315 0 0 0 -0.974341 0 
0.000546552 0 0 0 -0.996413 0 
0.00240035 0 0 0 -1.02893 0 
0.00140677 0 0 0 -1.06927 0 
0.00115131 0 0 0 -1.11729 0 
0.000399854 0 0 0 -1.16989 0 
0.000501778 0 0 0 -1.22339 0 
0.000471838 0 0 0 -1.27041 0 
0.0002216 0 0 0 -1.30409 0 
0.000313126 0 0 0 -1.31625 0 
0.000364418 0 0 0 -1.2998 0 
0.00350515 0 0 0 -1.25349 0 
0.00873964 0 0 0 -1.18347 0 
0.0178306 0 0 0 -1.10525 0 
0.0295101 0 0 0 -1.03511 0 
0.0333112 0 0 0 -0.990392 0 
0.0361275 0 0 0 -0.979405 0 
0.0357514 0 0 0 -1.00905 0 
0.0267465 0 0 0 -1.06341 0 
0.0190129 0 0 0 -1.13574 0 
0.0137904 0 0 0 -1.17677 0 
0.00758423 0 0 0 -1.22707 0 
0.00321476 0 0 0 -1.27764 0 
0.000969955 0 0 0 -1.31571 0 
0.000167564 0 0 0 -1.33323 0 
0.000257405 0 0 0 -1.32829 0 
0.000581715 0 0 0 -1.30306 0 
0.000827021 0 0 0 -1.26246 0 
0.00214581 0 0 0 -1.21287 0 
0.000387806 0 0 0 -1.15954 0 
0.00152074 0 0 0 -1.10838 0 
0.000107064 0 0 0 -1.06151 0 
0.000121144 0 0 0 -1.0215 0 
0.000351481 0 0 0 -0.990084 0 
0.00188806 0 0 0 -0.967856 0 
0.00064298 0 0 0 -0.955223 0 
0.000765495 0 0 0 -0.951629 0 
0.00155307 0 0 0 -0.958388 0 
0.00135716 0 0 0 -0.974642 0 
0.00163527 0 0 0 -1.00036 0 
0.000134155 0 0 0 -1.03473 0 
0.000426814 0 0 0 -1.07789 0 
0.000529506 0 0 0 -1.12681 0 
0.00111746 0 0 0 -1.18045 0 
0.000777164 0 0 0 -1.23296 0 
0.000555746 0 0 0 -1.28095 0 
0.00062235 0 0 0 -1.31717 0 
0.000388575 0 0 0 -1.33514 0 
0.000627696 0 0 0 -1.33041 0 
0.00137336 0 0 0 -1.30203 0 
0.00461999 0 0 0 -1.25643 0 
0.0098434 0 0 0 -1.202 0 
0.0164781 0 0 0 -1.15473 0 
0.0180949 0 0 0 -1.12174 0 
0.0195703 0 0 0 -1.11671 0 
0.0196631 0 0 0 -1.13756 0 
0.0148763 0 0 0 -1.16694 0 
0.0119228 0 0 0 -1.18937 0 
0.00702905 0 0 0 -1.22745 0 
0.00317938 0 0 0 -1.27207 0 
0.0018559 0 0 0 -1.31029 0 
0.000477783 0 0 0 -1.33255 0 
0.000232957 0 0 0 -1.33394 0 
0.000762105 0 0 0 -1.31514 0 
0.000808273 0 0 0 -1.27863 0 
0.000700645 0 0 0 -1.23216 0 
0.000866775 0 0 0 -1.1799 0 
0.000731048 0 0 0 -1.12749 0 
0.00134217 0 0 0 -1.07863 0 
0.000815681 0 0 0 -1.03568 0 
0.000805239 0 0 0 -1.00029 0 
0.000426992 0 0 0 -0.973602 0 
0.000968905 0 0 0 -0.955521 0 
0.000336352 0 0 0 -0.947957 0 
0.000797904 0 0 0 -0.948818 0 
0.000547307 0 0 0 -0.959089 0 
0.00092656 0 0 0 -0.979021 0 
0.000357782 0 0 0 -1.00729 0 
0.000863107 0 0 0 -1.04424 0 
0.00171776 0 0 0 -1.08895 0 
0.0014575 0 0 0 -1.13945 0 
0.000437056 0 0 0 -1.19277 0 
0.000998756 0 0 0 -1.2448 0 
0.00164748 0 0 0 -1.29177 0 
0.000354452 0 0 0 -1.32601 0 
0.000297063 0 0 0 -1.34294 0 
0.000658011 0 0 0 -1.33877 0 
0.00114661 0 0 0 -1.31336 0 
0.00313395 0 0 0 -1.27332 0 
0.00810866 0 0 0 -1.22767 0 
0.0120124 0 0 0 -1.1886 0 
0.0136093 0 0 0 -1.16705 0 
0.0119556 0 0 0 -1.16629 0 
0.0125215 0 0 0 -1.17454 0 
0.0111547 0 0 0 -1.18658 0 
0.00779854 0 0 0 -1.21681 0 
0.00620356 0 0 0 -1.25927 0 
0.0017597 0 0 0 -1.29995 0 
0.000305051 0 0 0 -1.32993 0 
2.94525e-05 0 0 0 -1.34127 0 
0.000310541 0 0 0 -1.3312 0 
0.00123705 0 0 0 -1.30249 0 
0.000577099 0 0 0 -1.25949 0 
0.00020634 0 0 0 -1.20954 0 
0.00149102 0 0 0 -1.15637 0 
0.00140569 0 0 0 -1.10508 0 
0.000805775 0 0 0 -1.05853 0 
0.00182934 0 0 0 -1.01881 0 
0.000374709 0 0 0 -0.986576 0 
0.00044081 0 0 0 -0.963848 0 
0.000754943 0 0 0 -0.950199 0 
0.000852436 0 0 0 -0.945342 0 
0.000284305 0 0 0 -0.950062 0 
0.000798366 0 0 0 -0.963704 0 
0.000396856 0 0 0 -0.98726 0 
0.000258529 0 0 0 -1.01831 0 
0.000778139 0 0 0 -1.05817 0 
0.000846523 0 0 0 -1.10465 0 
0.00114632 0 0 0 -1.15644 0 
0.00166176 0 0 0 -1.20933 0 
0.000574375 0 0 0 -1.25985 0 
0.000633044 0 0 0 -1.30214 0 
0.000366312 0 0 0 -1.33099 0 
0.000212973 0 0 0 -1.34119 0 
0.000862031 0 0 0 -1.33002 0 
0.00204886 0 0 0 -1.30058 0 
0.00549096 0 0 0 -1.25914 0 
0.00878102 0 0 0 -1.21732 0 
0.0108672 0 0 0 -1.18617 0 
0.0118736 0 0 0 -1.17632 0 
