55.1788 0 0 26.7619 17.212 -52.0189 
53.9809 0 0 26.7148 17.1792 -52.0145 
50.8672 0 0 26.5511 16.9085 -52.0085 
45.6958 0 0 26.295 16.5262 -52.0134 
39.1597 0 0 25.9434 15.8098 -52.0442 
31.2767 0 0 25.44 14.8808 -52.0717 
23.1082 0 0 24.8711 13.5584 -52.1761 
15.5093 0 0 24.1955 11.75 -52.3387 
9.12518 0 0 23.4985 9.50682 -52.6184 
4.55146 0 0 22.8474 7.05653 -53.0222 
1.87356 0 0 22.3064 4.64914 -53.5386 
0.585127 0 0 21.9665 2.60304 -54.1297 
0.120174 0 0 21.8225 1.05978 -54.7281 
0.0550347 0 0 21.7925 0.0112562 -55.2982 
0.114185 0 0 21.8845 -0.653166 -55.7841 
0.195663 0 0 21.9839 -1.04716 -56.1734 
0.262246 0 0 22.11 -1.2742 -56.4635 
0.301842 0 0 22.1866 -1.38795 -56.6388 
0.321612 0 0 22.2103 -1.4226 -56.6923 
0.301823 0 0 22.1771 -1.38968 -56.6324 
0.263756 0 0 22.1146 -1.27735 -56.4709 
0.195859 0 0 22.0004 -1.04915 -56.1828 
0.115478 0 0 21.8742 -0.645553 -55.7892 
0.0482118 0 0 21.81 0.00885121 -55.3007 
0.127423 0 0 21.8083 1.07618 -54.7274 
0.5799 0 0 21.9686 2.60607 -54.1291 
1.88242 0 0 22.3168 4.62561 -53.5438 
4.52998 0 0 22.8341 7.05291 -53.0253 
9.09466 0 0 23.5015 9.50001 -52.6289 
15.4722 0 0 24.2002 11.7253 -52.35 
23.2121 0 0 24.8716 13.4943 -52.1851 
31.3071 0 0 25.465 14.86 -52.0882 
39.025 0 0 25.9215 15.8783 -52.0288 
45.8035 0 0 26.313 16.4797 -52.0296 
50.9005 0 0 26.567 16.8772 -52.0199 
54.0236 0 0 26.7134 17.1912 -52.017 
55.0766 0 0 26.7709 17.2061 -52.0171 
54.002 0 0 26.7244 17.1386 -52.0297 
51.8626 0 0 26.5893 17.0412 -52.0184 
47.8264 0 0 26.3389 16.6856 -52.0055 
41.8837 0 0 25.9774 16.1968 -51.9983 
34.6582 0 0 25.4976 15.4277 -52.0062 
26.4882 0 0 24.908 14.2506 -52.0482 
18.6124 0 0 24.2195 12.7466 -52.1622 
11.4888 0 0 23.471 10.6675 -52.3681 
6.03034 0 0 22.7524 8.2619 -52.7059 
2.64064 0 0 22.1331 5.727 -53.1803 
0.880194 0 0 21.7123 3.43362 -53.7553 
0.205307 0 0 21.5257 1.6146 -54.3896 
0.0544676 0 0 21.543 0.335447 -55.0125 
0.0919118 0 0 21.6745 -0.468924 -55.5697 
0.185129 0 0 21.8355 -0.957038 -56.0322 
0.253481 0 0 22.0333 -1.24124 -56.3898 
0.300362 0 0 22.2151 -1.38984 -56.6428 
0.317802 0 0 22.3115 -1.44987 -56.7688 
0.318397 0 0 22.3711 -1.44319 -56.7818 
0.279332 0 0 22.3883 -1.36988 -56.6898 
0.228832 0 0 22.326 -1.20055 -56.4606 
0.14668 0 0 22.2742 -0.902004 -56.1405 
0.0762021 0 0 22.1883 -0.388209 -55.7066 
0.0611486 0 0 22.1967 0.442011 -55.1944 
0.294761 0 0 22.3044 1.69339 -54.6261 
1.1216 0 0 22.5937 3.43089 -54.0413 
3.00926 0 0 23.0107 5.64195 -53.478 
6.51856 0 0 23.5927 8.00615 -53.0239 
11.9367 0 0 24.2159 10.3106 -52.67 
18.7977 0 0 24.8349 12.4154 -52.4124 
26.6258 0 0 25.4081 14.0133 -52.2493 
34.6003 0 0 25.866 15.2149 -52.1518 
41.7829 0 0 26.2865 15.9821 -52.1209 
47.6016 0 0 26.5329 16.6152 -52.0772 
51.8454 0 0 26.6978 16.9441 -52.0581 
54.0732 0 0 26.7624 17.0946 -52.052 
54.0367 0 0 26.7291 17.1518 -52.0353 
50.8424 0 0 26.58 16.9163 -52.0719 
47.8309 0 0 26.3476 16.6606 -52.0504 
42.87 0 0 26.0016 16.3078 -52.0225 
36.3957 0 0 25.5469 15.6621 -52.0148 
28.7653 0 0 24.9365 14.7375 -52.0141 
20.7109 0 0 24.2494 13.4123 -52.0746 
13.3292 0 0 23.4767 11.543 -52.2306 
7.38548 0 0 22.6917 9.18703 -52.5064 
3.31246 0 0 22.038 6.61391 -52.9505 
1.14474 0 0 21.5608 4.11561 -53.5067 
0.263278 0 0 21.3444 2.04007 -54.1645 
0.0492934 0 0 21.4003 0.57181 -54.8499 
0.0820716 0 0 21.5808 -0.36783 -55.4777 
0.176893 0 0 21.8553 -0.932478 -56.0075 
0.248951 0 0 22.1447 -1.25654 -56.4438 
0.295173 0 0 22.43 -1.43724 -56.785 
0.322928 0 0 22.6145 -1.51716 -56.9746 
0.33049 0 0 22.7427 -1.53591 -57.053 
0.302207 0 0 22.8306 -1.49748 -57.0266 
0.267592 0 0 22.8263 -1.38824 -56.8805 
0.198102 0 0 22.8244 -1.18274 -56.6322 
0.117536 0 0 22.7844 -0.821908 -56.2724 
0.0501301 0 0 22.7622 -0.21148 -55.8065 
0.0972548 0 0 22.8156 0.75215 -55.2646 
0.495149 0 0 22.9799 2.1539 -54.6847 
1.65443 0 0 23.2713 4.04207 -54.09 
4.04542 0 0 23.7161 6.31079 -53.5535 
8.20213 0 0 24.2597 8.64817 -53.1192 
13.8923 0 0 24.8413 10.8569 -52.7823 
21.0722 0 0 25.368 12.7096 -52.546 
28.717 0 0 25.837 14.142 -52.3857 
36.0084 0 0 26.2161 15.2933 -52.2791 
42.5205 0 0 26.5003 15.9881 -52.2219 
47.5675 0 0 26.6719 16.5214 -52.176 
50.7093 0 0 26.7445 16.7864 -52.1465 
51.8241 0 0 26.7058 16.9675 -52.1095 
50.8675 0 0 26.5761 16.8976 -52.0738 
45.8191 0 0 26.3521 16.4426 -52.1633 
41.9401 0 0 26.0057 16.1666 -52.1124 
36.2963 0 0 25.5614 15.6542 -52.0823 
29.4927 0 0 24.9851 14.8786 -52.0666 
21.9194 0 0 24.27 13.7305 -52.0807 
14.6413 0 0 23.4985 11.9794 -52.202 
8.35275 0 0 22.6833 9.83104 -52.4275 
3.83002 0 0 21.9688 7.28267 -52.81 
1.34505 0 0 21.4672 4.63579 -53.3726 
0.304555 0 0 21.2538 2.37511 -54.0589 
0.0497697 0 0 21.3458 0.717046 -54.7874 
0.0803038 0 0 21.6103 -0.347419 -55.4783 
0.171142 0 0 21.9847 -0.969625 -56.0983 
0.252238 0 0 22.3791 -1.3182 -56.6099 
0.304763 0 0 22.7417 -1.50833 -57.0111 
0.325616 0 0 23.0713 -1.60286 -57.2939 
0.338095 0 0 23.295 -1.63714 -57.4497 
0.316976 0 0 23.4577 -1.62676 -57.5005 
0.292905 0 0 23.5472 -1.56765 -57.4336 
0.253494 0 0 23.5758 -1.44457 -57.2475 
0.184799 0 0 23.5578 -1.22261 -56.9524 
0.0993099 0 0 23.5049 -0.819999 -56.5412 
0.0421235 0 0 23.4972 -0.149122 -56.0514 
0.143081 0 0 23.5554 0.904742 -55.4809 
0.675716 0 0 23.7208 2.41782 -54.8784 
2.04027 0 0 24.0032 4.39833 -54.2767 
4.79545 0 0 24.4302 6.61886 -53.7521 
9.13353 0 0 24.8871 8.93357 -53.3079 
14.965 0 0 25.381 11.026 -52.9769 
21.9933 0 0 25.8062 12.7475 -52.7317 
29.1044 0 0 26.1767 14.1077 -52.5693 
35.7542 0 0 26.4329 15.1724 -52.437 
41.3611 0 0 26.6074 15.8443 -52.3539 
45.5612 0 0 26.7153 16.1539 -52.3111 
47.6124 0 0 26.6893 16.4859 -52.2514 
47.7207 0 0 26.569 16.5066 -52.2032 
45.7934 0 0 26.3524 16.4488 -52.1633 
39.1238 0 0 25.9896 15.7502 -52.2677 
34.6755 0 0 25.5568 15.3171 -52.2188 
28.7973 0 0 24.9991 14.6772 -52.1879 
22.0201 0 0 24.3117 13.6857 -52.1992 
15.0844 0 0 23.5259 12.1877 -52.2658 
8.82383 0 0 22.6941 10.1859 -52.4388 
4.18896 0 0 21.9303 7.69846 -52.7852 
1.46612 0 0 21.3924 5.01582 -53.3237 
0.323757 0 0 21.2044 2.59231 -54.0282 
0.0460093 0 0 21.3296 0.786793 -54.8068 
0.0798749 0 0 21.708 -0.366179 -55.5758 
0.178832 0 0 22.2128 -1.03938 -56.2708 
0.241903 0 0 22.7179 -1.404 -56.8603 
0.302463 0 0 23.1882 -1.59104 -57.3339 
0.333514 0 0 23.585 -1.68326 -57.6826 
0.349271 0 0 23.9242 -1.72186 -57.9094 
0.342628 0 0 24.2018 -1.7275 -58.0399 
0.317821 0 0 24.3714 -1.70282 -58.0581 
0.289089 0 0 24.4556 -1.64221 -57.9461 
0.239277 0 0 24.4719 -1.52015 -57.7217 
0.167682 0 0 24.4269 -1.2951 -57.3907 
0.0948575 0 0 24.3863 -0.894868 -56.9564 
0.0384778 0 0 24.3426 -0.208072 -56.4225 
0.15093 0 0 24.3508 0.888773 -55.8088 
0.733914 0 0 24.493 2.43629 -55.1935 
2.15281 0 0 24.7289 4.42434 -54.5804 
4.94679 0 0 25.0499 6.68541 -54.0243 
9.26164 0 0 25.4451 8.90271 -53.5869 
14.9132 0 0 25.8104 10.9025 -53.2324 
21.2888 0 0 26.1379 12.6018 -52.9684 
27.9253 0 0 26.4048 13.7836 -52.7859 
33.6575 0 0 26.5917 14.7125 -52.651 
38.3975 0 0 26.678 15.3772 -52.5524 
41.3523 0 0 26.644 15.7776 -52.4573 
42.5633 0 0 26.5489 15.9421 -52.3947 
41.8381 0 0 26.3341 15.9274 -52.3359 
39.073 0 0 26.0129 15.7863 -52.2688 
31.29 0 0 25.5434 14.8049 -52.4233 
26.5736 0 0 25.0144 14.1882 -52.3878 
20.8139 0 0 24.3235 13.3165 -52.3601 
14.6447 0 0 23.563 11.9502 -52.4178 
8.84801 0 0 22.7317 10.1468 -52.5643 
4.34233 0 0 21.9542 7.81044 -52.8631 
1.5364 0 0 21.3984 5.18694 -53.3684 
0.332953 0 0 21.1816 2.70981 -54.0634 
0.0423944 0 0 21.3472 0.808512 -54.8756 
0.0862574 0 0 21.8268 -0.420191 -55.7063 
0.186623 0 0 22.4338 -1.11441 -56.4829 
0.251052 0 0 23.0704 -1.47915 -57.1424 
0.295707 0 0 23.6548 -1.65819 -57.679 
0.321676 0 0 24.1641 -1.74236 -58.1104 
0.328185 0 0 24.6202 -1.77713 -58.4256 
0.337076 0 0 24.963 -1.78613 -58.6229 
0.319304 0 0 25.2294 -1.77869 -58.6981 
0.3107 0 0 25.3885 -1.75482 -58.6752 
0.271673 0 0 25.4916 -1.70284 -58.5316 
0.224049 0 0 25.4931 -1.60097 -58.2925 
0.164617 0 0 25.4342 -1.39873 -57.9284 
0.0914127 0 0 25.3594 -1.02729 -57.4737 
0.0396053 0 0 25.2504 -0.370579 -56.8963 
0.143676 0 0 25.2107 0.678611 -56.2688 
0.66505 0 0 25.2582 2.23392 -55.6042 
2.0035 0 0 25.401 4.19876 -54.9641 
4.59892 0 0 25.622 6.39798 -54.3837 
8.59205 0 0 25.9007 8.54471 -53.916 
13.7121 0 0 26.1673 10.4602 -53.5411 
19.4324 0 0 26.4104 12.0157 -53.273 
25.0851 0 0 26.5614 13.2775 -53.0554 
30.0679 0 0 26.6222 14.1488 -52.8871 
33.6828 0 0 26.6204 14.736 -52.764 
35.8456 0 0 26.4941 15.0664 -52.6483 
36.1489 0 0 26.3019 15.1909 -52.5778 
34.5964 0 0 25.9678 15.0979 -52.4875 
31.3748 0 0 25.5363 14.809 -52.4265 
23.2394 0 0 25.0139 13.3685 -52.6608 
18.6375 0 0 24.352 12.5973 -52.6244 
13.3918 0 0 23.5875 11.4195 -52.6386 
8.44847 0 0 22.7717 9.76471 -52.762 
4.24639 0 0 21.9991 7.65921 -53.0246 
1.55479 0 0 21.4202 5.17265 -53.4912 
0.328888 0 0 21.2022 2.72864 -54.1723 
0.0428818 0 0 21.395 0.801366 -54.9908 
0.0902477 0 0 21.9141 -0.459641 -55.8522 
0.17761 0 0 22.6144 -1.17151 -56.6751 
0.256293 0 0 23.3699 -1.53443 -57.4112 
0.284346 0 0 24.0813 -1.70448 -58.0294 
0.308127 0 0 24.7224 -1.77551 -58.5235 
0.323439 0 0 25.2452 -1.80028 -58.8927 
0.312369 0 0 25.7174 -1.8065 -59.177 
0.299002 0 0 26.0583 -1.80213 -59.3263 
0.293584 0 0 26.3122 -1.79341 -59.382 
0.279331 0 0 26.4961 -1.77628 -59.3343 
0.239224 0 0 26.5875 -1.74066 -59.1854 
0.22231 0 0 26.5676 -1.66397 -58.9178 
0.164481 0 0 26.4847 -1.50662 -58.5369 
0.100352 0 0 26.3578 -1.19653 -58.0545 
0.0445055 0 0 26.2161 -0.624527 -57.472 
0.101166 0 0 26.0727 0.337976 -56.8164 
0.496224 0 0 26.0029 1.7849 -56.1153 
1.63396 0 0 26.051 3.6389 -55.4547 
3.77968 0 0 26.1493 5.72587 -54.8401 
7.22353 0 0 26.2872 7.83001 -54.3218 
11.6093 0 0 26.4617 9.69057 -53.9288 
16.5733 0 0 26.5793 11.1739 -53.6186 
21.259 0 0 26.609 12.4004 -53.3676 
25.1466 0 0 26.5951 13.2305 -53.1809 
27.9627 0 0 26.4859 13.6877 -53.0388 
29.0872 0 0 26.2754 14.0257 -52.9125 
28.7471 0 0 25.9603 14.0576 -52.8034 
26.669 0 0 25.5383 13.903 -52.718 
23.2991 0 0 25.0109 13.3485 -52.6575 
15.6642 0 0 24.3796 11.4948 -52.9573 
11.5659 0 0 23.6433 10.536 -52.9505 
7.49235 0 0 22.8611 9.04818 -53.0627 
3.93985 0 0 22.0794 7.19315 -53.2776 
1.55017 0 0 21.4905 4.93633 -53.6933 
0.357574 0 0 21.2321 2.66258 -54.3178 
0.0481795 0 0 21.4059 0.795056 -55.118 
0.0880624 0 0 21.9678 -0.484794 -55.996 
0.183851 0 0 22.739 -1.20387 -56.854 
0.245234 0 0 23.5785 -1.56719 -57.6426 
0.273309 0 0 24.3999 -1.72786 -58.314 
0.30351 0 0 25.1205 -1.7878 -58.8693 
0.299171 0 0 25.801 -1.80289 -59.3314 
0.290354 0 0 26.3403 -1.79983 -59.6705 
0.281137 0 0 26.8053 -1.79095 -59.9007 
0.271964 0 0 27.1715 -1.78381 -60.0396 
0.262918 0 0 27.4102 -1.77809 -60.0681 
0.258737 0 0 27.5919 -1.77094 -60.0061 
0.228486 0 0 27.6636 -1.75213 -59.8281 
0.197357 0 0 27.6322 -1.70499 -59.5563 
0.155657 0 0 27.5512 -1.59535 -59.1834 
0.110026 0 0 27.3742 -1.35966 -58.6876 
0.0615891 0 0 27.1425 -0.902607 -58.0981 
0.0600831 0 0 26.9416 -0.0970568 -57.4245 
0.308424 0 0 26.7725 1.14753 -56.7123 
1.09048 0 0 26.6656 2.84953 -56.0181 
2.71198 0 0 26.628 4.83025 -55.3591 
5.38193 0 0 26.6468 6.79906 -54.8202 
8.9066 0 0 26.6758 8.5916 -54.3708 
12.8439 0 0 26.6764 10.02 -54.0251 
16.4463 0 0 26.6206 11.1634 -53.7505 
19.4907 0 0 26.4747 11.9076 -53.5276 
21.3771 0 0 26.2568 12.4476 -53.3429 
21.9855 0 0 25.9535 12.5953 -53.2047 
21.0166 0 0 25.5092 12.5721 -53.0736 
18.9691 0 0 25.0127 12.2056 -53.0055 
15.5785 0 0 24.3819 11.5194 -52.9569 
9.21226 0 0 23.6982 9.30076 -53.342 
6.17696 0 0 22.9457 8.06438 -53.4122 
3.44495 0 0 22.2145 6.44319 -53.6096 
1.43532 0 0 21.5919 4.52162 -53.953 
0.364097 0 0 21.2732 2.53483 -54.5041 
0.0572137 0 0 21.4286 0.770522 -55.2583 
0.085243 0 0 21.9761 -0.476716 -56.1191 
0.179248 0 0 22.7533 -1.20521 -56.984 
0.232697 0 0 23.6779 -1.57518 -57.8077 
0.269531 0 0 24.5744 -1.73489 -58.5384 
0.287359 0 0 25.4107 -1.78828 -59.1476 
0.272874 0 0 26.1799 -1.79355 -59.6604 
0.272564 0 0 26.8347 -1.78091 -60.0752 
0.254338 0 0 27.4038 -1.76429 -60.3858 
0.265135 0 0 27.8698 -1.75138 -60.5949 
0.247632 0 0 28.2129 -1.74397 -60.7043 
0.228039 0 0 28.4858 -1.743 -60.7315 
0.22347 0 0 28.6546 -1.74445 -60.6577 
0.216358 0 0 28.6913 -1.74102 -60.4629 
0.193981 0 0 28.6682 -1.72023 -60.1983 
0.162934 0 0 28.549 -1.65518 -59.818 
0.119813 0 0 28.3512 -1.49697 -59.3427 
0.0790226 0 0 28.0846 -1.16855 -58.7655 
0.0527038 0 0 27.8029 -0.561649 -58.0964 
0.162034 0 0 27.5334 0.435481 -57.3908 
0.604159 0 0 27.2778 1.87375 -56.6522 
1.65548 0 0 27.0898 3.613 -55.9685 
3.52367 0 0 26.9694 5.42264 -55.3851 
6.07499 0 0 26.8417 7.12563 -54.8879 
8.94497 0 0 26.7139 8.5216 -54.492 
11.6328 0 0 26.5466 9.58973 -54.1758 
13.8003 0 0 26.2998 10.2975 -53.9272 
14.9698 0 0 25.9622 10.7406 -53.7266 
15.0662 0 0 25.5479 10.8607 -53.557 
14.0226 0 0 25.0431 10.6489 -53.4517 
11.9859 0 0 24.4165 10.1422 -53.3707 
9.27598 0 0 23.7151 9.25752 -53.3576 
4.73948 0 0 23.0775 6.80536 -53.8562 
2.78931 0 0 22.3657 5.50647 -53.9953 
1.26353 0 0 21.7452 3.9718 -54.281 
0.370165 0 0 21.392 2.29461 -54.742 
0.0692047 0 0 21.4407 0.729237 -55.4106 
0.0843084 0 0 21.8952 -0.438035 -56.2015 
0.175028 0 0 22.6728 -1.17564 -57.0587 
0.237421 0 0 23.6165 -1.56031 -57.8928 
0.270512 0 0 24.5718 -1.72715 -58.6443 
0.256183 0 0 25.5141 -1.78147 -59.3231 
0.264445 0 0 26.3699 -1.78186 -59.8964 
0.257837 0 0 27.1366 -1.76052 -60.363 
0.256842 0 0 27.8228 -1.73569 -60.7524 
0.236981 0 0 28.3754 -1.7139 -61.0305 
0.237266 0 0 28.8387 -1.70027 -61.2281 
0.217262 0 0 29.1987 -1.69444 -61.3249 
0.201903 0 0 29.4486 -1.69644 -61.3253 
0.194329 0 0 29.603 -1.70443 -61.2471 
0.179707 0 0 29.6591 -1.71334 -61.0696 
0.179022 0 0 29.6329 -1.71281 -60.8102 
0.15795 0 0 29.4932 -1.68473 -60.4482 
0.129709 0 0 29.2759 -1.59496 -59.9866 
0.0975542 0 0 28.9895 -1.38688 -59.4337 
0.0668387 0 0 28.6305 -0.970721 -58.7876 
0.0820055 0 0 28.267 -0.240505 -58.0981 
0.281929 0 0 27.8906 0.849602 -57.3564 
0.867056 0 0 27.5569 2.27886 -56.6486 
1.95003 0 0 27.266 3.87367 -56.0213 
3.50458 0 0 27.0119 5.37891 -55.4791 
5.44644 0 0 26.7455 6.66046 -55.049 
7.35701 0 0 26.4242 7.66682 -54.6778 
8.70233 0 0 26.0615 8.3564 -54.3917 
9.41487 0 0 25.6311 8.67745 -54.1756 
9.24016 0 0 25.1047 8.74277 -53.9919 
8.29116 0 0 24.4833 8.42385 -53.8638 
6.70489 0 0 23.8008 7.75985 -53.8177 
4.736 0 0 23.0751 6.81566 -53.8508 
2.01617 0 0 22.5437 4.42159 -54.4449 
1.01179 0 0 21.9425 3.23587 -54.6692 
0.337375 0 0 21.5408 1.92094 -55.0401 
0.0836924 0 0 21.4572 0.646727 -55.5714 
0.0851245 0 0 21.8005 -0.396718 -56.2798 
0.169642 0 0 22.5097 -1.11903 -57.0849 
0.226139 0 0 23.4276 -1.52338 -57.9043 
0.258548 0 0 24.437 -1.70969 -58.6809 
0.264047 0 0 25.4191 -1.77138 -59.3783 
0.249921 0 0 26.3939 -1.77233 -60.0092 
0.248486 0 0 27.2564 -1.74614 -60.5397 
0.244538 0 0 28.0214 -1.71338 -60.9773 
0.21773 0 0 28.6936 -1.68322 -61.3263 
0.213102 0 0 29.2471 -1.66023 -61.5868 
0.191418 0 0 29.7357 -1.64714 -61.7855 
0.204721 0 0 30.0681 -1.64199 -61.8628 
0.183171 0 0 30.3421 -1.64656 -61.875 
0.177703 0 0 30.4855 -1.65865 -61.7913 
0.17736 0 0 30.5591 -1.67526 -61.6391 
0.160251 0 0 30.5108 -1.6886 -61.3849 
0.141514 0 0 30.3684 -1.68745 -61.0396 
0.135045 0 0 30.1368 -1.64907 -60.606 
0.103452 0 0 29.8166 -1.53434 -60.0857 
0.0789831 0 0 29.4407 -1.28266 -59.4918 
0.0644717 0 0 28.9863 -0.81442 -58.8067 
0.123171 0 0 28.5186 -0.0613285 -58.1045 
0.34382 0 0 28.0407 0.996225 -57.3835 
0.878764 0 0 27.5934 2.24718 -56.7207 
1.73137 0 0 27.1632 3.52278 -56.1342 
2.79834 0 0 26.7355 4.68938 -55.6356 
3.92741 0 0 26.3109 5.55004 -55.2508 
4.82038 0 0 25.8103 6.13123 -54.9219 
5.11693 0 0 25.2777 6.41775 -54.6812 
4.92947 0 0 24.647 6.38662 -54.4978 
4.25012 0 0 23.976 6.04007 -54.394 
3.19459 0 0 23.2598 5.3622 -54.3682 
2.03327 0 0 22.5508 4.4294 -54.4524 
0.703917 0 0 22.1953 2.42736 -55.104 
0.281003 0 0 21.7239 1.48757 -55.3699 
0.0921477 0 0 21.5686 0.496149 -55.801 
0.087297 0 0 21.7582 -0.38777 -56.3874 
0.157397 0 0 22.3109 -1.05444 -57.0925 
0.218462 0 0 23.1488 -1.46333 -57.8459 
0.254027 0 0 24.1466 -1.67798 -58.6197 
0.260072 0 0 25.1891 -1.75847 -59.3394 
0.255467 0 0 26.2251 -1.76651 -59.9972 
0.246646 0 0 27.1571 -1.74112 -60.5776 
0.233004 0 0 28.0362 -1.70339 -61.077 
0.214747 0 0 28.8233 -1.66548 -61.4926 
0.205785 0 0 29.478 -1.63417 -61.8256 
0.193333 0 0 30.0529 -1.61033 -62.0804 
0.186207 0 0 30.5014 -1.59735 -62.2488 
0.171923 0 0 30.8684 -1.5934 -62.3404 
0.175309 0 0 31.1005 -1.59868 -62.345 
0.160649 0 0 31.2703 -1.61198 -62.2773 
0.163397 0 0 31.327 -1.63218 -62.1391 
0.154798 0 0 31.2714 -1.65323 -61.8952 
0.153313 0 0 31.1422 -1.67005 -61.593 
0.137493 0 0 30.9049 -1.66554 -61.1894 
0.123138 0 0 30.5716 -1.61814 -60.7095 
0.0990702 0 0 30.1577 -1.48849 -60.1488 
0.0735106 0 0 29.6733 -1.22255 -59.5186 
0.072012 0 0 29.1253 -0.764307 -58.8411 
0.121666 0 0 28.5446 -0.0836624 -58.1466 
0.298203 0 0 27.9483 0.806486 -57.4678 
0.652821 0 0 27.3735 1.77775 -56.8559 
1.18624 0 0 26.8051 2.69505 -56.3367 
1.72474 0 0 26.2232 3.45677 -55.8859 
2.16981 0 0 25.6094 3.97025 -55.535 
2.32193 0 0 24.9537 4.19909 -55.2634 
2.21001 0 0 24.2565 4.13192 -55.0781 
1.81384 0 0 23.5409 3.81474 -54.9754 
1.25623 0 0 22.8407 3.22018 -54.9871 
0.686045 0 0 22.1906 2.42575 -55.0993 
0.189708 0 0 22.0301 0.931663 -55.7804 
0.0852643 0 0 21.7352 0.260997 -56.0735 
0.09507 0 0 21.7468 -0.419385 -56.5196 
0.144116 0 0 22.1367 -0.98962 -57.0902 
0.223779 0 0 22.8428 -1.395 -57.7731 
0.259299 0 0 23.7473 -1.62851 -58.483 
0.267671 0 0 24.7849 -1.73607 -59.1907 
0.25818 0 0 25.854 -1.76161 -59.8666 
0.233523 0 0 26.878 -1.74309 -60.4785 
0.222816 0 0 27.8469 -1.70572 -61.0319 
0.210287 0 0 28.7209 -1.66339 -61.5083 
0.190722 0 0 29.5005 -1.62432 -61.9057 
0.178228 0 0 30.1578 -1.59209 -62.2259 
0.162243 0 0 30.7362 -1.56878 -62.4724 
0.159173 0 0 31.1757 -1.55447 -62.6373 
0.150672 0 0 31.5496 -1.55047 -62.7443 
0.156165 0 0 31.7899 -1.55554 -62.7589 
0.157609 0 0 31.9486 -1.56835 -62.7029 
0.142792 0 0 31.9735 -1.5882 -62.5483 
0.135922 0 0 31.9494 -1.6137 -62.3553 
0.129595 0 0 31.7973 -1.6383 -62.0634 
0.13023 0 0 31.5566 -1.65562 -61.7083 
0.125857 0 0 31.2171 -1.64924 -61.2632 
0.108672 0 0 30.804 -1.59904 -60.7569 
0.0946344 0 0 30.2666 -1.4704 -60.1728 
0.0774117 0 0 29.6836 -1.22618 -59.5506 
0.0788736 0 0 29.0402 -0.837006 -58.8987 
0.106991 0 0 28.326 -0.285725 -58.2307 
0.200702 0 0 27.6291 0.361641 -57.6139 
0.370501 0 0 26.9177 1.02934 -57.0559 
0.583053 0 0 26.1726 1.61971 -56.5638 
0.776439 0 0 25.4424 2.03969 -56.1865 
0.842623 0 0 24.7081 2.23134 -55.8993 
0.792465 0 0 23.9718 2.21648 -55.709 
0.620695 0 0 23.2099 1.97392 -55.6059 
0.401028 0 0 22.5393 1.53355 -55.6189 
0.193722 0 0 22.0213 0.934625 -55.7806 
0.0672337 0 0 22.0285 -0.0750858 -56.4218 
0.089868 0 0 21.8403 -0.515368 -56.6963 
0.150573 0 0 22.0094 -0.958032 -57.1265 
0.200862 0 0 22.5348 -1.31639 -57.68 
0.239288 0 0 23.3223 -1.56238 -58.3082 
0.263418 0 0 24.2904 -1.69968 -58.9797 
0.26261 0 0 25.3486 -1.75072 -59.6397 
0.243831 0 0 26.4344 -1.74912 -60.2756 
0.240342 0 0 27.45 -1.71762 -60.8467 
0.207362 0 0 28.4234 -1.67556 -61.373 
0.196718 0 0 29.3107 -1.63192 -61.8379 
0.181924 0 0 30.0675 -1.59205 -62.213 
0.15919 0 0 30.7493 -1.56001 -62.5368 
0.168337 0 0 31.2814 -1.5362 -62.768 
0.155964 0 0 31.7526 -1.52143 -62.9467 
0.153791 0 0 32.1076 -1.51535 -63.0525 
0.141419 0 0 32.3602 -1.51857 -63.0861 
0.132533 0 0 32.5003 -1.52953 -63.039 
0.133455 0 0 32.5509 -1.54871 -62.9313 
0.115126 0 0 32.5187 -1.57359 -62.7471 
0.129303 0 0 32.3512 -1.60183 -62.4899 
0.127106 0 0 32.111 -1.62881 -62.1637 
0.123156 0 0 31.7792 -1.64649 -61.7787 
0.110772 0 0 31.3361 -1.64166 -61.3104 
0.105575 0 0 30.8156 -1.59749 -60.7951 
0.0939152 0 0 30.1798 -1.48849 -60.2095 
0.0762426 0 0 29.4913 -1.2931 -59.6041 
0.0647681 0 0 28.7317 -0.99631 -58.9685 
0.0696657 0 0 27.9234 -0.613558 -58.3649 
0.104656 0 0 27.08 -0.186312 -57.7912 
0.16673 0 0 26.2478 0.216254 -57.2998 
0.213815 0 0 25.3995 0.547828 -56.8798 
0.242866 0 0 24.5874 0.723441 -56.5698 
0.227829 0 0 23.7717 0.752864 -56.3464 
0.176064 0 0 23.0419 0.607591 -56.2472 
0.108008 0 0 22.4387 0.325982 -56.2645 
0.0712541 0 0 22.0219 -0.0765957 -56.42 
0.100941 0 0 22.0748 -0.701948 -56.9686 
0.150023 0 0 22.0295 -0.980964 -57.2382 
0.191548 0 0 22.3114 -1.25965 -57.6326 
0.25214 0 0 22.8995 -1.48745 -58.1404 
0.266398 0 0 23.7353 -1.64377 -58.7186 
0.260508 0 0 24.7484 -1.72524 -59.3415 
0.258027 0 0 25.8214 -1.74775 -59.9519 
0.245759 0 0 26.8716 -1.7335 -60.5359 
0.232258 0 0 27.9198 -1.69896 -61.0987 
0.19447 0 0 28.8824 -1.65469 -61.6004 
0.17974 0 0 29.7647 -1.61151 -62.0501 
0.166995 0 0 30.5281 -1.57159 -62.426 
0.161734 0 0 31.1872 -1.53888 -62.735 
0.145298 0 0 31.7497 -1.51425 -62.9821 
0.145323 0 0 32.1992 -1.49784 -63.1653 
0.143082 0 0 32.5563 -1.4894 -63.2854 
0.135027 0 0 32.8095 -1.49046 -63.3333 
0.13174 0 0 32.9538 -1.49828 -63.3126 
0.118158 0 0 33.0216 -1.51428 -63.2335 
0.134623 0 0 32.953 -1.53681 -63.0723 
0.136316 0 0 32.8213 -1.56449 -62.862 
0.122485 0 0 32.5765 -1.59472 -62.5724 
0.121341 0 0 32.2213 -1.62302 -62.2157 
0.128093 0 0 31.7968 -1.6428 -61.8062 
0.113759 0 0 31.2323 -1.64291 -61.3202 
0.096616 0 0 30.6172 -1.61182 -60.8055 
0.100322 0 0 29.8736 -1.53231 -60.2324 
0.0896036 0 0 29.0682 -1.39352 -59.6491 
0.0810437 0 0 28.1918 -1.19448 -59.057 
0.0660965 0 0 27.294 -0.949273 -58.4999 
0.0572501 0 0 26.3561 -0.690478 -57.9878 
0.0676158 0 0 25.4417 -0.467098 -57.5583 
0.0737143 0 0 24.5411 -0.307873 -57.2149 
0.0760535 0 0 23.7085 -0.249415 -56.9765 
0.0753231 0 0 22.9764 -0.301768 -56.8502 
0.0809411 0 0 22.4092 -0.463988 -56.8479 
0.090723 0 0 22.0915 -0.700625 -56.9784 
0.154487 0 0 22.2013 -1.0703 -57.4332 
0.202341 0 0 22.2409 -1.24344 -57.6669 
0.243069 0 0 22.5551 -1.41813 -57.9946 
0.276228 0 0 23.1957 -1.57018 -58.4544 
0.291498 0 0 24.0615 -1.67327 -58.9786 
0.259391 0 0 25.0785 -1.72781 -59.5442 
0.244944 0 0 26.189 -1.74076 -60.141 
0.219359 0 0 27.2559 -1.72269 -60.6968 
0.205644 0 0 28.3014 -1.68771 -61.2355 
0.193181 0 0 29.2503 -1.64637 -61.7276 
0.179517 0 0 30.1319 -1.60262 -62.1686 
0.14844 0 0 30.891 -1.56268 -62.5395 
0.141138 0 0 31.5729 -1.52939 -62.8672 
0.147219 0 0 32.117 -1.50384 -63.1279 
0.125931 0 0 32.5642 -1.48387 -63.3135 
0.122683 0 0 32.9213 -1.47296 -63.4522 
0.132887 0 0 33.17 -1.4704 -63.5188 
0.123847 0 0 33.3223 -1.47396 -63.5243 
0.13232 0 0 33.3683 -1.48642 -63.4699 
0.117856 0 0 33.3318 -1.50521 -63.3485 
0.11627 0 0 33.1765 -1.52978 -63.1535 
0.118838 0 0 32.9332 -1.55938 -62.9068 
0.120394 0 0 32.5734 -1.59034 -62.5858 
0.123877 0 0 32.1317 -1.62064 -62.2169 
0.118093 0 0 31.5945 -1.64354 -61.7982 
0.114458 0 0 30.9468 -1.65144 -61.3133 
0.103994 0 0 30.2038 -1.63539 -60.7979 
0.110284 0 0 29.3526 -1.58561 -60.2434 
0.0980658 0 0 28.4517 -1.496 -59.6822 
0.0893126 0 0 27.4852 -1.36812 -59.1331 
0.0770068 0 0 26.5078 -1.22008 -58.6273 
0.0832452 0 0 25.4999 -1.0669 -58.1642 
0.0791155 0 0 24.5877 -0.947713 -57.8145 
0.0884457 0 0 23.7114 -0.869155 -57.5372 
0.109417 0 0 22.9893 -0.86668 -57.3823 
0.118703 0 0 22.4672 -0.937747 -57.3426 
0.153895 0 0 22.2151 -1.07035 -57.4416 
0.205657 0 0 22.3073 -1.27961 -57.7711 
0.237915 0 0 22.3756 -1.37685 -57.9338 
0.249114 0 0 22.7809 -1.49413 -58.2391 
0.270178 0 0 23.438 -1.59751 -58.628 
0.262855 0 0 24.3313 -1.6773 -59.1139 
0.243666 0 0 25.3598 -1.72159 -59.647 
0.233874 0 0 26.4472 -1.73197 -60.1905 
0.208669 0 0 27.5295 -1.71739 -60.7353 
0.198949 0 0 28.5603 -1.68626 -61.2563 
0.175238 0 0 29.5244 -1.64718 -61.7408 
0.155269 0 0 30.3874 -1.60535 -62.179 
0.149909 0 0 31.1503 -1.56577 -62.5627 
0.145323 0 0 31.8165 -1.53126 -62.8989 
0.144197 0 0 32.3587 -1.50292 -63.1656 
0.127998 0 0 32.8104 -1.48108 -63.3791 
0.117382 0 0 33.1831 -1.46652 -63.542 
0.133933 0 0 33.4104 -1.4593 -63.6333 
0.117389 0 0 33.5614 -1.45896 -63.6547 
0.122416 0 0 33.6015 -1.46604 -63.6225 
0.122406 0 0 33.5682 -1.48001 -63.5397 
0.119154 0 0 33.43 -1.50026 -63.3902 
0.117597 0 0 33.1684 -1.52614 -63.1659 
0.11259 0 0 32.8288 -1.55705 -62.8922 
0.123102 0 0 32.3788 -1.58937 -62.564 
0.118295 0 0 31.8362 -1.62168 -62.1821 
0.124074 0 0 31.1875 -1.64823 -61.7474 
0.125873 0 0 30.431 -1.66333 -61.2644 
0.117815 0 0 29.5776 -1.66085 -60.7449 
0.127909 0 0 28.6346 -1.63281 -60.2102 
0.115381 0 0 27.6716 -1.5788 -59.6895 
0.121986 0 0 26.6314 -1.49903 -59.1737 
0.132054 0 0 25.5886 -1.40449 -58.6989 
0.12811 0 0 24.6022 -1.30826 -58.2972 
0.133173 0 0 23.7572 -1.23681 -58.0094 
0.162404 0 0 23.0018 -1.1966 -57.7891 
0.180879 0 0 22.5315 -1.21412 -57.7293 
0.202486 0 0 22.3084 -1.27857 -57.7712 
0.244834 0 0 22.3834 -1.37973 -57.9796 
0.2488 0 0 22.4729 -1.42971 -58.0767 
0.253533 0 0 22.9656 -1.51062 -58.3474 
0.249717 0 0 23.6295 -1.59099 -58.6867 
0.23981 0 0 24.5158 -1.65747 -59.1025 
0.239974 0 0 25.5467 -1.70262 -59.6058 
0.213906 0 0 26.6238 -1.71944 -60.1181 
0.190869 0 0 27.6973 -1.71364 -60.6437 
0.174632 0 0 28.7113 -1.68994 -61.1506 
0.163838 0 0 29.6669 -1.65649 -61.6391 
0.146512 0 0 30.5348 -1.61822 -62.0841 
0.142022 0 0 31.2974 -1.57953 -62.4932 
0.133675 0 0 31.952 -1.54348 -62.8407 
0.142217 0 0 32.5187 -1.51214 -63.1374 
0.128192 0 0 32.9511 -1.48698 -63.36 
0.125826 0 0 33.3252 -1.46809 -63.5504 
0.108683 0 0 33.5896 -1.45687 -63.6813 
0.120022 0 0 33.7213 -1.4523 -63.734 
0.119593 0 0 33.7607 -1.45356 -63.7258 
0.110994 0 0 33.7124 -1.4624 -63.664 
0.122443 0 0 33.5737 -1.47795 -63.5515 
0.130078 0 0 33.3325 -1.49966 -63.371 
0.118003 0 0 32.9717 -1.52658 -63.1229 
0.116131 0 0 32.5396 -1.55794 -62.8344 
0.120083 0 0 31.9739 -1.59281 -62.4823 
0.123444 0 0 31.3244 -1.62658 -62.0811 
0.14402 0 0 30.5482 -1.65599 -61.6227 
0.145246 0 0 29.6951 -1.67701 -61.1376 
0.142593 0 0 28.7605 -1.68387 -60.64 
0.149179 0 0 27.7452 -1.67034 -60.1143 
0.159653 0 0 26.7104 -1.63422 -59.6123 
0.174866 0 0 25.6621 -1.57661 -59.1373 
0.179228 0 0 24.6562 -1.50576 -58.6999 
0.19871 0 0 23.7592 -1.43715 -58.3599 
0.211982 0 0 23.0172 -1.37996 -58.0995 
0.221612 0 0 22.5704 -1.36115 -57.9831 
0.235009 0 0 22.3736 -1.37945 -57.9697 
0.243768 0 0 22.4072 -1.41113 -58.0444 
0.242089 0 0 22.5584 -1.42853 -58.1009 
0.241102 0 0 23.0065 -1.47533 -58.2848 
0.21533 0 0 23.7349 -1.54186 -58.5883 
0.226919 0 0 24.6107 -1.60855 -58.9658 
0.210111 0 0 25.6121 -1.6611 -59.4194 
0.183333 0 0 26.7084 -1.69364 -59.9277 
0.17982 0 0 27.765 -1.70383 -60.4413 
0.163426 0 0 28.7939 -1.694 -60.9566 
0.144847 0 0 29.751 -1.66977 -61.45 
0.131367 0 0 30.6 -1.63694 -61.9066 
0.145322 0 0 31.3564 -1.60077 -62.3321 
0.139326 0 0 32.0128 -1.56477 -62.7003 
0.12078 0 0 32.5816 -1.53203 -63.0298 
0.12484 0 0 33.0173 -1.50241 -63.2851 
0.113572 0 0 33.3753 -1.48022 -63.4997 
0.12189 0 0 33.6254 -1.46271 -63.6407 
0.131343 0 0 33.754 -1.45311 -63.7291 
0.114151 0 0 33.811 -1.44957 -63.7595 
0.125903 0 0 33.7669 -1.45304 -63.7358 
0.115341 0 0 33.6083 -1.46336 -63.637 
0.113026 0 0 33.379 -1.47971 -63.4925 
0.129321 0 0 33.0137 -1.50307 -63.2863 
0.135991 0 0 32.5756 -1.53142 -63.0269 
0.124559 0 0 32.0249 -1.56503 -62.7049 
0.134188 0 0 31.3615 -1.60073 -62.3277 
0.156264 0 0 30.6044 -1.63764 -61.919 
0.148592 0 0 29.7315 -1.66971 -61.4411 
0.163599 0 0 28.7827 -1.69353 -60.9481 
0.181745 0 0 27.7685 -1.70372 -60.4397 
0.193329 0 0 26.6932 -1.69372 -59.9229 
0.210168 0 0 25.6155 -1.66077 -59.4161 
0.209955 0 0 24.606 -1.60827 -58.9673 
0.229231 0 0 23.7311 -1.54232 -58.5914 
0.227465 0 0 23.026 -1.4791 -58.2936 
0.239966 0 0 22.5562 -1.42423 -58.0962 
0.241423 0 0 22.4038 -1.41066 -58.0334 
