25.3073 0 0 71.946 -1.45569 -58.1457 
24.457 0 0 71.992 -1.4577 -58.1906 
22.0881 0 0 72.1202 -1.46279 -58.3161 
18.3206 0 0 72.3643 -1.47119 -58.5485 
13.7199 0 0 72.7111 -1.47902 -58.8805 
8.94192 0 0 73.1829 -1.48486 -59.3406 
4.75147 0 0 73.7927 -1.47924 -59.9152 
1.97388 0 0 74.4652 -1.44817 -60.5562 
0.568744 0 0 75.1071 -1.3779 -61.1535 
0.137906 0 0 75.5553 -1.26856 -61.5646 
0.0496937 0 0 75.8194 -1.14624 -61.8112 
0.0428081 0 0 75.9322 -1.03358 -61.9097 
0.0403819 0 0 75.9702 -0.943649 -61.9413 
0.0467487 0 0 75.9687 -0.875395 -61.9447 
0.0421324 0 0 75.9725 -0.826248 -61.9489 
0.0410377 0 0 75.9888 -0.792072 -61.9612 
0.0454839 0 0 75.9774 -0.768844 -61.9495 
0.0424498 0 0 75.9757 -0.756287 -61.9511 
0.0422173 0 0 75.9777 -0.751791 -61.9489 
0.0450661 0 0 75.9629 -0.755755 -61.9394 
0.0428463 0 0 75.9717 -0.768813 -61.9436 
0.0416504 0 0 75.9816 -0.791444 -61.9502 
0.0425929 0 0 75.9827 -0.825845 -61.9554 
0.0385641 0 0 75.9717 -0.874835 -61.9429 
0.0469821 0 0 75.9541 -0.942493 -61.9286 
0.0392248 0 0 75.9217 -1.03278 -61.9035 
0.0574353 0 0 75.8103 -1.1447 -61.8003 
0.147408 0 0 75.5681 -1.26816 -61.5753 
0.587117 0 0 75.1099 -1.37729 -61.1491 
1.9804 0 0 74.4768 -1.44865 -60.565 
4.7805 0 0 73.7957 -1.47954 -59.9175 
8.92251 0 0 73.1865 -1.48465 -59.3382 
13.6991 0 0 72.7101 -1.47966 -58.8844 
18.3123 0 0 72.3609 -1.47035 -58.5432 
22.1003 0 0 72.1296 -1.46257 -58.3243 
24.4614 0 0 71.9918 -1.45838 -58.1925 
25.2899 0 0 71.9512 -1.45577 -58.146 
24.4659 0 0 71.983 -1.46237 -58.1996 
22.8744 0 0 72.0782 -1.47082 -58.2959 
19.759 0 0 72.2795 -1.48268 -58.4851 
15.4964 0 0 72.5775 -1.49554 -58.7743 
10.6775 0 0 72.9991 -1.50663 -59.1769 
6.21486 0 0 73.5531 -1.50855 -59.7103 
2.75612 0 0 74.2181 -1.49112 -60.3383 
0.875638 0 0 74.8738 -1.43321 -60.9617 
0.216688 0 0 75.3854 -1.32921 -61.4406 
0.0622415 0 0 75.6849 -1.20044 -61.7124 
0.0439477 0 0 75.8216 -1.07748 -61.8441 
0.0386406 0 0 75.8836 -0.976036 -61.8988 
0.0412479 0 0 75.9086 -0.897938 -61.9224 
0.0419369 0 0 75.9045 -0.840232 -61.9153 
0.0454381 0 0 75.8922 -0.799861 -61.9124 
0.0442816 0 0 75.8959 -0.771582 -61.9115 
0.0419412 0 0 75.9022 -0.754764 -61.9172 
0.0407827 0 0 75.8889 -0.746337 -61.9062 
0.0454071 0 0 75.884 -0.745993 -61.9048 
0.0374234 0 0 75.9116 -0.754418 -61.9156 
0.0443508 0 0 75.8928 -0.772419 -61.9097 
0.04134 0 0 75.8963 -0.799774 -61.9097 
0.0443853 0 0 75.8987 -0.841381 -61.9155 
0.0438876 0 0 75.8988 -0.898518 -61.9161 
0.0418125 0 0 75.873 -0.976055 -61.8931 
0.0449005 0 0 75.8037 -1.07596 -61.8253 
0.0760543 0 0 75.6248 -1.19157 -61.6599 
0.308306 0 0 75.2605 -1.30635 -61.3261 
1.15181 0 0 74.7121 -1.39244 -60.8154 
3.2247 0 0 74.0441 -1.4401 -60.1913 
6.63714 0 0 73.4026 -1.4586 -59.5813 
11.0885 0 0 72.8779 -1.46094 -59.0749 
15.7455 0 0 72.4804 -1.45813 -58.6903 
19.8627 0 0 72.2098 -1.45458 -58.4244 
22.9659 0 0 72.044 -1.45461 -58.2654 
24.5333 0 0 71.9628 -1.45512 -58.1801 
24.5256 0 0 71.983 -1.46155 -58.1985 
22.0577 0 0 72.0625 -1.47781 -58.3316 
19.7696 0 0 72.2223 -1.49227 -58.4878 
16.0177 0 0 72.4725 -1.50907 -58.7292 
11.605 0 0 72.8583 -1.5248 -59.1007 
7.13034 0 0 73.3348 -1.5324 -59.5688 
3.42483 0 0 73.9515 -1.52219 -60.1618 
1.17003 0 0 74.5904 -1.47463 -60.781 
0.270303 0 0 75.1338 -1.37646 -61.2913 
0.0673979 0 0 75.4607 -1.24346 -61.6017 
0.0405149 0 0 75.5895 -1.10884 -61.7298 
0.0412886 0 0 75.664 -0.995756 -61.7981 
0.0449976 0 0 75.6937 -0.90835 -61.8218 
0.0410933 0 0 75.6864 -0.843003 -61.8163 
0.0432399 0 0 75.6977 -0.796542 -61.8305 
0.0456458 0 0 75.6867 -0.763182 -61.8164 
0.0410378 0 0 75.6897 -0.741348 -61.8146 
0.0437235 0 0 75.689 -0.729423 -61.8156 
0.0409933 0 0 75.6894 -0.725831 -61.8214 
0.0423834 0 0 75.6846 -0.72977 -61.8152 
0.0399612 0 0 75.6812 -0.74178 -61.8148 
0.0419984 0 0 75.6984 -0.76365 -61.8272 
0.0415274 0 0 75.6868 -0.796219 -61.8164 
0.047401 0 0 75.6854 -0.843394 -61.8197 
0.0455771 0 0 75.6787 -0.90816 -61.8125 
0.0448253 0 0 75.6508 -0.993868 -61.7878 
0.0531306 0 0 75.535 -1.09966 -61.6802 
0.121397 0 0 75.3049 -1.21617 -61.4658 
0.524765 0 0 74.8741 -1.31835 -61.0647 
1.75927 0 0 74.2975 -1.38751 -60.5149 
4.23276 0 0 73.6536 -1.42322 -59.9009 
7.8628 0 0 73.0908 -1.43891 -59.3586 
12.1826 0 0 72.651 -1.44335 -58.9237 
16.4774 0 0 72.3343 -1.44654 -58.6124 
19.9155 0 0 72.1235 -1.44983 -58.4037 
22.1476 0 0 72.0089 -1.45571 -58.2887 
22.9424 0 0 71.9901 -1.46453 -58.2662 
22.0771 0 0 72.0575 -1.47741 -58.3283 
18.3605 0 0 72.2025 -1.50097 -58.559 
15.4541 0 0 72.4176 -1.5198 -58.7671 
11.6306 0 0 72.7314 -1.53817 -59.0834 
7.41872 0 0 73.1692 -1.54903 -59.512 
3.75354 0 0 73.6884 -1.54298 -60.0304 
1.35313 0 0 74.2722 -1.50258 -60.6102 
0.319207 0 0 74.7869 -1.40962 -61.1112 
0.0696796 0 0 75.1263 -1.27343 -61.4392 
0.0416777 0 0 75.2702 -1.12925 -61.5794 
0.0410345 0 0 75.3272 -1.00494 -61.6355 
0.0442784 0 0 75.3516 -0.908087 -61.6583 
0.0421674 0 0 75.3647 -0.83553 -61.671 
0.0388152 0 0 75.3632 -0.78248 -61.6644 
0.0405821 0 0 75.3554 -0.744727 -61.6578 
0.0409969 0 0 75.3491 -0.718963 -61.6564 
0.0437725 0 0 75.3469 -0.702792 -61.6537 
0.0405162 0 0 75.3524 -0.695237 -61.6557 
0.042358 0 0 75.3496 -0.69455 -61.6538 
0.0440104 0 0 75.3598 -0.702172 -61.6624 
0.0398385 0 0 75.3654 -0.717885 -61.6656 
0.0418582 0 0 75.3517 -0.74288 -61.6576 
0.0441061 0 0 75.3649 -0.779783 -61.6687 
0.0429444 0 0 75.3538 -0.831383 -61.6597 
0.0455469 0 0 75.345 -0.901824 -61.6543 
0.0421964 0 0 75.2952 -0.992654 -61.611 
0.0575984 0 0 75.174 -1.10199 -61.4934 
0.168854 0 0 74.9167 -1.21638 -61.2443 
0.695907 0 0 74.4682 -1.31093 -60.8178 
2.12111 0 0 73.9048 -1.37238 -60.2717 
4.74829 0 0 73.3329 -1.40578 -59.7183 
8.31795 0 0 72.8525 -1.4231 -59.2408 
12.2217 0 0 72.479 -1.4333 -58.8723 
15.7633 0 0 72.2315 -1.44292 -58.616 
18.4764 0 0 72.0812 -1.4547 -58.464 
19.9018 0 0 72.0293 -1.46715 -58.4034 
19.9375 0 0 72.0731 -1.48282 -58.4389 
18.2886 0 0 72.1947 -1.50126 -58.5541 
13.6723 0 0 72.3573 -1.52587 -58.8458 
10.629 0 0 72.6257 -1.54405 -59.114 
7.11275 0 0 73.0016 -1.55599 -59.4924 
3.74385 0 0 73.4578 -1.55181 -59.9503 
1.39484 0 0 73.9553 -1.51515 -60.4627 
0.341282 0 0 74.409 -1.42643 -60.9227 
0.0736412 0 0 74.7203 -1.28982 -61.2348 
0.0382335 0 0 74.8527 -1.13891 -61.3714 
0.0413375 0 0 74.9079 -1.00502 -61.4276 
0.0398081 0 0 74.9156 -0.898974 -61.4389 
0.045554 0 0 74.9304 -0.819856 -61.4474 
0.0378895 0 0 74.9256 -0.760913 -61.445 
0.042113 0 0 74.9267 -0.718536 -61.4455 
0.0411753 0 0 74.9338 -0.688762 -61.4505 
0.0403798 0 0 74.9271 -0.668881 -61.4405 
0.0373804 0 0 74.935 -0.657224 -61.4462 
0.038737 0 0 74.9143 -0.652459 -61.4286 
0.0405805 0 0 74.9109 -0.65529 -61.4323 
0.0417586 0 0 74.9279 -0.665527 -61.4462 
0.0415198 0 0 74.9333 -0.683682 -61.4453 
0.0412397 0 0 74.9315 -0.710622 -61.4502 
0.0393991 0 0 74.9364 -0.750041 -61.4507 
0.0443431 0 0 74.93 -0.804334 -61.4506 
0.0451406 0 0 74.9181 -0.877744 -61.4367 
0.0416437 0 0 74.8835 -0.972234 -61.4001 
0.0515716 0 0 74.751 -1.08466 -61.2831 
0.179672 0 0 74.4914 -1.19848 -61.0266 
0.74125 0 0 74.0836 -1.29057 -60.6235 
2.15736 0 0 73.5677 -1.35275 -60.1174 
4.58904 0 0 73.0773 -1.38915 -59.6268 
7.73519 0 0 72.6666 -1.41265 -59.2133 
11.0743 0 0 72.3802 -1.43062 -58.912 
13.9475 0 0 72.174 -1.44672 -58.7011 
15.7924 0 0 72.1075 -1.46581 -58.6139 
16.4512 0 0 72.0963 -1.4849 -58.5968 
15.6686 0 0 72.1883 -1.50511 -58.6805 
13.6789 0 0 72.374 -1.52639 -58.8597 
8.92948 0 0 72.5406 -1.54103 -59.1909 
6.14763 0 0 72.8512 -1.55209 -59.5071 
3.38784 0 0 73.2141 -1.54686 -59.8874 
1.3251 0 0 73.6297 -1.51157 -60.3189 
0.32189 0 0 74.0056 -1.42907 -60.7224 
0.0598986 0 0 74.2605 -1.29333 -60.9876 
0.0360147 0 0 74.371 -1.13895 -61.1112 
0.039257 0 0 74.4197 -0.998152 -61.1614 
0.0431247 0 0 74.4199 -0.884559 -61.1682 
0.0408094 0 0 74.4428 -0.798734 -61.1854 
0.0414255 0 0 74.4394 -0.733824 -61.1799 
0.0424187 0 0 74.4354 -0.68683 -61.1746 
0.0406333 0 0 74.4348 -0.653551 -61.1778 
0.0426285 0 0 74.4321 -0.629947 -61.1735 
0.0417753 0 0 74.4306 -0.614577 -61.1674 
0.0408903 0 0 74.4337 -0.606925 -61.1696 
0.0396035 0 0 74.4371 -0.605416 -61.1778 
0.0420945 0 0 74.4413 -0.610138 -61.1837 
0.0371642 0 0 74.445 -0.621424 -61.1814 
0.038332 0 0 74.4539 -0.641006 -61.1892 
0.0497549 0 0 74.4358 -0.669318 -61.1805 
0.0399005 0 0 74.4503 -0.709342 -61.1866 
0.0528771 0 0 74.4491 -0.764875 -61.1932 
0.0463346 0 0 74.4396 -0.838763 -61.1822 
0.042079 0 0 74.4076 -0.933765 -61.1472 
0.0503805 0 0 74.2902 -1.04586 -61.036 
0.157323 0 0 74.0726 -1.16087 -60.8183 
0.634626 0 0 73.7166 -1.25834 -60.463 
1.80723 0 0 73.286 -1.32708 -60.0256 
3.84685 0 0 72.8816 -1.37261 -59.6117 
6.41195 0 0 72.5566 -1.40495 -59.2681 
8.98582 0 0 72.3244 -1.43086 -59.0198 
11.025 0 0 72.1834 -1.45526 -58.8678 
12.184 0 0 72.1462 -1.47798 -58.8123 
12.2163 0 0 72.1998 -1.50116 -58.8539 
11.0602 0 0 72.3354 -1.52326 -58.9814 
8.92205 0 0 72.5585 -1.54236 -59.2053 
4.76828 0 0 72.6926 -1.53392 -59.5293 
2.71909 0 0 72.9797 -1.52649 -59.8346 
1.12628 0 0 73.2919 -1.4911 -60.1763 
0.291654 0 0 73.5738 -1.4124 -60.49 
0.0564538 0 0 73.7681 -1.28431 -60.707 
0.0368782 0 0 73.867 -1.13152 -60.8163 
0.0401279 0 0 73.9006 -0.987483 -60.8557 
0.040431 0 0 73.9175 -0.868715 -60.8736 
0.0431352 0 0 73.9186 -0.775701 -60.8741 
0.0485659 0 0 73.9119 -0.706649 -60.8716 
0.0403606 0 0 73.9133 -0.654758 -60.8704 
0.0413645 0 0 73.9069 -0.616715 -60.8654 
0.0423742 0 0 73.9026 -0.589961 -60.864 
0.0394044 0 0 73.9111 -0.571602 -60.8675 
0.0411207 0 0 73.9136 -0.559949 -60.8643 
0.0401213 0 0 73.9228 -0.555015 -60.8735 
0.0348823 0 0 73.9192 -0.555236 -60.871 
0.0437937 0 0 73.9222 -0.561583 -60.8761 
0.0395593 0 0 73.9286 -0.573623 -60.8812 
0.0400734 0 0 73.9146 -0.592906 -60.8742 
0.041637 0 0 73.9346 -0.621261 -60.885 
0.041439 0 0 73.9296 -0.660623 -60.8875 
0.0422697 0 0 73.9307 -0.71435 -60.8851 
0.0451809 0 0 73.9147 -0.785625 -60.8747 
0.0419589 0 0 73.9024 -0.878012 -60.8567 
0.0409469 0 0 73.8274 -0.98955 -60.7854 
0.0998819 0 0 73.6481 -1.10728 -60.6088 
0.408433 0 0 73.3975 -1.21257 -60.3465 
1.267 0 0 73.0493 -1.29269 -59.9907 
2.73684 0 0 72.7265 -1.35011 -59.6472 
4.53567 0 0 72.4623 -1.39137 -59.36 
6.41099 0 0 72.2946 -1.42617 -59.169 
7.73945 0 0 72.2082 -1.45687 -59.0663 
8.26588 0 0 72.2165 -1.48401 -59.0569 
7.86215 0 0 72.2914 -1.50686 -59.1263 
6.6518 0 0 72.4589 -1.52473 -59.2856 
4.71146 0 0 72.6995 -1.53415 -59.5298 
1.89123 0 0 72.7268 -1.48873 -59.7677 
0.83434 0 0 72.9446 -1.45318 -60.0129 
0.242846 0 0 73.1517 -1.37963 -60.2505 
0.0534632 0 0 73.2866 -1.2619 -60.4138 
0.0327412 0 0 73.353 -1.11746 -60.4958 
0.0387211 0 0 73.3883 -0.975615 -60.5353 
0.0409637 0 0 73.4121 -0.853806 -60.5552 
0.0414297 0 0 73.4087 -0.756447 -60.5562 
0.0391021 0 0 73.3972 -0.681466 -60.549 
0.0393717 0 0 73.4112 -0.624849 -60.5504 
0.0448555 0 0 73.3967 -0.583021 -60.5412 
0.0379855 0 0 73.4112 -0.552536 -60.5507 
0.0404949 0 0 73.3958 -0.531008 -60.5425 
0.0367564 0 0 73.3926 -0.516159 -60.5389 
0.0392709 0 0 73.3955 -0.507653 -60.5417 
0.0372743 0 0 73.3825 -0.503625 -60.5328 
0.0397225 0 0 73.3871 -0.505385 -60.5347 
0.0395967 0 0 73.3936 -0.512137 -60.538 
0.0358945 0 0 73.4042 -0.524664 -60.5501 
0.0432735 0 0 73.3924 -0.543392 -60.5422 
0.0406918 0 0 73.4055 -0.570308 -60.5484 
0.0420596 0 0 73.4076 -0.607622 -60.5554 
0.0458135 0 0 73.4191 -0.658083 -60.5633 
0.0474513 0 0 73.4084 -0.725086 -60.5581 
0.0394626 0 0 73.4014 -0.811676 -60.552 
0.0410758 0 0 73.3567 -0.916806 -60.5013 
0.0562413 0 0 73.2461 -1.03441 -60.3939 
0.214941 0 0 73.0649 -1.14703 -60.2051 
0.667158 0 0 72.8247 -1.24114 -59.9559 
1.53657 0 0 72.5846 -1.31237 -59.6945 
2.69082 0 0 72.3968 -1.3661 -59.4785 
3.83166 0 0 72.2726 -1.40931 -59.3324 
4.5738 0 0 72.2303 -1.44309 -59.2698 
4.72845 0 0 72.2533 -1.47049 -59.2861 
4.20347 0 0 72.358 -1.48887 -59.3768 
3.148 0 0 72.5074 -1.49792 -59.5401 
1.92501 0 0 72.7223 -1.48846 -59.7636 
0.521146 0 0 72.5934 -1.39696 -59.8346 
0.169319 0 0 72.7305 -1.3309 -59.9953 
0.0477551 0 0 72.8124 -1.22703 -60.1012 
0.0299191 0 0 72.8719 -1.09686 -60.1764 
0.0375195 0 0 72.8964 -0.96194 -60.2029 
0.0409507 0 0 72.9059 -0.841679 -60.2145 
0.0370905 0 0 72.9105 -0.740707 -60.2162 
0.0457822 0 0 72.899 -0.661531 -60.2096 
0.0402004 0 0 72.8939 -0.600541 -60.2024 
0.0388099 0 0 72.8831 -0.554533 -60.1947 
0.0398502 0 0 72.8867 -0.520112 -60.1957 
0.0346424 0 0 72.9055 -0.495096 -60.2078 
0.0401431 0 0 72.8991 -0.477438 -60.2063 
0.0380056 0 0 72.8905 -0.465543 -60.1987 
0.0394259 0 0 72.8914 -0.458697 -60.1996 
0.0346827 0 0 72.8941 -0.456179 -60.1976 
0.0378975 0 0 72.9017 -0.458724 -60.2061 
0.0321631 0 0 72.8977 -0.465154 -60.199 
0.0422338 0 0 72.9002 -0.477437 -60.207 
0.0431511 0 0 72.9041 -0.494917 -60.2103 
0.0385824 0 0 72.9037 -0.520172 -60.2093 
0.0450778 0 0 72.9055 -0.554272 -60.2155 
0.042628 0 0 72.9039 -0.599811 -60.2153 
0.0421826 0 0 72.907 -0.660094 -60.2145 
0.0427778 0 0 72.9116 -0.737789 -60.2203 
0.0410903 0 0 72.8801 -0.833595 -60.1915 
0.0434902 0 0 72.8319 -0.944678 -60.1419 
0.0805321 0 0 72.719 -1.05946 -60.0284 
0.256454 0 0 72.5778 -1.16432 -59.8734 
0.657326 0 0 72.4172 -1.2489 -59.6974 
1.21953 0 0 72.2839 -1.31479 -59.5409 
1.80885 0 0 72.2119 -1.36455 -59.4471 
2.1113 0 0 72.1998 -1.402 -59.4131 
2.09848 0 0 72.2392 -1.42675 -59.4478 
1.71093 0 0 72.3248 -1.4358 -59.5316 
1.09548 0 0 72.44 -1.42868 -59.6627 
0.512141 0 0 72.5964 -1.39658 -59.8384 
0.0916656 0 0 72.3248 -1.26227 -59.7263 
0.0396903 0 0 72.3805 -1.17681 -59.8019 
0.0342434 0 0 72.4158 -1.06604 -59.8482 
0.039901 0 0 72.4194 -0.944766 -59.8604 
0.0394678 0 0 72.4329 -0.830701 -59.8733 
0.0382508 0 0 72.4364 -0.730702 -59.875 
0.0404377 0 0 72.4307 -0.64885 -59.8693 
0.0344022 0 0 72.4427 -0.584011 -59.8736 
0.0391041 0 0 72.4301 -0.53379 -59.8692 
0.0352364 0 0 72.424 -0.495556 -59.8611 
0.0418011 0 0 72.4324 -0.467134 -59.869 
0.0357645 0 0 72.429 -0.445809 -59.8638 
0.0359441 0 0 72.4238 -0.430784 -59.8609 
0.0417994 0 0 72.4156 -0.42078 -59.8583 
0.0385872 0 0 72.4253 -0.415527 -59.8622 
0.0384512 0 0 72.4259 -0.413974 -59.8661 
0.0385003 0 0 72.4224 -0.416422 -59.8658 
0.0354246 0 0 72.4215 -0.422547 -59.8573 
0.0393113 0 0 72.4332 -0.433663 -59.8701 
0.0325087 0 0 72.4314 -0.449771 -59.8678 
0.0352129 0 0 72.4281 -0.472283 -59.8661 
0.0380232 0 0 72.4385 -0.503052 -59.8791 
0.0366735 0 0 72.4399 -0.543297 -59.8783 
0.04481 0 0 72.4413 -0.59561 -59.881 
0.03832 0 0 72.4414 -0.663 -59.8743 
0.0378772 0 0 72.4307 -0.74605 -59.8693 
0.0373097 0 0 72.4036 -0.845158 -59.8469 
0.044633 0 0 72.3609 -0.953191 -59.7992 
0.0818376 0 0 72.2792 -1.05853 -59.7163 
0.202004 0 0 72.2056 -1.15296 -59.6285 
0.398491 0 0 72.1256 -1.22789 -59.5328 
0.609784 0 0 72.0736 -1.28384 -59.4673 
0.714479 0 0 72.0758 -1.32251 -59.4577 
0.667292 0 0 72.1119 -1.34159 -59.4857 
0.486986 0 0 72.1833 -1.34126 -59.5571 
0.254686 0 0 72.2558 -1.31597 -59.6398 
0.099685 0 0 72.3261 -1.26251 -59.7288 
0.0339081 0 0 71.9803 -1.10959 -59.5076 
0.0348696 0 0 71.9991 -1.02316 -59.5331 
0.0384804 0 0 71.999 -0.92207 -59.5399 
0.0415118 0 0 72.0088 -0.819616 -59.5485 
0.0468 0 0 71.9997 -0.724514 -59.5418 
0.0391144 0 0 72.0051 -0.642736 -59.5459 
0.0394153 0 0 72.0107 -0.575615 -59.5469 
0.0376143 0 0 72.0088 -0.521769 -59.5443 
0.0417208 0 0 72.0056 -0.479781 -59.5426 
0.0360771 0 0 72.0052 -0.447285 -59.5435 
0.0349114 0 0 71.9984 -0.422483 -59.5338 
0.0376557 0 0 72.001 -0.404404 -59.5399 
0.0342709 0 0 72.0055 -0.391443 -59.5396 
0.0349778 0 0 72.0104 -0.382948 -59.5436 
0.0364871 0 0 72.0032 -0.378101 -59.5369 
0.0343538 0 0 72.0079 -0.376866 -59.5394 
0.0337841 0 0 72.0104 -0.379331 -59.5418 
0.0350269 0 0 71.9986 -0.385062 -59.5345 
0.0381983 0 0 72.0044 -0.395047 -59.5404 
0.0344821 0 0 72.0096 -0.409123 -59.5397 
0.0402741 0 0 72.0035 -0.429417 -59.5433 
0.0398209 0 0 72.0109 -0.45561 -59.5473 
0.0401212 0 0 72.0065 -0.490733 -59.5465 
0.0429064 0 0 72.0049 -0.53528 -59.5464 
0.0399669 0 0 72.0099 -0.591898 -59.5473 
0.0386332 0 0 72.0141 -0.66164 -59.5499 
0.0413811 0 0 72.0058 -0.745708 -59.5484 
0.0364856 0 0 71.9888 -0.83836 -59.5292 
0.0447068 0 0 71.9521 -0.935437 -59.4897 
0.0573473 0 0 71.9166 -1.02809 -59.4527 
0.0931322 0 0 71.884 -1.10598 -59.4101 
0.143325 0 0 71.8642 -1.16474 -59.3792 
0.160527 0 0 71.8554 -1.20262 -59.3661 
0.137695 0 0 71.8891 -1.21776 -59.3915 
0.094047 0 0 71.9091 -1.20852 -59.421 
0.0494965 0 0 71.9517 -1.17318 -59.4671 
0.03164 0 0 71.9729 -1.10947 -59.4994 
0.0377381 0 0 71.6168 -0.964672 -59.2319 
0.0423101 0 0 71.6338 -0.888881 -59.2445 
0.0478222 0 0 71.6265 -0.804505 -59.243 
0.0455596 0 0 71.6223 -0.719857 -59.2407 
0.0448655 0 0 71.6291 -0.642248 -59.244 
0.0421416 0 0 71.6289 -0.574396 -59.2417 
0.03829 0 0 71.6225 -0.518077 -59.2366 
0.0367661 0 0 71.6295 -0.472689 -59.2411 
0.0374699 0 0 71.6221 -0.436344 -59.2329 
0.0338683 0 0 71.6224 -0.408236 -59.2316 
0.0357981 0 0 71.6305 -0.386959 -59.2403 
0.0388192 0 0 71.6268 -0.370612 -59.234 
0.0392279 0 0 71.6187 -0.359181 -59.2306 
0.0344512 0 0 71.6237 -0.351366 -59.2317 
0.0376141 0 0 71.6203 -0.347069 -59.2307 
0.0361213 0 0 71.6155 -0.345888 -59.2285 
0.0325557 0 0 71.6204 -0.347782 -59.2298 
0.0383301 0 0 71.6177 -0.353102 -59.2313 
0.0310573 0 0 71.6254 -0.361391 -59.2314 
0.0333662 0 0 71.6272 -0.374077 -59.2351 
0.0324132 0 0 71.6299 -0.391024 -59.2357 
0.0369891 0 0 71.6207 -0.413886 -59.2333 
0.0379674 0 0 71.6309 -0.443332 -59.2446 
0.0359852 0 0 71.6423 -0.480946 -59.2499 
0.0370611 0 0 71.6341 -0.527744 -59.244 
0.0397713 0 0 71.6257 -0.584985 -59.2418 
0.0424229 0 0 71.6389 -0.65233 -59.2473 
0.0397641 0 0 71.6339 -0.729523 -59.2443 
0.0384226 0 0 71.6274 -0.812204 -59.2413 
0.0410997 0 0 71.6083 -0.893204 -59.2214 
0.0414717 0 0 71.5912 -0.965597 -59.203 
0.0421125 0 0 71.5849 -1.0219 -59.1928 
0.0424694 0 0 71.5971 -1.05859 -59.1954 
0.03777 0 0 71.5854 -1.07103 -59.1869 
0.0353643 0 0 71.6019 -1.05989 -59.2033 
0.0311721 0 0 71.6026 -1.02399 -59.2129 
0.0373584 0 0 71.6339 -0.96528 -59.2407 
0.0443678 0 0 71.3103 -0.842419 -58.9726 
0.046413 0 0 71.3061 -0.780235 -58.9717 
0.0471587 0 0 71.2995 -0.711805 -58.9678 
0.0477388 0 0 71.2959 -0.643048 -58.9639 
0.0454991 0 0 71.3086 -0.579492 -58.9711 
0.0445468 0 0 71.2941 -0.522749 -58.9652 
0.0382942 0 0 71.2963 -0.474665 -58.9606 
0.0372554 0 0 71.2995 -0.435018 -58.9597 
0.0363938 0 0 71.302 -0.403327 -58.9619 
0.0405572 0 0 71.2946 -0.378453 -58.9584 
0.0371338 0 0 71.2989 -0.358917 -58.9609 
0.0375853 0 0 71.2958 -0.3442 -58.9571 
0.035286 0 0 71.2912 -0.333431 -58.9548 
0.0363545 0 0 71.2904 -0.326119 -58.9515 
0.0366398 0 0 71.293 -0.321973 -58.9546 
0.0347536 0 0 71.3069 -0.320726 -58.9624 
0.0356558 0 0 71.2972 -0.322102 -58.9564 
0.0354053 0 0 71.2985 -0.326319 -58.9587 
0.0350633 0 0 71.3021 -0.333497 -58.9609 
0.0375178 0 0 71.296 -0.344272 -58.9613 
0.0405973 0 0 71.2972 -0.358438 -58.9605 
0.0374401 0 0 71.3014 -0.37767 -58.9618 
0.0389938 0 0 71.3121 -0.402229 -58.9697 
0.038995 0 0 71.3016 -0.433075 -58.9633 
0.0361129 0 0 71.3146 -0.471355 -58.9761 
0.0376552 0 0 71.3229 -0.517747 -58.9781 
0.0402146 0 0 71.2977 -0.572021 -58.9669 
0.0407734 0 0 71.3141 -0.633546 -58.9743 
0.0407349 0 0 71.3103 -0.700475 -58.9715 
0.0412872 0 0 71.2984 -0.767695 -58.965 
0.034569 0 0 71.302 -0.829995 -58.9619 
0.0389571 0 0 71.2911 -0.880861 -58.9569 
0.0345513 0 0 71.292 -0.914646 -58.9555 
0.032994 0 0 71.2971 -0.928242 -58.9547 
0.0394659 0 0 71.3024 -0.920279 -58.9664 
0.0376548 0 0 71.2982 -0.89059 -58.962 
0.0432973 0 0 71.3052 -0.842521 -58.9676 
0.053911 0 0 71.0206 -0.745342 -58.7262 
0.0487758 0 0 71.0229 -0.697084 -58.7286 
0.0438349 0 0 71.032 -0.642473 -58.7285 
0.046156 0 0 71.0322 -0.586393 -58.7297 
0.0459164 0 0 71.0128 -0.532603 -58.7185 
0.0416746 0 0 71.0228 -0.484363 -58.7207 
0.0406654 0 0 71.026 -0.44261 -58.7206 
0.0397884 0 0 71.0148 -0.407839 -58.7169 
0.0374371 0 0 71.0244 -0.379312 -58.7199 
0.0375727 0 0 71.0257 -0.356177 -58.7203 
0.0386324 0 0 71.0204 -0.33807 -58.7176 
0.0361928 0 0 71.0182 -0.324195 -58.714 
0.0391809 0 0 71.0156 -0.314058 -58.7145 
0.0386579 0 0 71.0209 -0.306937 -58.7161 
0.0355054 0 0 71.026 -0.302461 -58.719 
0.032002 0 0 71.0244 -0.300748 -58.7168 
0.0340824 0 0 71.024 -0.30144 -58.716 
0.0344776 0 0 71.0179 -0.304582 -58.7128 
0.0410521 0 0 71.0141 -0.310526 -58.7127 
0.0362798 0 0 71.024 -0.319393 -58.72 
0.0389507 0 0 71.027 -0.3315 -58.724 
0.0347292 0 0 71.0343 -0.347187 -58.7266 
0.0349926 0 0 71.0237 -0.367307 -58.7189 
0.0356246 0 0 71.0396 -0.392638 -58.7273 
0.0324617 0 0 71.0366 -0.423546 -58.7259 
0.0395138 0 0 71.0237 -0.460739 -58.721 
0.038728 0 0 71.0266 -0.504527 -58.7272 
0.042471 0 0 71.0335 -0.55347 -58.73 
0.0472104 0 0 71.0207 -0.607163 -58.7258 
0.045341 0 0 71.0287 -0.661513 -58.7276 
0.0413201 0 0 71.0363 -0.714139 -58.7328 
0.048718 0 0 71.0275 -0.75803 -58.7295 
0.0422792 0 0 71.0342 -0.78929 -58.73 
0.0453671 0 0 71.0335 -0.805698 -58.7315 
0.0457307 0 0 71.0319 -0.802551 -58.7316 
0.0468414 0 0 71.0232 -0.781475 -58.7274 
0.0454536 0 0 71.0327 -0.74471 -58.729 
0.0480343 0 0 70.8082 -0.671716 -58.5316 
0.0497711 0 0 70.7976 -0.635147 -58.525 
0.0467729 0 0 70.8043 -0.592021 -58.5281 
0.048311 0 0 70.7994 -0.546065 -58.5258 
0.0423422 0 0 70.7892 -0.50044 -58.5149 
0.0455559 0 0 70.79 -0.458372 -58.5171 
0.0385267 0 0 70.807 -0.421572 -58.522 
0.0452835 0 0 70.7958 -0.389758 -58.5166 
0.0398033 0 0 70.8003 -0.36318 -58.5178 
0.0416931 0 0 70.8007 -0.341587 -58.5198 
0.0396637 0 0 70.8001 -0.324188 -58.5169 
0.0379684 0 0 70.798 -0.310499 -58.5139 
0.0359188 0 0 70.8045 -0.30039 -58.52 
0.0371097 0 0 70.7887 -0.292973 -58.5082 
0.0367709 0 0 70.8008 -0.288313 -58.5158 
0.0362888 0 0 70.8015 -0.285885 -58.515 
0.0397089 0 0 70.794 -0.285807 -58.514 
0.0399926 0 0 70.7975 -0.288145 -58.5161 
0.0363603 0 0 70.8017 -0.29259 -58.5181 
0.0376305 0 0 70.799 -0.299441 -58.5169 
0.0354776 0 0 70.7943 -0.309216 -58.5119 
0.036594 0 0 70.8065 -0.322132 -58.521 
0.0377605 0 0 70.809 -0.3387 -58.5198 
0.0346629 0 0 70.8066 -0.359127 -58.5193 
0.0363036 0 0 70.8096 -0.384328 -58.5225 
0.0336185 0 0 70.8137 -0.414129 -58.5237 
0.0421213 0 0 70.7981 -0.449223 -58.5194 
0.0377831 0 0 70.8081 -0.488699 -58.5241 
0.0399107 0 0 70.8088 -0.532274 -58.5263 
0.045972 0 0 70.7959 -0.577222 -58.521 
0.0456504 0 0 70.8175 -0.621199 -58.5346 
0.0424129 0 0 70.8063 -0.65957 -58.5244 
0.047047 0 0 70.8072 -0.688901 -58.5271 
0.045369 0 0 70.8038 -0.706644 -58.5281 
0.0445573 0 0 70.8067 -0.709511 -58.5273 
0.0490874 0 0 70.8156 -0.697775 -58.5332 
0.0533529 0 0 70.7912 -0.671584 -58.5206 
0.0502647 0 0 70.6339 -0.618216 -58.369 
0.0522791 0 0 70.6221 -0.591975 -58.3625 
0.0502434 0 0 70.6332 -0.557648 -58.3704 
0.0477829 0 0 70.6137 -0.519546 -58.356 
0.0438706 0 0 70.6374 -0.481128 -58.3693 
0.0404836 0 0 70.6338 -0.443541 -58.3602 
0.0400269 0 0 70.6302 -0.409617 -58.3607 
0.0395586 0 0 70.6227 -0.379706 -58.353 
0.0428886 0 0 70.6336 -0.354702 -58.3624 
0.038734 0 0 70.6238 -0.33346 -58.3547 
0.037803 0 0 70.6291 -0.316261 -58.3579 
0.0388016 0 0 70.6173 -0.302589 -58.352 
0.0349866 0 0 70.6374 -0.292188 -58.3655 
0.0406251 0 0 70.6175 -0.284309 -58.3528 
0.0397913 0 0 70.6222 -0.27874 -58.3516 
0.0373032 0 0 70.6234 -0.275536 -58.3514 
0.0358897 0 0 70.6258 -0.27472 -58.3566 
0.0395097 0 0 70.6245 -0.275598 -58.3522 
0.0340824 0 0 70.6278 -0.278819 -58.3568 
0.0353092 0 0 70.628 -0.284203 -58.3564 
0.0367477 0 0 70.6277 -0.291927 -58.3556 
0.0374835 0 0 70.6336 -0.302447 -58.3622 
0.0390196 0 0 70.6252 -0.315791 -58.3561 
0.0367704 0 0 70.6282 -0.33234 -58.3583 
0.037841 0 0 70.6291 -0.35247 -58.3565 
0.0378843 0 0 70.6432 -0.377047 -58.3665 
0.0399624 0 0 70.636 -0.405623 -58.3636 
0.0402112 0 0 70.6324 -0.437658 -58.3624 
0.040265 0 0 70.6226 -0.47357 -58.3589 
0.0411727 0 0 70.6272 -0.511293 -58.3614 
0.0465095 0 0 70.6261 -0.548817 -58.3621 
0.0437733 0 0 70.6335 -0.583541 -58.368 
0.0464869 0 0 70.6324 -0.612403 -58.3694 
0.0480498 0 0 70.6321 -0.631398 -58.368 
0.0508267 0 0 70.6303 -0.63978 -58.3684 
0.0492958 0 0 70.6361 -0.635076 -58.3724 
0.0483787 0 0 70.6333 -0.618606 -58.3649 
0.0480686 0 0 70.519 -0.582867 -58.2575 
0.0473999 0 0 70.5069 -0.564151 -58.2487 
0.0481795 0 0 70.5056 -0.537681 -58.249 
0.047605 0 0 70.5099 -0.5061 -58.2485 
0.0458752 0 0 70.5029 -0.47234 -58.2461 
0.0430191 0 0 70.5181 -0.438722 -58.2555 
0.0419011 0 0 70.4963 -0.406964 -58.2394 
0.0413207 0 0 70.5037 -0.378266 -58.2429 
0.0425796 0 0 70.4939 -0.353336 -58.2375 
0.0386473 0 0 70.5022 -0.332216 -58.2409 
0.0376833 0 0 70.5032 -0.314482 -58.2396 
0.0403571 0 0 70.5004 -0.300109 -58.2381 
0.035564 0 0 70.5 -0.288808 -58.2357 
0.0356034 0 0 70.5024 -0.280081 -58.2374 
0.0394109 0 0 70.4932 -0.27383 -58.2337 
0.0369707 0 0 70.5115 -0.269822 -58.2469 
0.0397351 0 0 70.5019 -0.267604 -58.2385 
0.0377312 0 0 70.5133 -0.267708 -58.249 
0.0371238 0 0 70.5 -0.269368 -58.2369 
0.0391034 0 0 70.5032 -0.27312 -58.2393 
0.0348466 0 0 70.51 -0.279102 -58.2431 
0.0343737 0 0 70.5113 -0.287161 -58.2417 
0.0363086 0 0 70.5097 -0.29803 -58.2418 
0.0405429 0 0 70.5065 -0.311589 -58.242 
0.0393817 0 0 70.4999 -0.328109 -58.2365 
0.0360431 0 0 70.4993 -0.348046 -58.237 
0.0404012 0 0 70.5056 -0.371791 -58.2453 
0.0375674 0 0 70.5092 -0.398827 -58.2425 
0.0391601 0 0 70.5124 -0.429111 -58.2489 
0.0402019 0 0 70.5151 -0.461632 -58.2508 
0.03908 0 0 70.5138 -0.494983 -58.2499 
0.0446971 0 0 70.5118 -0.527076 -58.2521 
0.0474131 0 0 70.507 -0.554925 -58.2471 
0.0458124 0 0 70.5141 -0.576807 -58.2531 
0.0472428 0 0 70.5104 -0.589337 -58.2533 
0.0474459 0 0 70.5064 -0.591248 -58.2472 
0.0490416 0 0 70.4975 -0.582801 -58.2435 
0.0485606 0 0 70.438 -0.562114 -58.1822 
0.0479763 0 0 70.4317 -0.550608 -58.1771 
0.0504062 0 0 70.4272 -0.530666 -58.176 
0.0472664 0 0 70.4383 -0.504845 -58.182 
0.0474711 0 0 70.428 -0.474639 -58.1746 
0.0419039 0 0 70.4332 -0.443437 -58.1759 
0.0438617 0 0 70.425 -0.413143 -58.1708 
0.0414937 0 0 70.4319 -0.38479 -58.1748 
0.0415954 0 0 70.43 -0.359522 -58.1715 
0.0390647 0 0 70.4295 -0.337469 -58.1694 
0.0407514 0 0 70.4339 -0.318832 -58.1758 
0.0392525 0 0 70.4371 -0.303269 -58.177 
0.0369725 0 0 70.4304 -0.290593 -58.1682 
0.0367011 0 0 70.425 -0.280746 -58.1649 
0.0381633 0 0 70.4356 -0.273332 -58.1744 
0.0404285 0 0 70.4279 -0.268056 -58.1715 
0.0387314 0 0 70.4176 -0.26464 -58.1613 
0.0367056 0 0 70.4284 -0.263297 -58.1661 
0.0387841 0 0 70.4255 -0.26383 -58.1677 
0.0376048 0 0 70.4326 -0.266072 -58.1709 
0.0393791 0 0 70.4317 -0.270381 -58.1726 
0.0386396 0 0 70.4309 -0.276778 -58.1714 
0.0378526 0 0 70.429 -0.285182 -58.1679 
0.0368397 0 0 70.4361 -0.296189 -58.1714 
0.0395851 0 0 70.4365 -0.310112 -58.177 
0.0351522 0 0 70.4311 -0.326671 -58.1697 
0.0412603 0 0 70.4269 -0.346697 -58.1687 
0.0414646 0 0 70.4268 -0.369792 -58.1712 
0.0394761 0 0 70.4403 -0.396164 -58.1748 
0.0426773 0 0 70.4325 -0.425235 -58.1741 
0.0435134 0 0 70.4247 -0.455463 -58.1699 
0.0417531 0 0 70.4285 -0.486192 -58.1752 
0.0517573 0 0 70.4264 -0.514881 -58.1756 
0.0449175 0 0 70.4354 -0.538473 -58.1779 
0.0479703 0 0 70.4241 -0.555899 -58.1746 
0.0498323 0 0 70.4212 -0.563673 -58.1715 
0.0506909 0 0 70.4344 -0.562195 -58.1798 
0.0503258 0 0 70.4034 -0.55525 -58.1521 
0.0487207 0 0 70.4141 -0.550956 -58.1595 
0.0501747 0 0 70.3991 -0.536747 -58.1514 
0.0505403 0 0 70.405 -0.51543 -58.1539 
0.0444283 0 0 70.3997 -0.488506 -58.1474 
0.0454241 0 0 70.4138 -0.459138 -58.1567 
0.0416107 0 0 70.4104 -0.429229 -58.1519 
0.0438312 0 0 70.4073 -0.400303 -58.1517 
0.0427984 0 0 70.4017 -0.373355 -58.1474 
0.0415972 0 0 70.4035 -0.349782 -58.1474 
0.0403409 0 0 70.4028 -0.329251 -58.1463 
0.0340359 0 0 70.4134 -0.311967 -58.1505 
0.0385423 0 0 70.4082 -0.297792 -58.149 
0.0372747 0 0 70.3937 -0.285891 -58.1362 
0.0379571 0 0 70.4009 -0.277182 -58.146 
0.035125 0 0 70.4108 -0.2704 -58.1497 
0.0359344 0 0 70.4041 -0.265704 -58.1457 
0.0419407 0 0 70.3956 -0.262719 -58.1399 
0.0349265 0 0 70.4072 -0.261851 -58.1455 
0.035891 0 0 70.4087 -0.262864 -58.1459 
0.0378069 0 0 70.4038 -0.265557 -58.1442 
0.0357006 0 0 70.4085 -0.270329 -58.1485 
0.0369112 0 0 70.4108 -0.277206 -58.1494 
0.0408679 0 0 70.4062 -0.286049 -58.1468 
0.0382606 0 0 70.4023 -0.297666 -58.1431 
0.0379118 0 0 70.4062 -0.311898 -58.1467 
0.040828 0 0 70.4105 -0.32943 -58.1543 
0.0419611 0 0 70.4089 -0.349746 -58.1519 
0.042641 0 0 70.4086 -0.373307 -58.1493 
0.0419161 0 0 70.4069 -0.399929 -58.1486 
0.0417612 0 0 70.4063 -0.428897 -58.1496 
0.0462215 0 0 70.408 -0.459325 -58.1541 
0.0464681 0 0 70.4041 -0.488658 -58.1532 
0.0466076 0 0 70.4085 -0.515328 -58.1564 
0.0460597 0 0 70.4075 -0.5365 -58.1537 
0.0520717 0 0 70.4057 -0.550733 -58.1579 
0.0521275 0 0 70.4122 -0.555444 -58.1602 
