54.5109 0 0 -54.8284 17.4104 27.7713 
53.4478 0 0 -54.8882 17.3439 27.7652 
50.2784 0 0 -55.0418 17.0216 27.733 
45.2097 0 0 -55.3351 16.6451 27.696 
38.4747 0 0 -55.7182 15.9643 27.6258 
30.7998 0 0 -56.2371 14.9861 27.5199 
22.73 0 0 -56.8646 13.5901 27.3577 
15.0845 0 0 -57.5837 11.7452 27.1213 
8.89861 0 0 -58.3409 9.4645 26.7869 
4.44778 0 0 -59.0415 6.95573 26.3453 
1.84626 0 0 -59.6268 4.57609 25.8172 
0.55591 0 0 -60.0171 2.56203 25.2262 
0.0963367 0 0 -60.2069 1.04928 24.6166 
0.0119075 0 0 -60.23 0.0203985 24.0352 
0.0553119 0 0 -60.1537 -0.62529 23.5233 
0.131623 0 0 -60.0569 -1.00201 23.116 
0.174788 0 0 -59.93 -1.21688 22.8127 
0.199142 0 0 -59.8614 -1.32257 22.6326 
0.220462 0 0 -59.839 -1.35268 22.5741 
0.207927 0 0 -59.8635 -1.32367 22.6296 
0.18849 0 0 -59.9439 -1.21475 22.8163 
0.11726 0 0 -60.0507 -1.00041 23.1178 
0.0555671 0 0 -60.1602 -0.619286 23.5291 
0.0124961 0 0 -60.2275 0.0141177 24.031 
0.101083 0 0 -60.2087 1.04282 24.6135 
0.564986 0 0 -60.0073 2.54282 25.2195 
1.82338 0 0 -59.6214 4.58736 25.8199 
4.4434 0 0 -59.0454 6.97939 26.3501 
8.9064 0 0 -58.3471 9.45132 26.7849 
15.0968 0 0 -57.5865 11.7058 27.1159 
22.7457 0 0 -56.8624 13.548 27.3523 
30.7882 0 0 -56.2404 14.9677 27.5178 
38.5812 0 0 -55.7242 15.9625 27.6256 
45.2246 0 0 -55.3305 16.667 27.6984 
50.3039 0 0 -55.0545 17.0769 27.7389 
53.4238 0 0 -54.8968 17.3811 27.769 
54.5058 0 0 -54.8281 17.3893 27.7692 
53.4799 0 0 -54.8858 17.2889 27.7593 
51.3342 0 0 -55.0315 17.1633 27.7477 
47.1873 0 0 -55.3073 16.8868 27.7213 
41.2784 0 0 -55.6927 16.3808 27.6709 
34.0372 0 0 -56.1955 15.5744 27.5867 
26.1575 0 0 -56.8296 14.3877 27.4549 
18.0654 0 0 -57.5693 12.8146 27.2655 
11.1658 0 0 -58.3545 10.6772 26.9761 
5.8823 0 0 -59.1484 8.21959 26.5857 
2.55231 0 0 -59.8166 5.65651 26.0821 
0.837416 0 0 -60.2718 3.36408 25.4937 
0.168293 0 0 -60.4866 1.57717 24.8658 
0.0170297 0 0 -60.5095 0.337109 24.2509 
0.0372349 0 0 -60.3715 -0.456689 23.6907 
0.110895 0 0 -60.2079 -0.918378 23.2331 
0.172245 0 0 -60.0108 -1.18475 22.8758 
0.203639 0 0 -59.8499 -1.32032 22.6424 
0.22591 0 0 -59.744 -1.37608 22.5268 
0.224318 0 0 -59.6911 -1.3675 22.5374 
0.190136 0 0 -59.6658 -1.30068 22.6567 
0.143492 0 0 -59.7006 -1.14301 22.9058 
0.0802276 0 0 -59.7621 -0.859124 23.2654 
0.023562 0 0 -59.8074 -0.366204 23.732 
0.0348345 0 0 -59.7991 0.433018 24.2775 
0.284694 0 0 -59.6645 1.65734 24.8738 
1.11347 0 0 -59.3641 3.36205 25.4729 
2.97099 0 0 -58.8914 5.52116 26.0357 
6.44229 0 0 -58.2596 7.93244 26.5223 
11.6143 0 0 -57.5945 10.3301 26.9153 
18.4727 0 0 -56.9184 12.4191 27.2069 
26.2419 0 0 -56.282 13.983 27.401 
33.9458 0 0 -55.7719 15.2904 27.5508 
41.1945 0 0 -55.3749 16.1665 27.6449 
47.0596 0 0 -55.0861 16.7865 27.709 
51.2757 0 0 -54.9118 17.0971 27.7398 
53.5165 0 0 -54.8405 17.2204 27.7518 
53.411 0 0 -54.8882 17.3366 27.7643 
50.2694 0 0 -55.0537 17.0885 27.7402 
47.1701 0 0 -55.3033 16.909 27.7236 
42.3009 0 0 -55.6845 16.5084 27.6845 
35.7977 0 0 -56.1744 15.7921 27.6108 
28.1348 0 0 -56.8083 14.9295 27.5188 
20.2988 0 0 -57.5514 13.4819 27.351 
13.0361 0 0 -58.3729 11.5967 27.1098 
7.10106 0 0 -59.1992 9.17089 26.7512 
3.18695 0 0 -59.9366 6.55535 26.2808 
1.06809 0 0 -60.458 4.05904 25.701 
0.2398 0 0 -60.6872 2.00798 25.05 
0.0179851 0 0 -60.657 0.548093 24.3869 
0.0369814 0 0 -60.4793 -0.360224 23.7853 
0.115272 0 0 -60.2131 -0.906016 23.2627 
0.171745 0 0 -59.9218 -1.20972 22.8508 
0.212796 0 0 -59.6522 -1.36825 22.5572 
0.225485 0 0 -59.4556 -1.43832 22.3893 
0.227896 0 0 -59.3024 -1.45206 22.3379 
0.223579 0 0 -59.2203 -1.413 22.4119 
0.167143 0 0 -59.1864 -1.31174 22.6041 
0.125701 0 0 -59.2034 -1.11876 22.9128 
0.0591401 0 0 -59.2174 -0.77474 23.3318 
0.0144369 0 0 -59.241 -0.196366 23.8448 
0.0935618 0 0 -59.1622 0.729781 24.4269 
0.523696 0 0 -58.976 2.11409 25.0426 
1.6845 0 0 -58.6193 3.94693 25.633 
4.07508 0 0 -58.135 6.20419 26.1788 
7.9881 0 0 -57.5528 8.57409 26.6295 
13.6646 0 0 -56.93 10.8011 26.9802 
20.6596 0 0 -56.3394 12.7432 27.2451 
28.2992 0 0 -55.8355 14.1942 27.423 
35.5898 0 0 -55.4383 15.3622 27.5564 
42.0147 0 0 -55.1383 16.134 27.6395 
46.9944 0 0 -54.9583 16.6786 27.6965 
50.1537 0 0 -54.8769 16.97 27.7264 
51.281 0 0 -54.907 17.0956 27.7396 
50.2975 0 0 -55.0515 17.0797 27.7392 
45.1295 0 0 -55.322 16.6067 27.6917 
41.2216 0 0 -55.6838 16.4336 27.6767 
35.794 0 0 -56.1677 15.8398 27.6161 
28.9695 0 0 -56.7786 14.9913 27.5258 
21.4496 0 0 -57.5318 13.8351 27.3951 
14.1636 0 0 -58.372 12.1239 27.1832 
7.98271 0 0 -59.2429 9.89473 26.8692 
3.70353 0 0 -60.0218 7.23995 26.4207 
1.23264 0 0 -60.5829 4.6033 25.851 
0.266209 0 0 -60.8197 2.32584 25.1779 
0.0136371 0 0 -60.7355 0.678457 24.471 
0.0379869 0 0 -60.4587 -0.353245 23.8069 
0.118145 0 0 -60.0849 -0.948264 23.229 
0.181195 0 0 -59.6869 -1.2747 22.7568 
0.224455 0 0 -59.3191 -1.4402 22.4072 
0.241367 0 0 -59.0041 -1.51882 22.1758 
0.241328 0 0 -58.7577 -1.54231 22.0673 
0.228587 0 0 -58.5852 -1.52756 22.0793 
0.207925 0 0 -58.482 -1.47229 22.21 
0.14433 0 0 -58.4494 -1.35435 22.4689 
0.108532 0 0 -58.4564 -1.14492 22.8325 
0.0392399 0 0 -58.489 -0.766629 23.3089 
0.0184253 0 0 -58.4814 -0.131162 23.8698 
0.160471 0 0 -58.3992 0.868405 24.4824 
0.701782 0 0 -58.2242 2.36517 25.1236 
2.0859 0 0 -57.8831 4.29131 25.7184 
4.77739 0 0 -57.4136 6.49977 26.2346 
9.01181 0 0 -56.8975 8.83438 26.6689 
14.8494 0 0 -56.3807 10.9677 27.0004 
21.6903 0 0 -55.9016 12.7448 27.2421 
28.701 0 0 -55.5071 14.1932 27.4206 
35.3354 0 0 -55.2 15.1603 27.5315 
40.9556 0 0 -55.0084 15.8519 27.6075 
44.9419 0 0 -54.934 16.3754 27.6639 
46.8779 0 0 -54.9591 16.7068 27.6995 
47.1082 0 0 -55.0839 16.7439 27.7044 
45.1579 0 0 -55.3355 16.6858 27.7004 
38.5042 0 0 -55.7167 15.9585 27.6251 
34.0919 0 0 -56.2013 15.5514 27.5841 
28.1959 0 0 -56.8096 14.9345 27.5193 
21.5093 0 0 -57.5272 13.8157 27.3927 
14.6509 0 0 -58.3754 12.3027 27.2075 
8.49243 0 0 -59.2522 10.2469 26.9245 
3.93933 0 0 -60.0811 7.72026 26.5139 
1.34295 0 0 -60.6594 4.98912 25.9516 
0.26286 0 0 -60.8901 2.55014 25.2648 
0.00928615 0 0 -60.757 0.746679 24.5185 
0.0446749 0 0 -60.3789 -0.389647 23.7921 
0.119101 0 0 -59.8929 -1.01769 23.1584 
0.173558 0 0 -59.3567 -1.35703 22.616 
0.21809 0 0 -58.8772 -1.5196 22.2046 
0.232076 0 0 -58.4533 -1.59112 21.9165 
0.245125 0 0 -58.1122 -1.61444 21.75 
0.240154 0 0 -57.8534 -1.61148 21.6983 
0.206158 0 0 -57.6661 -1.58396 21.7661 
0.186803 0 0 -57.5754 -1.52403 21.9555 
0.143104 0 0 -57.537 -1.41235 22.2592 
0.0878316 0 0 -57.5535 -1.20526 22.6755 
0.0365375 0 0 -57.6121 -0.823814 23.2043 
0.0245313 0 0 -57.6369 -0.176642 23.808 
0.194565 0 0 -57.5886 0.852244 24.4559 
0.774501 0 0 -57.4432 2.36559 25.1121 
2.22165 0 0 -57.1593 4.32498 25.7193 
4.96461 0 0 -56.7837 6.57178 26.2438 
9.26266 0 0 -56.3498 8.79387 26.6578 
14.7222 0 0 -55.9298 10.851 26.9803 
21.0684 0 0 -55.5617 12.5268 27.2111 
27.5716 0 0 -55.2764 13.7837 27.3692 
33.2226 0 0 -55.0898 14.8655 27.497 
37.8108 0 0 -54.9957 15.5204 27.5708 
40.904 0 0 -55.0167 15.9227 27.6155 
42.0932 0 0 -55.1384 16.0996 27.6356 
41.2513 0 0 -55.3771 16.202 27.6489 
38.5338 0 0 -55.7227 15.9606 27.6254 
30.792 0 0 -56.2299 14.976 27.5187 
26.0249 0 0 -56.8361 14.4484 27.4621 
20.2965 0 0 -57.5424 13.4762 27.3503 
14.167 0 0 -58.378 12.1777 27.1904 
8.48804 0 0 -59.2541 10.2442 26.9242 
4.0931 0 0 -60.0866 7.86204 26.5407 
1.39201 0 0 -60.7059 5.17703 25.9997 
0.258973 0 0 -60.9328 2.66246 25.3092 
0.00580769 0 0 -60.7573 0.764614 24.5365 
0.0486581 0 0 -60.2778 -0.437551 23.7642 
0.127287 0 0 -59.6678 -1.10076 23.0621 
0.179251 0 0 -59.0196 -1.42954 22.472 
0.208887 0 0 -58.4082 -1.58418 21.9919 
0.219641 0 0 -57.8837 -1.64253 21.6455 
0.228753 0 0 -57.4271 -1.65836 21.414 
0.220891 0 0 -57.0708 -1.65389 21.3001 
0.207527 0 0 -56.8141 -1.63709 21.3068 
0.188941 0 0 -56.6244 -1.6107 21.4157 
0.170172 0 0 -56.5373 -1.55927 21.6493 
0.127989 0 0 -56.5256 -1.46389 21.9952 
0.0850544 0 0 -56.5563 -1.28373 22.4474 
0.0419231 0 0 -56.6401 -0.938506 23.0107 
0.0267165 0 0 -56.7196 -0.32786 23.6527 
0.171843 0 0 -56.7431 0.680497 24.3423 
0.706055 0 0 -56.672 2.16278 25.0234 
2.09838 0 0 -56.4849 4.05763 25.6383 
4.64159 0 0 -56.2018 6.22471 26.1656 
8.53572 0 0 -55.8878 8.42666 26.5909 
13.5627 0 0 -55.5933 10.415 26.913 
19.3338 0 0 -55.3298 11.9794 27.1361 
24.8295 0 0 -55.1647 13.3237 27.3114 
29.7581 0 0 -55.0687 14.1503 27.4124 
33.3267 0 0 -55.0857 14.7908 27.4882 
35.3811 0 0 -55.2102 15.202 27.5364 
35.6593 0 0 -55.4303 15.2816 27.547 
33.9607 0 0 -55.7786 15.3008 27.552 
30.8688 0 0 -56.2315 14.9083 27.5108 
22.72 0 0 -56.8698 13.5903 27.3577 
18.1558 0 0 -57.5614 12.7486 27.2569 
13.004 0 0 -58.3615 11.5311 27.1007 
8.04061 0 0 -59.2385 9.89399 26.8691 
3.95612 0 0 -60.0798 7.73175 26.516 
1.37531 0 0 -60.7089 5.18051 26.0004 
0.256671 0 0 -60.9383 2.70517 25.325 
0.00362246 0 0 -60.7328 0.754391 24.5364 
0.0500963 0 0 -60.2083 -0.478104 23.7372 
0.124096 0 0 -59.4736 -1.15899 22.9864 
0.192182 0 0 -58.7239 -1.48632 22.3394 
0.203355 0 0 -58.0063 -1.62374 21.812 
0.220988 0 0 -57.363 -1.6691 21.4022 
0.20943 0 0 -56.796 -1.67254 21.1062 
0.208231 0 0 -56.329 -1.66086 20.9232 
0.193006 0 0 -55.9739 -1.64411 20.8575 
0.184055 0 0 -55.7117 -1.62626 20.9003 
0.164586 0 0 -55.5316 -1.60485 21.0512 
0.141725 0 0 -55.4566 -1.57105 21.3108 
0.111583 0 0 -55.4457 -1.50166 21.6788 
0.077139 0 0 -55.5173 -1.35732 22.1649 
0.04159 0 0 -55.6308 -1.07595 22.7428 
0.0365708 0 0 -55.7827 -0.546185 23.4112 
0.140885 0 0 -55.8835 0.361466 24.1284 
0.570432 0 0 -55.9212 1.73711 24.8378 
1.72237 0 0 -55.8405 3.52043 25.4737 
3.85473 0 0 -55.7113 5.63947 26.0305 
7.21859 0 0 -55.5113 7.72244 26.4602 
11.5181 0 0 -55.3352 9.61011 26.786 
16.2863 0 0 -55.2055 11.1862 27.0243 
20.9324 0 0 -55.1324 12.3806 27.1891 
24.812 0 0 -55.1507 13.2641 27.3038 
27.4771 0 0 -55.2742 13.8213 27.3739 
28.7115 0 0 -55.5082 14.2096 27.4226 
28.3057 0 0 -55.8353 14.1889 27.4224 
26.2064 0 0 -56.2933 14.0485 27.4091 
22.7364 0 0 -56.8681 13.5233 27.3493 
15.1456 0 0 -57.576 11.7141 27.1169 
11.1829 0 0 -58.358 10.6586 26.9734 
7.08055 0 0 -59.2128 9.22857 26.7606 
3.65726 0 0 -60.0275 7.30423 26.4328 
1.33251 0 0 -60.6622 4.99692 25.9538 
0.263914 0 0 -60.9338 2.66282 25.3091 
0.00323883 0 0 -60.7423 0.759108 24.5388 
0.0546312 0 0 -60.1728 -0.497581 23.7231 
0.141796 0 0 -59.3787 -1.19213 22.9418 
0.181482 0 0 -58.5236 -1.51963 22.252 
0.214184 0 0 -57.703 -1.649 21.6711 
0.196413 0 0 -56.9404 -1.68043 21.2035 
0.18632 0 0 -56.2749 -1.6704 20.8525 
0.187348 0 0 -55.7102 -1.64562 20.6088 
0.186586 0 0 -55.2484 -1.62117 20.4701 
0.166125 0 0 -54.8862 -1.60078 20.4371 
0.161653 0 0 -54.6184 -1.58649 20.5072 
0.144544 0 0 -54.4541 -1.57514 20.6792 
0.133226 0 0 -54.3751 -1.55681 20.9539 
0.110952 0 0 -54.3877 -1.5151 21.3391 
0.0782911 0 0 -54.4787 -1.41742 21.8253 
0.0584696 0 0 -54.6339 -1.20578 22.4157 
0.0377809 0 0 -54.8293 -0.785479 23.0924 
0.100992 0 0 -55.0313 -0.0378086 23.8205 
0.377899 0 0 -55.1735 1.14068 24.5465 
1.19505 0 0 -55.2643 2.78246 25.2254 
2.84138 0 0 -55.2554 4.69469 25.7951 
5.46712 0 0 -55.2125 6.6706 26.2509 
8.88337 0 0 -55.1509 8.48838 26.5964 
12.758 0 0 -55.1474 9.99354 26.8455 
16.2875 0 0 -55.196 11.2139 27.0283 
19.2688 0 0 -55.3342 11.994 27.1382 
21.0311 0 0 -55.5617 12.5448 27.2136 
21.6129 0 0 -55.8972 12.775 27.2459 
20.7115 0 0 -56.3431 12.7198 27.2419 
18.4715 0 0 -56.903 12.3878 27.2026 
15.1282 0 0 -57.5958 11.7543 27.1225 
8.88305 0 0 -58.344 9.47331 26.7883 
5.88517 0 0 -59.1583 8.23714 26.5889 
3.16505 0 0 -59.9372 6.56823 26.2831 
1.24698 0 0 -60.5793 4.59482 25.8491 
0.260414 0 0 -60.9074 2.55384 25.2665 
0.00618904 0 0 -60.7623 0.765815 24.5374 
0.0512882 0 0 -60.1961 -0.481433 23.734 
0.127526 0 0 -59.3785 -1.19013 22.9436 
0.177676 0 0 -58.4481 -1.53192 22.2165 
0.19858 0 0 -57.5279 -1.65998 21.5938 
0.186082 0 0 -56.6688 -1.6834 21.0741 
0.183795 0 0 -55.8989 -1.66216 20.6649 
0.168771 0 0 -55.2362 -1.62477 20.3655 
0.15711 0 0 -54.6719 -1.58906 20.1621 
0.149504 0 0 -54.1981 -1.56011 20.0552 
0.136248 0 0 -53.8389 -1.54111 20.0456 
0.128115 0 0 -53.572 -1.5306 20.1332 
0.12496 0 0 -53.4205 -1.52621 20.323 
0.105921 0 0 -53.3474 -1.52311 20.6 
0.0964776 0 0 -53.3744 -1.50431 20.9851 
0.07194 0 0 -53.4824 -1.44686 21.4677 
0.0603955 0 0 -53.6672 -1.30793 22.0419 
0.0402524 0 0 -53.9149 -1.00927 22.7063 
0.0641216 0 0 -54.1744 -0.453965 23.4209 
0.233203 0 0 -54.4498 0.487479 24.1617 
0.717013 0 0 -54.6808 1.85617 24.8618 
1.72571 0 0 -54.8222 3.54439 25.4667 
3.59485 0 0 -54.9375 5.34354 25.9532 
6.07921 0 0 -55.0406 7.07658 26.3319 
8.84148 0 0 -55.1633 8.5216 26.6023 
11.5159 0 0 -55.3272 9.59619 26.7836 
13.6054 0 0 -55.5819 10.3804 26.9078 
14.7255 0 0 -55.9298 10.8462 26.9795 
14.8127 0 0 -56.3827 11.0046 27.0058 
13.7056 0 0 -56.9248 10.7914 26.9787 
11.6491 0 0 -57.5841 10.2879 26.9087 
8.85428 0 0 -58.3343 9.48093 26.7896 
4.46282 0 0 -59.0523 6.9686 26.3481 
2.54417 0 0 -59.8138 5.67315 26.0859 
1.05905 0 0 -60.451 4.02963 25.693 
0.270409 0 0 -60.8026 2.32596 25.1777 
0.0108885 0 0 -60.763 0.740307 24.5153 
0.0436578 0 0 -60.2682 -0.435983 23.765 
0.123782 0 0 -59.4696 -1.1637 22.9805 
0.186039 0 0 -58.5287 -1.51731 22.2552 
0.193546 0 0 -57.5244 -1.6597 21.5923 
0.181482 0 0 -56.5752 -1.68278 21.0341 
0.177083 0 0 -55.7043 -1.65474 20.5746 
0.159973 0 0 -54.9324 -1.60811 20.2108 
0.148603 0 0 -54.2573 -1.56073 19.946 
0.136689 0 0 -53.6896 -1.51952 19.7721 
0.130415 0 0 -53.233 -1.49074 19.6882 
0.110297 0 0 -52.8743 -1.47324 19.6973 
0.113407 0 0 -52.6216 -1.46663 19.7963 
0.102457 0 0 -52.4527 -1.46846 19.9804 
0.0963259 0 0 -52.3937 -1.47583 20.2567 
0.0930556 0 0 -52.4222 -1.47631 20.6208 
0.0755719 0 0 -52.5396 -1.45368 21.0829 
0.0556058 0 0 -52.7548 -1.37434 21.636 
0.0559117 0 0 -53.0361 -1.18929 22.2644 
0.0578065 0 0 -53.3723 -0.809078 22.9604 
0.120829 0 0 -53.7455 -0.133705 23.6889 
0.343101 0 0 -54.0881 0.902865 24.3924 
0.926531 0 0 -54.4046 2.27295 25.0243 
2.00202 0 0 -54.6859 3.83002 25.55 
3.55986 0 0 -54.9348 5.35528 25.956 
5.36742 0 0 -55.2026 6.69981 26.257 
7.20312 0 0 -55.5194 7.7249 26.4609 
8.51767 0 0 -55.8974 8.45202 26.5953 
9.25811 0 0 -56.3568 8.81148 26.6608 
9.07124 0 0 -56.9079 8.86362 26.6738 
8.00344 0 0 -57.5499 8.58322 26.6311 
6.39392 0 0 -58.2699 7.93222 26.5222 
4.41529 0 0 -59.0509 6.97169 26.3486 
1.83173 0 0 -59.6295 4.58583 25.8195 
0.847785 0 0 -60.2696 3.3582 25.492 
0.223739 0 0 -60.6794 2.00401 25.0483 
0.0161628 0 0 -60.7355 0.682601 24.4733 
0.0370721 0 0 -60.3768 -0.384964 23.7952 
0.132904 0 0 -59.6707 -1.09687 23.0658 
0.175722 0 0 -58.7289 -1.48485 22.3419 
0.201259 0 0 -57.7027 -1.64803 21.6726 
0.199478 0 0 -56.6828 -1.68225 21.0826 
0.184414 0 0 -55.7171 -1.65459 20.5764 
0.158314 0 0 -54.8288 -1.60179 20.1596 
0.141112 0 0 -54.0484 -1.54448 19.8354 
0.127021 0 0 -53.3796 -1.49253 19.5976 
0.117044 0 0 -52.8151 -1.45157 19.4473 
0.106582 0 0 -52.3555 -1.42311 19.3782 
0.0996461 0 0 -51.9923 -1.40631 19.3902 
0.0934907 0 0 -51.7419 -1.40249 19.4865 
0.0839752 0 0 -51.5845 -1.40854 19.6648 
0.0806088 0 0 -51.5234 -1.42104 19.9293 
0.0698329 0 0 -51.5592 -1.4341 20.2728 
0.0731734 0 0 -51.6934 -1.4362 20.7043 
0.0654257 0 0 -51.9208 -1.40527 21.2142 
0.0555403 0 0 -52.2206 -1.30614 21.7974 
0.0501437 0 0 -52.6107 -1.0775 22.453 
0.0731579 0 0 -53.0528 -0.648434 23.1417 
0.144788 0 0 -53.5053 0.0614973 23.8323 
0.422239 0 0 -53.9755 1.05586 24.4706 
0.916003 0 0 -54.4126 2.27903 25.0266 
1.75325 0 0 -54.8326 3.55307 25.4693 
2.78594 0 0 -55.2568 4.73045 25.8045 
3.84555 0 0 -55.7019 5.61736 26.0254 
4.66444 0 0 -56.2044 6.23588 26.1679 
5.00489 0 0 -56.7692 6.53313 26.2358 
4.72456 0 0 -57.4233 6.52487 26.2397 
3.98012 0 0 -58.1421 6.21969 26.1822 
2.9922 0 0 -58.8795 5.51973 26.0353 
1.81748 0 0 -59.6295 4.59093 25.8208 
0.570896 0 0 -60.0197 2.5593 25.2251 
0.170247 0 0 -60.4863 1.57235 24.8635 
0.017041 0 0 -60.6623 0.556542 24.3911 
0.0324515 0 0 -60.4522 -0.357064 23.8048 
0.115847 0 0 -59.8793 -1.01998 23.1553 
0.17954 0 0 -59.0163 -1.43073 22.4695 
0.199007 0 0 -57.9962 -1.62368 21.8113 
0.205404 0 0 -56.9409 -1.67996 21.2077 
0.180313 0 0 -55.8923 -1.66191 20.6654 
0.163884 0 0 -54.9335 -1.60819 20.2132 
0.134773 0 0 -54.0501 -1.544 19.8337 
0.126669 0 0 -53.2809 -1.48295 19.5422 
0.110804 0 0 -52.6035 -1.43048 19.3237 
0.0978982 0 0 -52.0314 -1.38916 19.1835 
0.0959581 0 0 -51.5837 -1.36139 19.1206 
0.0894034 0 0 -51.2217 -1.34534 19.1347 
0.0866329 0 0 -50.9742 -1.34226 19.2242 
0.0755792 0 0 -50.8197 -1.34957 19.3869 
0.0794133 0 0 -50.7696 -1.36582 19.6304 
0.0742924 0 0 -50.8092 -1.38628 19.9449 
0.0715464 0 0 -50.9424 -1.40375 20.335 
0.0667232 0 0 -51.1749 -1.40444 20.7993 
0.0597494 0 0 -51.4992 -1.36589 21.3304 
0.0537948 0 0 -51.9028 -1.25179 21.9212 
0.0528274 0 0 -52.3836 -1.01413 22.5521 
0.0770644 0 0 -52.9289 -0.586076 23.2055 
0.153921 0 0 -53.5103 0.0623043 23.8336 
0.354652 0 0 -54.0928 0.905659 24.394 
0.697198 0 0 -54.6806 1.86124 24.8642 
1.16142 0 0 -55.2497 2.77392 25.2225 
1.70284 0 0 -55.8545 3.53084 25.4771 
2.08128 0 0 -56.4782 4.07868 25.644 
2.24797 0 0 -57.1531 4.3199 25.7178 
2.09565 0 0 -57.8848 4.28336 25.7161 
1.66873 0 0 -58.6162 3.9415 25.6313 
1.11821 0 0 -59.3636 3.38075 25.4785 
0.551129 0 0 -60.0229 2.55314 25.223 
0.0979843 0 0 -60.211 1.04656 24.6153 
0.0165003 0 0 -60.5035 0.337566 24.2511 
0.0388525 0 0 -60.479 -0.362355 23.7843 
0.113581 0 0 -60.093 -0.946144 23.2316 
0.172746 0 0 -59.3644 -1.3558 22.6183 
0.208888 0 0 -58.4207 -1.58124 21.9992 
0.201023 0 0 -57.3521 -1.67054 21.3983 
0.195861 0 0 -56.2789 -1.67065 20.8529 
0.177832 0 0 -55.2312 -1.6246 20.363 
0.148064 0 0 -54.2592 -1.56014 19.9481 
0.127421 0 0 -53.3766 -1.49266 19.5963 
0.116974 0 0 -52.6023 -1.43068 19.3226 
0.108064 0 0 -51.9301 -1.37772 19.1189 
0.0944357 0 0 -51.369 -1.33697 18.9856 
0.0938903 0 0 -50.9172 -1.3095 18.9236 
0.0859439 0 0 -50.5636 -1.2938 18.9286 
0.0801615 0 0 -50.3135 -1.28955 19.0032 
0.0683861 0 0 -50.1499 -1.29614 19.1436 
0.0653807 0 0 -50.0954 -1.31252 19.3559 
0.0622545 0 0 -50.1424 -1.33686 19.6357 
0.0633492 0 0 -50.2948 -1.36282 19.9858 
0.054259 0 0 -50.5204 -1.38242 20.3937 
0.0610156 0 0 -50.853 -1.38312 20.8695 
0.0590919 0 0 -51.2875 -1.34368 21.3955 
0.0546307 0 0 -51.7868 -1.23332 21.9609 
0.0587937 0 0 -52.3853 -1.01433 22.5519 
0.0745404 0 0 -53.0451 -0.652434 23.1367 
0.110452 0 0 -53.7447 -0.130151 23.6909 
0.212819 0 0 -54.4594 0.494806 24.1662 
0.400007 0 0 -55.175 1.1436 24.548 
0.583508 0 0 -55.9049 1.71305 24.8273 
0.732643 0 0 -56.6847 2.17055 25.0265 
0.775205 0 0 -57.4336 2.36802 25.1127 
0.699085 0 0 -58.2198 2.35048 25.1182 
0.520027 0 0 -58.9682 2.10391 25.0386 
0.277492 0 0 -59.6527 1.6496 24.8709 
0.0998064 0 0 -60.2077 1.04372 24.6139 
0.0118389 0 0 -60.2223 0.0135554 24.0306 
0.0423946 0 0 -60.3873 -0.455128 23.6925 
0.107152 0 0 -60.1998 -0.905624 23.2629 
0.170415 0 0 -59.6797 -1.27364 22.7582 
0.216142 0 0 -58.8737 -1.52025 22.2033 
0.23021 0 0 -57.8889 -1.64223 21.648 
0.216069 0 0 -56.8019 -1.6729 21.1068 
0.194676 0 0 -55.6999 -1.64598 20.6033 
0.158905 0 0 -54.6668 -1.58866 20.163 
0.132547 0 0 -53.6926 -1.51997 19.7722 
0.130202 0 0 -52.818 -1.45137 19.4458 
0.104193 0 0 -52.0405 -1.38943 19.1862 
0.0902457 0 0 -51.3719 -1.33725 18.9853 
0.0825473 0 0 -50.8013 -1.29608 18.8507 
0.0730667 0 0 -50.3491 -1.26739 18.779 
0.0700514 0 0 -50.0026 -1.25093 18.7758 
0.071452 0 0 -49.7525 -1.24496 18.8274 
0.062598 0 0 -49.6035 -1.25028 18.9441 
0.0623992 0 0 -49.5432 -1.26552 19.1224 
0.0589452 0 0 -49.5933 -1.28912 19.3657 
0.0561768 0 0 -49.7423 -1.319 19.6659 
0.0622139 0 0 -49.9759 -1.34887 20.0223 
0.0676583 0 0 -50.318 -1.37167 20.4368 
0.0627837 0 0 -50.7491 -1.3756 20.8963 
0.0652366 0 0 -51.2859 -1.34345 21.3977 
0.0543681 0 0 -51.9128 -1.25139 21.9226 
0.0526607 0 0 -52.5985 -1.08057 22.4475 
0.058577 0 0 -53.3751 -0.809545 22.9607 
0.0626996 0 0 -54.1847 -0.447842 23.4266 
0.0983085 0 0 -55.0299 -0.0430899 23.8166 
0.140064 0 0 -55.8903 0.359473 24.1268 
0.184731 0 0 -56.7445 0.670732 24.3371 
0.17926 0 0 -57.5968 0.86565 24.4628 
0.15648 0 0 -58.4211 0.879996 24.4885 
0.0968424 0 0 -59.1669 0.721998 24.4225 
0.0388624 0 0 -59.7976 0.428504 24.2751 
0.0131602 0 0 -60.2258 0.0157398 24.0321 
0.0597263 0 0 -60.157 -0.621476 23.5271 
0.110556 0 0 -60.1972 -0.924795 23.2264 
0.180761 0 0 -59.9214 -1.21189 22.8481 
0.215462 0 0 -59.3226 -1.44008 22.4065 
0.234822 0 0 -58.4437 -1.59135 21.9148 
0.233297 0 0 -57.4468 -1.65812 21.4172 
0.204149 0 0 -56.3541 -1.66045 20.9306 
0.18272 0 0 -55.2518 -1.62142 20.4734 
0.151653 0 0 -54.2057 -1.56003 20.0564 
0.132903 0 0 -53.2339 -1.49033 19.693 
0.109856 0 0 -52.354 -1.42282 19.378 
0.101837 0 0 -51.5813 -1.36121 19.123 
0.0869195 0 0 -50.9116 -1.30945 18.9242 
0.0787883 0 0 -50.3527 -1.26777 18.7813 
0.0684109 0 0 -49.905 -1.23825 18.6973 
0.0638237 0 0 -49.5494 -1.21886 18.6712 
0.061051 0 0 -49.3039 -1.21126 18.6999 
0.0616741 0 0 -49.1459 -1.21318 18.7863 
0.0593039 0 0 -49.0966 -1.22609 18.9288 
0.061813 0 0 -49.1439 -1.24754 19.1266 
0.055806 0 0 -49.2869 -1.2761 19.3806 
0.0616841 0 0 -49.5367 -1.30981 19.6876 
0.0549577 0 0 -49.8786 -1.34406 20.0405 
0.0618452 0 0 -50.3062 -1.3718 20.4335 
0.0573711 0 0 -50.8556 -1.38317 20.8691 
0.0634227 0 0 -51.4938 -1.36565 21.3312 
0.0517802 0 0 -52.2317 -1.30457 21.8023 
0.0472393 0 0 -53.0289 -1.18833 22.2652 
0.0434877 0 0 -53.9057 -1.01362 22.6998 
0.0376731 0 0 -54.833 -0.784528 23.0939 
0.0334618 0 0 -55.7854 -0.539676 23.4175 
0.0305559 0 0 -56.716 -0.331732 23.6497 
0.0268971 0 0 -57.6272 -0.183334 23.8035 
0.0190616 0 0 -58.4731 -0.135714 23.8667 
0.0156442 0 0 -59.2282 -0.197671 23.8442 
0.0228542 0 0 -59.8164 -0.362981 23.7348 
0.0586477 0 0 -60.1703 -0.619082 23.529 
0.131372 0 0 -60.0434 -1.00693 23.1105 
0.171394 0 0 -60.0253 -1.18291 22.8794 
0.2202 0 0 -59.6646 -1.36701 22.56 
0.233228 0 0 -58.9934 -1.5198 22.1718 
0.235055 0 0 -58.1124 -1.61625 21.7465 
0.223069 0 0 -57.0819 -1.6531 21.3044 
0.190295 0 0 -55.9705 -1.64442 20.8551 
0.17086 0 0 -54.8836 -1.60145 20.4357 
0.146631 0 0 -53.8392 -1.54063 20.046 
0.117571 0 0 -52.8753 -1.4734 19.6965 
0.105235 0 0 -51.9931 -1.40654 19.3915 
0.0958444 0 0 -51.2368 -1.34598 19.1387 
0.0760775 0 0 -50.5668 -1.29328 18.9285 
0.0743147 0 0 -50.0061 -1.25103 18.7733 
0.0671969 0 0 -49.5507 -1.21877 18.6691 
0.0660663 0 0 -49.1974 -1.1969 18.6197 
0.0591673 0 0 -48.9468 -1.18627 18.6189 
0.06168 0 0 -48.8022 -1.18552 18.6742 
0.057776 0 0 -48.7496 -1.19384 18.7766 
0.0564244 0 0 -48.791 -1.21218 18.9295 
0.0577589 0 0 -48.9338 -1.23824 19.1348 
0.0575664 0 0 -49.1886 -1.27235 19.3879 
0.0573217 0 0 -49.5378 -1.31002 19.6892 
0.0640385 0 0 -49.9801 -1.34847 20.0252 
0.0692176 0 0 -50.528 -1.38205 20.3997 
0.0664246 0 0 -51.1741 -1.40434 20.7976 
0.0675114 0 0 -51.9223 -1.40495 21.2152 
0.0664366 0 0 -52.7528 -1.37483 21.6346 
0.0588846 0 0 -53.6674 -1.30828 22.0423 
0.0558937 0 0 -54.6363 -1.20579 22.4161 
0.0453546 0 0 -55.6438 -1.07339 22.7467 
0.0419503 0 0 -56.6332 -0.942166 23.0064 
0.040531 0 0 -57.6039 -0.831351 23.1963 
0.0401146 0 0 -58.4902 -0.767063 23.3091 
0.0567571 0 0 -59.2266 -0.773745 23.3331 
0.0764159 0 0 -59.7636 -0.853802 23.271 
0.121701 0 0 -60.0484 -1.00494 23.1132 
0.179462 0 0 -59.9438 -1.21159 22.8202 
0.217452 0 0 -59.8631 -1.31696 22.6475 
0.230371 0 0 -59.4542 -1.43723 22.3919 
0.235431 0 0 -58.7461 -1.54436 22.0599 
0.233334 0 0 -57.8471 -1.61006 21.7012 
0.206184 0 0 -56.8028 -1.63827 21.2991 
0.167792 0 0 -55.706 -1.62621 20.899 
0.157099 0 0 -54.6174 -1.58698 20.5063 
0.12957 0 0 -53.5819 -1.53114 20.1367 
0.109195 0 0 -52.6147 -1.46643 19.792 
0.0984973 0 0 -51.7356 -1.40208 19.4876 
0.0741247 0 0 -50.9726 -1.34218 19.2226 
0.0674311 0 0 -50.311 -1.28919 19.0027 
0.063329 0 0 -49.7547 -1.2454 18.8274 
0.0648577 0 0 -49.2999 -1.2108 18.7023 
0.0554359 0 0 -48.9511 -1.18617 18.6213 
0.0545357 0 0 -48.7004 -1.17149 18.5893 
0.0556946 0 0 -48.5495 -1.16629 18.6013 
0.0511797 0 0 -48.4983 -1.17105 18.6643 
0.057074 0 0 -48.5536 -1.1851 18.7771 
0.0531858 0 0 -48.694 -1.20794 18.9332 
0.0575554 0 0 -48.9432 -1.23884 19.137 
0.0623432 0 0 -49.2805 -1.27594 19.3784 
0.0652034 0 0 -49.7293 -1.3185 19.6639 
0.0621851 0 0 -50.2961 -1.36257 19.987 
0.0690181 0 0 -50.9366 -1.40418 20.3323 
0.071933 0 0 -51.6949 -1.43645 20.7012 
0.0757936 0 0 -52.5477 -1.45307 21.0856 
0.0758042 0 0 -53.4797 -1.44761 21.4666 
0.0812502 0 0 -54.4847 -1.41578 21.8307 
0.0880153 0 0 -55.53 -1.35697 22.1661 
0.0841819 0 0 -56.566 -1.28044 22.4537 
0.0902707 0 0 -57.5631 -1.20386 22.6778 
0.101619 0 0 -58.4672 -1.14168 22.836 
0.115377 0 0 -59.2087 -1.11642 22.916 
0.14453 0 0 -59.7116 -1.14422 22.9046 
0.182857 0 0 -59.9519 -1.21476 22.8165 
0.21051 0 0 -59.865 -1.32183 22.6327 
0.232598 0 0 -59.742 -1.37723 22.526 
0.230165 0 0 -59.3015 -1.45148 22.3397 
0.228284 0 0 -58.587 -1.52566 22.084 
0.208336 0 0 -57.6822 -1.58262 21.7701 
0.197694 0 0 -56.6357 -1.60949 21.4217 
0.167307 0 0 -55.5303 -1.60511 21.0495 
0.143732 0 0 -54.468 -1.57464 20.6842 
0.111794 0 0 -53.4128 -1.52702 20.3205 
0.0961156 0 0 -52.4546 -1.46887 19.9822 
0.0901016 0 0 -51.5788 -1.40827 19.6663 
0.0824735 0 0 -50.824 -1.35009 19.39 
0.0702344 0 0 -50.1522 -1.296 19.1445 
0.0657971 0 0 -49.603 -1.25102 18.9461 
0.0605617 0 0 -49.1527 -1.21324 18.7874 
0.0618853 0 0 -48.8 -1.18506 18.6719 
0.0519822 0 0 -48.553 -1.16645 18.6035 
0.0561428 0 0 -48.4051 -1.15741 18.5775 
0.0562694 0 0 -48.3556 -1.15769 18.6003 
0.054312 0 0 -48.4049 -1.16682 18.6666 
0.0612828 0 0 -48.5492 -1.18538 18.778 
0.052414 0 0 -48.7984 -1.21194 18.9305 
0.0572565 0 0 -49.1495 -1.24758 19.1303 
0.0717014 0 0 -49.5966 -1.28925 19.3652 
0.061394 0 0 -50.1494 -1.33665 19.6388 
0.0724829 0 0 -50.8048 -1.38649 19.9428 
0.073474 0 0 -51.5632 -1.43476 20.2698 
0.0760219 0 0 -52.422 -1.4758 20.6226 
0.09579 0 0 -53.3665 -1.50435 20.9829 
0.102423 0 0 -54.3944 -1.51364 21.3446 
0.121252 0 0 -55.446 -1.50093 21.6821 
0.134507 0 0 -56.5048 -1.46574 21.991 
0.141925 0 0 -57.5403 -1.41255 22.2597 
0.155194 0 0 -58.459 -1.35479 22.4695 
0.161906 0 0 -59.1815 -1.31104 22.6057 
0.192825 0 0 -59.6648 -1.29729 22.6605 
0.208888 0 0 -59.8579 -1.3229 22.6309 
0.220136 0 0 -59.8283 -1.35414 22.5721 
0.208672 0 0 -59.6796 -1.3674 22.5349 
0.206158 0 0 -59.2228 -1.41223 22.4127 
0.203912 0 0 -58.4913 -1.46955 22.2161 
0.182825 0 0 -57.5731 -1.52441 21.9555 
0.159991 0 0 -56.5406 -1.55845 21.6541 
0.146532 0 0 -55.4584 -1.57023 21.3138 
0.124423 0 0 -54.3849 -1.55622 20.9622 
0.10935 0 0 -53.351 -1.52363 20.601 
0.105497 0 0 -52.394 -1.47513 20.2577 
0.0779691 0 0 -51.5305 -1.42113 19.9313 
0.0757627 0 0 -50.7615 -1.36599 19.6278 
0.0697275 0 0 -50.1066 -1.31329 19.3585 
0.0654857 0 0 -49.5483 -1.26579 19.1243 
0.0618157 0 0 -49.1025 -1.22605 18.9308 
0.0622407 0 0 -48.7557 -1.19431 18.7789 
0.0543222 0 0 -48.5019 -1.17144 18.6657 
0.0495726 0 0 -48.3519 -1.15731 18.5998 
0.0592379 0 0 -48.2998 -1.15263 18.5779 
0.053222 0 0 -48.3446 -1.15706 18.5976 
0.0557878 0 0 -48.504 -1.17107 18.6684 
0.053221 0 0 -48.7487 -1.19428 18.7759 
0.0635957 0 0 -49.1019 -1.22627 18.9307 
0.0628649 0 0 -49.5506 -1.26586 19.1227 
0.0608095 0 0 -50.1151 -1.31319 19.3613 
0.0746442 0 0 -50.7606 -1.36579 19.6272 
0.0809849 0 0 -51.525 -1.42088 19.9287 
0.0862743 0 0 -52.3938 -1.47547 20.2564 
0.110399 0 0 -53.3444 -1.52214 20.6021 
0.127966 0 0 -54.3818 -1.55673 20.9596 
0.145726 0 0 -55.4523 -1.57059 21.3105 
0.164835 0 0 -56.5428 -1.55891 21.6522 
0.188645 0 0 -57.5775 -1.52348 21.9578 
0.196124 0 0 -58.4901 -1.47191 22.212 
0.216408 0 0 -59.2167 -1.41139 22.4133 
0.212447 0 0 -59.667 -1.3718 22.5279 
0.219767 0 0 -59.836 -1.3501 22.5775 
