27.1871 0 0 32.6266 10.0012 -72.5109 
26.46 0 0 32.6778 9.83467 -72.4904 
24.0313 0 0 32.8608 9.50244 -72.4554 
20.3465 0 0 33.1955 8.84239 -72.4143 
15.7264 0 0 33.7144 7.91427 -72.4095 
10.8444 0 0 34.5097 6.54656 -72.5 
6.44393 0 0 35.5426 4.83915 -72.7102 
3.10424 0 0 36.9237 2.85156 -73.0959 
1.16435 0 0 38.4686 0.81645 -73.5403 
0.325257 0 0 40.0603 -0.885827 -73.9778 
0.110451 0 0 41.4392 -2.03929 -74.2688 
0.0977336 0 0 42.573 -2.67588 -74.3647 
0.134881 0 0 43.4288 -2.93862 -74.348 
0.151978 0 0 44.0964 -3.00502 -74.2924 
0.165129 0 0 44.574 -2.98271 -74.2099 
0.155061 0 0 44.9486 -2.93374 -74.1704 
0.149529 0 0 45.1879 -2.8856 -74.1175 
0.151693 0 0 45.3358 -2.85403 -74.0916 
0.150885 0 0 45.3832 -2.84356 -74.0813 
0.149059 0 0 45.3132 -2.85211 -74.082 
0.145953 0 0 45.1819 -2.88436 -74.1125 
0.147232 0 0 44.9324 -2.9321 -74.1439 
0.154984 0 0 44.555 -2.98195 -74.1965 
0.147223 0 0 44.0723 -3.00418 -74.2671 
0.133194 0 0 43.4269 -2.94133 -74.34 
0.0959967 0 0 42.5539 -2.67738 -74.3482 
0.103535 0 0 41.4445 -2.04844 -74.2553 
0.328269 0 0 40.0461 -0.88403 -73.9749 
1.16982 0 0 38.4902 0.815469 -73.5541 
3.12071 0 0 36.9044 2.86633 -73.0901 
6.45157 0 0 35.5768 4.82379 -72.7189 
10.8947 0 0 34.4904 6.53386 -72.4947 
15.6978 0 0 33.7238 7.92506 -72.418 
20.2816 0 0 33.1938 8.88183 -72.4186 
23.9662 0 0 32.8664 9.55425 -72.468 
26.4052 0 0 32.6721 9.86721 -72.488 
27.2467 0 0 32.6091 9.97948 -72.4986 
26.4075 0 0 32.5805 9.91622 -72.4244 
24.771 0 0 32.6571 9.65015 -72.292 
21.6729 0 0 32.8623 9.17236 -72.1544 
17.4411 0 0 33.2325 8.35905 -72.0288 
12.6933 0 0 33.82 7.15863 -71.9617 
7.94569 0 0 34.6669 5.59459 -72.0213 
4.12896 0 0 35.8435 3.68444 -72.2696 
1.67956 0 0 37.2794 1.59542 -72.6599 
0.50977 0 0 38.8406 -0.322448 -73.0992 
0.141817 0 0 40.3094 -1.7118 -73.4498 
0.092905 0 0 41.5644 -2.53324 -73.6422 
0.127562 0 0 42.553 -2.89673 -73.7324 
0.138457 0 0 43.3263 -3.0069 -73.7393 
0.146944 0 0 43.9579 -2.9986 -73.7688 
0.158833 0 0 44.4155 -2.94951 -73.7812 
0.160093 0 0 44.7645 -2.89452 -73.8055 
0.151488 0 0 45.0121 -2.85288 -73.851 
0.163166 0 0 45.1584 -2.82977 -73.9197 
0.149014 0 0 45.222 -2.82962 -73.9917 
0.143599 0 0 45.1736 -2.8517 -74.0809 
0.151288 0 0 45.0333 -2.89258 -74.1933 
0.161406 0 0 44.7956 -2.94422 -74.3356 
0.152841 0 0 44.4237 -2.98452 -74.4788 
0.139367 0 0 43.9248 -2.97081 -74.6538 
0.118316 0 0 43.2364 -2.81853 -74.7788 
0.0939761 0 0 42.2699 -2.38451 -74.801 
0.162535 0 0 41.0537 -1.4913 -74.6798 
0.648292 0 0 39.5655 -0.075626 -74.3369 
1.95172 0 0 37.9813 1.78497 -73.8776 
4.56249 0 0 36.4891 3.75969 -73.4199 
8.34162 0 0 35.2475 5.62284 -73.0679 
12.9394 0 0 34.2983 7.11023 -72.8427 
17.6204 0 0 33.5889 8.27619 -72.7166 
21.7389 0 0 33.0986 9.09892 -72.637 
24.8161 0 0 32.7975 9.59617 -72.5779 
26.4067 0 0 32.6439 9.85924 -72.5281 
26.3771 0 0 32.589 9.91143 -72.427 
23.922 0 0 32.4863 9.57401 -72.1506 
21.6285 0 0 32.5757 9.19832 -71.9221 
18.0165 0 0 32.8149 8.50476 -71.6811 
13.5645 0 0 33.2005 7.49216 -71.4737 
8.95477 0 0 33.8181 6.12276 -71.3786 
4.90589 0 0 34.7668 4.29962 -71.4615 
2.08007 0 0 35.975 2.20688 -71.7015 
0.628614 0 0 37.4399 0.133836 -72.0767 
0.159153 0 0 38.9221 -1.45659 -72.4362 
0.0965252 0 0 40.223 -2.41568 -72.6707 
0.125948 0 0 41.3216 -2.85612 -72.8336 
0.150634 0 0 42.1909 -2.99794 -72.9066 
0.165999 0 0 42.8946 -2.99645 -72.9723 
0.164747 0 0 43.4869 -2.94328 -73.083 
0.152905 0 0 43.9792 -2.87936 -73.1967 
0.154543 0 0 44.309 -2.82578 -73.3018 
0.162008 0 0 44.5642 -2.79239 -73.4322 
0.160582 0 0 44.7367 -2.77995 -73.6004 
0.148167 0 0 44.7817 -2.79109 -73.7407 
0.16758 0 0 44.7531 -2.82481 -73.9296 
0.163921 0 0 44.6239 -2.87559 -74.133 
0.161536 0 0 44.3844 -2.93076 -74.3546 
0.174747 0 0 44.001 -2.96535 -74.5904 
0.146869 0 0 43.4784 -2.91607 -74.8364 
0.110891 0 0 42.7542 -2.67864 -75.0283 
0.0787682 0 0 41.75 -2.08419 -75.096 
0.228098 0 0 40.467 -0.997088 -74.9534 
0.944339 0 0 38.967 0.592907 -74.5819 
2.6207 0 0 37.4253 2.46428 -74.1091 
5.59757 0 0 36.024 4.37752 -73.66 
9.52793 0 0 34.8933 6.06307 -73.3059 
13.9401 0 0 34.0263 7.39613 -73.0429 
18.2253 0 0 33.384 8.42476 -72.8632 
21.6465 0 0 32.9605 9.0951 -72.7055 
23.9043 0 0 32.674 9.51178 -72.5415 
24.6906 0 0 32.5381 9.66399 -72.3724 
23.9212 0 0 32.4797 9.5121 -72.1341 
20.0365 0 0 32.2863 8.93079 -71.6732 
17.1672 0 0 32.3711 8.4392 -71.3303 
13.3385 0 0 32.611 7.56461 -71.0075 
9.06314 0 0 33.034 6.34369 -70.773 
5.1988 0 0 33.7085 4.62563 -70.6515 
2.27365 0 0 34.6759 2.58031 -70.7251 
0.690775 0 0 35.9299 0.467372 -70.9663 
0.172118 0 0 37.2915 -1.24893 -71.2624 
0.101115 0 0 38.6152 -2.31458 -71.5166 
0.137301 0 0 39.7582 -2.81814 -71.6864 
0.160095 0 0 40.7232 -2.97838 -71.8145 
0.172384 0 0 41.5504 -2.97667 -71.9649 
0.162407 0 0 42.2404 -2.91531 -72.1276 
0.159315 0 0 42.8014 -2.84014 -72.2904 
0.172421 0 0 43.2649 -2.77554 -72.4816 
0.171553 0 0 43.6112 -2.7286 -72.6768 
0.165485 0 0 43.8704 -2.70367 -72.8752 
0.159634 0 0 44.0354 -2.7022 -73.1082 
0.163008 0 0 44.0863 -2.72476 -73.3253 
0.180197 0 0 44.0792 -2.76972 -73.5904 
0.180178 0 0 43.9437 -2.83096 -73.8562 
0.193295 0 0 43.7264 -2.89581 -74.1775 
0.183944 0 0 43.3376 -2.92809 -74.4943 
0.161009 0 0 42.8234 -2.86193 -74.8304 
0.122801 0 0 42.0657 -2.56534 -75.093 
0.0827924 0 0 41.0614 -1.87181 -75.1903 
0.273735 0 0 39.7538 -0.661638 -75.045 
1.08955 0 0 38.3135 0.981544 -74.6928 
2.94518 0 0 36.8738 2.83643 -74.2443 
5.93023 0 0 35.5655 4.63148 -73.786 
9.68529 0 0 34.5424 6.16961 -73.4194 
13.6988 0 0 33.7531 7.39951 -73.1131 
17.3753 0 0 33.1495 8.27635 -72.8372 
20.1525 0 0 32.751 8.85904 -72.5863 
21.4983 0 0 32.4865 9.1556 -72.3164 
21.5279 0 0 32.3449 9.19227 -72.0143 
20.0024 0 0 32.3021 8.97852 -71.6863 
15.2141 0 0 32.0071 8.01913 -71.0093 
12.1818 0 0 32.068 7.27599 -70.5531 
8.5485 0 0 32.2719 6.19668 -70.1604 
4.97084 0 0 32.6723 4.69052 -69.8644 
2.20457 0 0 33.3726 2.7636 -69.7636 
0.667878 0 0 34.3376 0.676534 -69.8215 
0.159027 0 0 35.5284 -1.09994 -69.992 
0.108105 0 0 36.7703 -2.23639 -70.1751 
0.153688 0 0 37.9261 -2.76996 -70.3308 
0.183391 0 0 38.9743 -2.93643 -70.5233 
0.180583 0 0 39.8782 -2.93224 -70.7188 
0.182518 0 0 40.6867 -2.86355 -70.9404 
0.178396 0 0 41.3418 -2.77824 -71.1584 
0.173092 0 0 41.9155 -2.70139 -71.4087 
0.16828 0 0 42.378 -2.64207 -71.6727 
0.163209 0 0 42.7419 -2.60463 -71.9351 
0.160207 0 0 42.9924 -2.5901 -72.1934 
0.174745 0 0 43.1635 -2.59807 -72.4805 
0.173004 0 0 43.1849 -2.63053 -72.7379 
0.182708 0 0 43.1803 -2.68582 -73.0584 
0.205372 0 0 43.0567 -2.75873 -73.4 
0.203719 0 0 42.8368 -2.83447 -73.781 
0.216611 0 0 42.4966 -2.8784 -74.2004 
0.194819 0 0 41.9504 -2.81313 -74.5732 
0.134143 0 0 41.2459 -2.51029 -74.9259 
0.0710253 0 0 40.2388 -1.78721 -75.0744 
0.243867 0 0 39.0071 -0.562212 -74.9831 
1.03868 0 0 37.6436 1.07253 -74.667 
2.80831 0 0 36.3045 2.86104 -74.2382 
5.50899 0 0 35.0983 4.54768 -73.7686 
8.85999 0 0 34.1667 5.98919 -73.3714 
12.2807 0 0 33.4096 7.05012 -72.9802 
15.1665 0 0 32.8787 7.896 -72.6499 
17.1434 0 0 32.478 8.3468 -72.2681 
17.8202 0 0 32.2122 8.49843 -71.8677 
17.1933 0 0 32.0433 8.42543 -71.4529 
15.1323 0 0 31.9988 8.02303 -71.0001 
10.0885 0 0 31.4988 6.69224 -70.067 
7.22103 0 0 31.5077 5.77453 -69.5351 
4.29893 0 0 31.6633 4.44795 -69.0771 
1.90837 0 0 32.0509 2.65716 -68.7451 
0.578193 0 0 32.716 0.696267 -68.611 
0.120827 0 0 33.6729 -1.02058 -68.6332 
0.115783 0 0 34.7704 -2.14861 -68.7239 
0.175227 0 0 35.9008 -2.69258 -68.864 
0.207044 0 0 36.9957 -2.86702 -69.0563 
0.206619 0 0 37.9913 -2.86273 -69.3048 
0.190498 0 0 38.8823 -2.78828 -69.5589 
0.185582 0 0 39.6412 -2.69589 -69.8314 
0.175739 0 0 40.3212 -2.61027 -70.1395 
0.178719 0 0 40.877 -2.5402 -70.4453 
0.170043 0 0 41.3424 -2.48978 -70.7554 
0.168628 0 0 41.6934 -2.46159 -71.0664 
0.170641 0 0 41.9544 -2.45535 -71.3783 
0.174062 0 0 42.1152 -2.47291 -71.7016 
0.175357 0 0 42.1873 -2.51313 -72.0262 
0.181544 0 0 42.1763 -2.57598 -72.3898 
0.194068 0 0 42.0452 -2.65737 -72.7587 
0.209467 0 0 41.813 -2.74461 -73.1678 
0.230834 0 0 41.4791 -2.80726 -73.6236 
0.221489 0 0 40.9715 -2.77354 -74.0885 
0.160892 0 0 40.2929 -2.51021 -74.5004 
0.0744043 0 0 39.3628 -1.84381 -74.7271 
0.168283 0 0 38.2249 -0.682615 -74.7122 
0.797578 0 0 36.943 0.879909 -74.4499 
2.23467 0 0 35.7266 2.56423 -74.0476 
4.4536 0 0 34.6176 4.14671 -73.5772 
7.28823 0 0 33.713 5.45742 -73.1048 
9.89428 0 0 33.028 6.47493 -72.6634 
12.0663 0 0 32.4879 7.14822 -72.193 
13.2305 0 0 32.0848 7.47308 -71.6982 
13.3353 0 0 31.7887 7.56729 -71.186 
12.1976 0 0 31.5932 7.2975 -70.6307 
10.0775 0 0 31.4872 6.72458 -70.0741 
5.4855 0 0 30.7253 4.97775 -68.8592 
3.31893 0 0 30.6543 3.84419 -68.2551 
1.47329 0 0 30.7518 2.30836 -67.7361 
0.424569 0 0 31.1112 0.564737 -67.3862 
0.101281 0 0 31.7781 -0.979643 -67.2429 
0.127411 0 0 32.7191 -2.05704 -67.2152 
0.193689 0 0 33.7923 -2.58573 -67.3251 
0.224897 0 0 34.8863 -2.76235 -67.51 
0.224008 0 0 35.9372 -2.76474 -67.7569 
0.219367 0 0 36.9062 -2.69385 -68.0604 
0.208568 0 0 37.7722 -2.60102 -68.3778 
0.188834 0 0 38.5429 -2.51048 -68.7292 
0.183255 0 0 39.2321 -2.434 -69.1027 
0.167977 0 0 39.7871 -2.3728 -69.4382 
0.161197 0 0 40.2514 -2.33159 -69.794 
0.165847 0 0 40.6009 -2.31169 -70.1416 
0.165057 0 0 40.8853 -2.31168 -70.5005 
0.166297 0 0 41.0253 -2.3336 -70.8354 
0.176213 0 0 41.1 -2.37791 -71.1851 
0.179578 0 0 41.0734 -2.44475 -71.5567 
0.216251 0 0 40.952 -2.53218 -71.9662 
0.225842 0 0 40.7257 -2.62995 -72.3872 
0.233379 0 0 40.3805 -2.71211 -72.8445 
0.266285 0 0 39.8992 -2.7246 -73.3261 
0.198822 0 0 39.2792 -2.55094 -73.7879 
0.112015 0 0 38.4201 -2.02245 -74.0967 
0.0967856 0 0 37.3798 -1.01895 -74.1793 
0.437982 0 0 36.2314 0.38027 -73.9923 
1.46135 0 0 35.0859 1.92656 -73.6073 
3.04315 0 0 34.0723 3.39118 -73.1382 
5.04052 0 0 33.1991 4.61696 -72.6144 
6.97373 0 0 32.5208 5.49356 -72.0634 
8.41762 0 0 31.9501 6.07582 -71.476 
9.0413 0 0 31.5242 6.29876 -70.8634 
8.6554 0 0 31.1857 6.19857 -70.2084 
7.37776 0 0 30.9231 5.81326 -69.5444 
5.43933 0 0 30.7402 5.02836 -68.8761 
2.18921 0 0 29.6876 2.99579 -67.4201 
0.990224 0 0 29.488 1.76436 -66.7296 
0.289221 0 0 29.5431 0.312461 -66.1799 
0.0957314 0 0 29.9485 -0.999866 -65.8599 
0.148688 0 0 30.6922 -1.94946 -65.7147 
0.213731 0 0 31.6613 -2.44261 -65.751 
0.24518 0 0 32.7293 -2.62603 -65.9148 
0.236568 0 0 33.8209 -2.64308 -66.1857 
0.226976 0 0 34.8637 -2.58432 -66.5095 
0.207253 0 0 35.8188 -2.49843 -66.8723 
0.204596 0 0 36.6983 -2.41109 -67.2741 
0.18236 0 0 37.472 -2.32897 -67.6623 
0.164531 0 0 38.131 -2.2631 -68.0517 
0.157802 0 0 38.7017 -2.21219 -68.4527 
0.155645 0 0 39.161 -2.17822 -68.8237 
0.156806 0 0 39.5182 -2.16322 -69.1924 
0.160031 0 0 39.7775 -2.16675 -69.5461 
0.166022 0 0 39.9417 -2.19138 -69.9117 
0.162545 0 0 40.0162 -2.23596 -70.2843 
0.182677 0 0 39.9805 -2.30345 -70.6544 
0.208043 0 0 39.8448 -2.39113 -71.0372 
0.2144 0 0 39.5976 -2.49229 -71.4348 
0.233084 0 0 39.2969 -2.59306 -71.908 
0.258667 0 0 38.8195 -2.65024 -72.3586 
0.238376 0 0 38.2259 -2.57575 -72.813 
0.168502 0 0 37.4358 -2.23536 -73.1503 
0.0893242 0 0 36.5208 -1.48346 -73.3302 
0.176277 0 0 35.4488 -0.34452 -73.2003 
0.665579 0 0 34.388 1.02284 -72.8803 
1.65553 0 0 33.4218 2.30283 -72.3901 
2.91624 0 0 32.5814 3.39909 -71.8171 
4.13109 0 0 31.8712 4.16506 -71.1628 
4.9177 0 0 31.2749 4.64115 -70.473 
5.11546 0 0 30.7633 4.70338 -69.7122 
4.57683 0 0 30.3251 4.53454 -68.9554 
3.48373 0 0 29.9571 3.91912 -68.1551 
2.18189 0 0 29.6731 3.01531 -67.4159 
0.522477 0 0 28.3235 1.02468 -65.7194 
0.157533 0 0 28.1434 -0.0451202 -65.0387 
0.0998303 0 0 28.2714 -1.07377 -64.5434 
0.157165 0 0 28.7977 -1.84323 -64.2827 
0.234782 0 0 29.6007 -2.27601 -64.23 
0.261441 0 0 30.6109 -2.46091 -64.3532 
0.264441 0 0 31.7054 -2.49889 -64.611 
0.245425 0 0 32.7841 -2.46101 -64.9497 
0.217971 0 0 33.8196 -2.39051 -65.3344 
0.205016 0 0 34.7785 -2.31059 -65.7553 
0.189702 0 0 35.6472 -2.23284 -66.1874 
0.164036 0 0 36.4202 -2.16458 -66.6247 
0.156832 0 0 37.093 -2.10735 -67.0564 
0.152197 0 0 37.6575 -2.06406 -67.4656 
0.157637 0 0 38.1059 -2.03644 -67.8618 
0.139451 0 0 38.4837 -2.0243 -68.252 
0.148834 0 0 38.7227 -2.02988 -68.6195 
0.143842 0 0 38.886 -2.05444 -68.9764 
0.164461 0 0 38.9488 -2.09731 -69.3308 
0.169059 0 0 38.9202 -2.16045 -69.6899 
0.182529 0 0 38.7824 -2.24434 -70.0531 
0.204747 0 0 38.5567 -2.34488 -70.4354 
0.22366 0 0 38.2168 -2.45312 -70.8266 
0.256166 0 0 37.7614 -2.54241 -71.2375 
0.257668 0 0 37.1725 -2.55611 -71.6186 
0.229068 0 0 36.4747 -2.39773 -71.9636 
0.146967 0 0 35.5912 -1.9427 -72.1263 
0.0852978 0 0 34.6461 -1.1365 -72.1023 
0.204292 0 0 33.6163 -0.079323 -71.7998 
0.602928 0 0 32.6792 0.995959 -71.3218 
1.22259 0 0 31.8095 1.91466 -70.6881 
1.79951 0 0 31.017 2.57783 -69.939 
2.17319 0 0 30.3615 2.91539 -69.1455 
2.16354 0 0 29.7614 2.92116 -68.2939 
1.77466 0 0 29.2051 2.58495 -67.4123 
1.14532 0 0 28.713 1.93755 -66.5368 
0.533164 0 0 28.3244 1.02056 -65.7203 
0.0911218 0 0 26.9621 -0.501497 -63.9812 
0.101172 0 0 26.86 -1.2041 -63.356 
0.179277 0 0 27.1241 -1.75294 -62.978 
0.24758 0 0 27.7483 -2.10443 -62.8277 
0.280409 0 0 28.597 -2.27786 -62.87 
0.283479 0 0 29.6423 -2.33574 -63.0994 
0.263761 0 0 30.7212 -2.32468 -63.4299 
0.239919 0 0 31.8129 -2.27783 -63.8313 
0.214644 0 0 32.8415 -2.21403 -64.2715 
0.18634 0 0 33.8122 -2.14537 -64.735 
0.179628 0 0 34.6741 -2.07971 -65.1974 
0.170228 0 0 35.4598 -2.02143 -65.6679 
0.153712 0 0 36.133 -1.97154 -66.1173 
0.139295 0 0 36.6833 -1.93408 -66.5374 
0.139368 0 0 37.151 -1.91044 -66.9511 
0.13309 0 0 37.5069 -1.90045 -67.3448 
0.141149 0 0 37.7472 -1.90599 -67.7013 
0.135059 0 0 37.9317 -1.92798 -68.0617 
0.155609 0 0 37.9565 -1.96664 -68.3819 
0.163304 0 0 37.9251 -2.02533 -68.7249 
0.164181 0 0 37.7943 -2.10184 -69.0492 
0.186561 0 0 37.5643 -2.19736 -69.3797 
0.20907 0 0 37.2198 -2.30335 -69.6999 
0.250331 0 0 36.7729 -2.40987 -70.0405 
0.248685 0 0 36.2011 -2.47955 -70.3371 
0.272193 0 0 35.503 -2.45557 -70.582 
0.22261 0 0 34.677 -2.25607 -70.6948 
0.145888 0 0 33.7632 -1.80452 -70.6658 
0.0972964 0 0 32.7881 -1.12075 -70.3857 
0.133552 0 0 31.8115 -0.338856 -69.8945 
0.301367 0 0 30.8946 0.373656 -69.2277 
0.486114 0 0 30.0577 0.884466 -68.4316 
0.604511 0 0 29.2724 1.11926 -67.5469 
0.549377 0 0 28.5612 1.06707 -66.6123 
0.392383 0 0 27.8945 0.733643 -65.6497 
0.202717 0 0 27.3495 0.177547 -64.753 
0.0900097 0 0 26.939 -0.506523 -63.9609 
0.134491 0 0 25.7622 -1.37496 -62.3233 
0.207929 0 0 25.7766 -1.70695 -61.832 
0.259447 0 0 26.1538 -1.94776 -61.5768 
0.302819 0 0 26.8191 -2.09124 -61.5433 
0.29208 0 0 27.7296 -2.15924 -61.7031 
0.28493 0 0 28.7533 -2.17529 -61.9943 
0.262937 0 0 29.8301 -2.15499 -62.3728 
0.236231 0 0 30.925 -2.11573 -62.8255 
0.206519 0 0 31.9827 -2.06436 -63.323 
0.181462 0 0 32.9383 -2.00723 -63.8139 
0.175586 0 0 33.8018 -1.95186 -64.3036 
0.154446 0 0 34.5909 -1.89993 -64.7878 
0.13964 0 0 35.2505 -1.85752 -65.2551 
0.13542 0 0 35.8203 -1.82433 -65.6943 
0.13921 0 0 36.2655 -1.80273 -66.1014 
0.130929 0 0 36.6318 -1.7928 -66.4892 
0.131104 0 0 36.8771 -1.79791 -66.8495 
0.134404 0 0 37.0321 -1.81691 -67.1879 
0.149328 0 0 37.0933 -1.85123 -67.5098 
0.150736 0 0 37.0601 -1.90209 -67.8086 
0.166178 0 0 36.9088 -1.97032 -68.0892 
0.175052 0 0 36.6606 -2.0565 -68.3441 
0.189885 0 0 36.3291 -2.15586 -68.6029 
0.223281 0 0 35.8627 -2.26274 -68.821 
0.242289 0 0 35.2934 -2.35815 -69.0124 
0.277369 0 0 34.6107 -2.41208 -69.1292 
0.274363 0 0 33.7982 -2.37561 -69.149 
0.250647 0 0 32.9197 -2.19816 -69.0564 
0.194444 0 0 31.9341 -1.85649 -68.7452 
0.12339 0 0 30.9365 -1.3998 -68.2378 
0.0920665 0 0 29.9503 -0.94555 -67.535 
0.100122 0 0 29.0025 -0.585697 -66.6934 
0.104414 0 0 28.1369 -0.417683 -65.7763 
0.094436 0 0 27.3103 -0.445937 -64.8107 
0.083976 0 0 26.6033 -0.66216 -63.8605 
0.0990846 0 0 26.0359 -0.990351 -63.0162 
0.137331 0 0 25.7615 -1.37694 -62.325 
0.235444 0 0 24.8079 -1.70975 -60.8852 
0.278734 0 0 24.9057 -1.82955 -60.5215 
0.309001 0 0 25.3217 -1.92532 -60.3894 
0.304411 0 0 26.0442 -1.98336 -60.4616 
0.294298 0 0 26.9424 -2.01632 -60.6769 
0.262156 0 0 27.9809 -2.02552 -61.042 
0.252614 0 0 29.0714 -2.01207 -61.4789 
0.225168 0 0 30.1531 -1.98369 -61.9635 
0.203902 0 0 31.1984 -1.9429 -62.4844 
0.178007 0 0 32.1796 -1.8965 -63.0197 
0.169511 0 0 33.033 -1.84772 -63.5143 
0.142158 0 0 33.8199 -1.8032 -64.0226 
0.142818 0 0 34.4755 -1.76466 -64.4894 
0.146792 0 0 35.0377 -1.7338 -64.9342 
0.126928 0 0 35.4921 -1.71259 -65.3347 
0.127819 0 0 35.8436 -1.703 -65.7159 
0.132156 0 0 36.1041 -1.70597 -66.0699 
0.11967 0 0 36.2419 -1.72039 -66.3792 
0.142713 0 0 36.3105 -1.75004 -66.6757 
0.133896 0 0 36.2572 -1.79395 -66.9255 
0.129055 0 0 36.1293 -1.85398 -67.1627 
0.147865 0 0 35.8891 -1.929 -67.3775 
0.173917 0 0 35.5178 -2.01852 -67.533 
0.192426 0 0 35.0596 -2.11674 -67.6478 
0.221504 0 0 34.4959 -2.21838 -67.7403 
0.255721 0 0 33.8156 -2.30253 -67.7321 
0.263471 0 0 33.0433 -2.34845 -67.6508 
0.28148 0 0 32.122 -2.32339 -67.4259 
0.268979 0 0 31.152 -2.20656 -67.0515 
0.232012 0 0 30.105 -2.00367 -66.4882 
0.192532 0 0 29.0754 -1.76167 -65.7847 
0.148302 0 0 28.0679 -1.54535 -64.9426 
0.129988 0 0 27.114 -1.40815 -64.0265 
0.140268 0 0 26.2288 -1.38009 -63.0769 
0.160062 0 0 25.518 -1.43744 -62.2186 
0.199124 0 0 25.0003 -1.56749 -61.4418 
0.239768 0 0 24.8005 -1.7066 -60.8838 
0.302293 0 0 24.0419 -1.75709 -59.6821 
0.313518 0 0 24.1944 -1.78931 -59.4461 
0.310905 0 0 24.6442 -1.82445 -59.402 
0.304611 0 0 25.3577 -1.85801 -59.5365 
0.289819 0 0 26.2941 -1.88679 -59.8372 
0.271275 0 0 27.333 -1.9011 -60.2411 
0.242846 0 0 28.4089 -1.89796 -60.7193 
0.21589 0 0 29.4939 -1.87941 -61.2323 
0.194852 0 0 30.5445 -1.84868 -61.782 
0.183642 0 0 31.4907 -1.80918 -62.3112 
0.155184 0 0 32.3662 -1.76742 -62.8465 
0.14441 0 0 33.1404 -1.72645 -63.3502 
0.140688 0 0 33.7824 -1.6902 -63.8132 
0.143438 0 0 34.3709 -1.66144 -64.2762 
0.123257 0 0 34.824 -1.6414 -64.6798 
0.136299 0 0 35.1669 -1.62971 -65.0421 
0.114276 0 0 35.4345 -1.62986 -65.379 
0.120688 0 0 35.5764 -1.64127 -65.6655 
0.138868 0 0 35.631 -1.6659 -65.9306 
0.127135 0 0 35.5869 -1.70278 -66.141 
0.128762 0 0 35.459 -1.75282 -66.3322 
0.144391 0 0 35.198 -1.81723 -66.4619 
0.169744 0 0 34.8341 -1.89457 -66.5445 
0.16998 0 0 34.3947 -1.98308 -66.5972 
0.211723 0 0 33.8241 -2.07723 -66.5643 
0.234446 0 0 33.1446 -2.16769 -66.454 
0.263 0 0 32.3508 -2.24225 -66.2524 
0.278306 0 0 31.4422 -2.28262 -65.9156 
0.293715 0 0 30.4588 -2.27312 -65.4606 
0.306544 0 0 29.4061 -2.20712 -64.8603 
0.273576 0 0 28.3349 -2.09779 -64.137 
0.263606 0 0 27.2786 -1.97126 -63.3021 
0.251507 0 0 26.2758 -1.857 -62.4211 
0.250946 0 0 25.3868 -1.78034 -61.5571 
0.261281 0 0 24.6859 -1.74465 -60.7817 
0.275937 0 0 24.2093 -1.7372 -60.1465 
0.299179 0 0 24.0425 -1.75656 -59.6908 
0.332494 0 0 23.447 -1.69595 -58.7218 
0.313019 0 0 23.6213 -1.69563 -58.5705 
0.321074 0 0 24.0624 -1.71377 -58.5902 
0.294278 0 0 24.8162 -1.74787 -58.8072 
0.291804 0 0 25.7097 -1.77931 -59.1291 
0.253858 0 0 26.7745 -1.80447 -59.584 
0.233926 0 0 27.8477 -1.81183 -60.0887 
0.219017 0 0 28.9253 -1.80241 -60.6383 
0.206273 0 0 29.9597 -1.77845 -61.1948 
0.18464 0 0 30.9213 -1.74524 -61.7509 
0.159068 0 0 31.8105 -1.70796 -62.2986 
0.134342 0 0 32.6022 -1.66962 -62.8218 
0.130757 0 0 33.2349 -1.63523 -63.284 
0.139342 0 0 33.8163 -1.60625 -63.7332 
0.126819 0 0 34.2661 -1.58493 -64.128 
0.120649 0 0 34.6074 -1.57254 -64.4768 
0.12562 0 0 34.8605 -1.56983 -64.7892 
0.122556 0 0 35.0161 -1.57828 -65.0643 
0.12277 0 0 35.062 -1.59606 -65.2763 
0.128963 0 0 35.0187 -1.62693 -65.4516 
0.137528 0 0 34.8734 -1.66945 -65.5833 
0.140652 0 0 34.6177 -1.72319 -65.6457 
0.156039 0 0 34.2685 -1.78957 -65.6713 
0.17096 0 0 33.813 -1.8661 -65.6338 
0.197548 0 0 33.2296 -1.94776 -65.5041 
0.222712 0 0 32.5677 -2.03301 -65.3084 
0.224847 0 0 31.7777 -2.11092 -65.0145 
0.254159 0 0 30.8808 -2.17052 -64.605 
0.281676 0 0 29.8988 -2.20092 -64.0864 
0.31039 0 0 28.845 -2.19275 -63.4622 
0.314483 0 0 27.7595 -2.1434 -62.7277 
0.314213 0 0 26.6808 -2.06332 -61.9184 
0.31515 0 0 25.6662 -1.96635 -61.0885 
0.321319 0 0 24.7579 -1.86706 -60.3011 
0.304262 0 0 24.0598 -1.78753 -59.616 
0.316617 0 0 23.5952 -1.72588 -59.0792 
0.306181 0 0 23.4505 -1.69785 -58.7188 
0.323161 0 0 22.9809 -1.60828 -57.9644 
0.316761 0 0 23.1495 -1.60127 -57.877 
0.317935 0 0 23.6215 -1.62042 -57.9641 
0.303611 0 0 24.3679 -1.66237 -58.2306 
0.289603 0 0 25.2778 -1.70249 -58.5998 
0.266686 0 0 26.3146 -1.73627 -59.0797 
0.236313 0 0 27.3926 -1.75167 -59.6052 
0.218791 0 0 28.4635 -1.74897 -60.1709 
0.204479 0 0 29.4958 -1.7308 -60.7503 
0.174859 0 0 30.4745 -1.70183 -61.3286 
0.164916 0 0 31.3435 -1.66654 -61.8787 
0.137622 0 0 32.1213 -1.63002 -62.3919 
0.145338 0 0 32.7874 -1.59611 -62.8757 
0.137 0 0 33.3563 -1.56653 -63.3039 
0.123685 0 0 33.8015 -1.54349 -63.68 
0.118857 0 0 34.1609 -1.52958 -64.0301 
0.115757 0 0 34.4109 -1.52386 -64.3163 
0.105937 0 0 34.5709 -1.52776 -64.5582 
0.116511 0 0 34.6208 -1.54143 -64.7416 
0.122225 0 0 34.5699 -1.566 -64.8744 
0.127848 0 0 34.4126 -1.60084 -64.9455 
0.127195 0 0 34.1653 -1.64596 -64.9648 
0.14117 0 0 33.8198 -1.70185 -64.9264 
0.165769 0 0 33.3697 -1.76694 -64.8147 
0.174771 0 0 32.7782 -1.83863 -64.615 
0.206554 0 0 32.1076 -1.91296 -64.3481 
0.218135 0 0 31.3149 -1.98439 -63.9764 
0.257766 0 0 30.4307 -2.04502 -63.5112 
0.26197 0 0 29.465 -2.08485 -62.9535 
0.288705 0 0 28.3888 -2.09537 -62.2918 
0.311806 0 0 27.296 -2.06985 -61.559 
0.303955 0 0 26.2158 -2.00934 -60.7903 
0.311838 0 0 25.202 -1.92434 -60.0285 
0.332988 0 0 24.276 -1.82399 -59.3021 
0.329652 0 0 23.5811 -1.73033 -58.7019 
0.308774 0 0 23.1639 -1.6582 -58.2638 
0.323119 0 0 22.9956 -1.60923 -57.9796 
0.317629 0 0 22.6498 -1.53314 -57.4072 
0.318962 0 0 22.8072 -1.5269 -57.3605 
0.305015 0 0 23.2794 -1.55327 -57.4947 
0.290081 0 0 24.0146 -1.59931 -57.7934 
0.277711 0 0 24.9297 -1.65087 -58.2072 
0.255466 0 0 25.9532 -1.69217 -58.708 
0.242354 0 0 27.0397 -1.71521 -59.2764 
0.216528 0 0 28.1268 -1.71873 -59.865 
0.191171 0 0 29.1779 -1.70441 -60.4668 
0.171694 0 0 30.1252 -1.67786 -61.0517 
0.159677 0 0 30.9921 -1.64353 -61.5993 
0.144866 0 0 31.7713 -1.60671 -62.1134 
0.142325 0 0 32.4402 -1.57216 -62.5861 
0.115039 0 0 33.0144 -1.54114 -63.0132 
0.123078 0 0 33.4493 -1.51711 -63.376 
0.12387 0 0 33.7954 -1.50047 -63.6903 
0.11755 0 0 34.0638 -1.49157 -63.9672 
0.122161 0 0 34.2178 -1.49196 -64.1751 
0.118795 0 0 34.2569 -1.50027 -64.3072 
0.124031 0 0 34.2029 -1.51935 -64.4011 
0.113688 0 0 34.0725 -1.54688 -64.4314 
0.140225 0 0 33.8068 -1.58496 -64.3922 
0.148911 0 0 33.4511 -1.63175 -64.2946 
0.151376 0 0 32.9977 -1.68668 -64.1226 
0.169547 0 0 32.4277 -1.74828 -63.8697 
0.167035 0 0 31.7596 -1.81186 -63.5319 
0.203048 0 0 30.9811 -1.87502 -63.1224 
0.22392 0 0 30.0934 -1.93075 -62.6226 
0.255856 0 0 29.1187 -1.96891 -62.0251 
0.27807 0 0 28.0622 -1.98368 -61.3675 
0.305789 0 0 26.9627 -1.96692 -60.6468 
0.30393 0 0 25.8909 -1.9169 -59.9212 
0.310869 0 0 24.8651 -1.83915 -59.2049 
0.311926 0 0 23.9562 -1.74341 -58.5518 
0.322901 0 0 23.2417 -1.65079 -58.0084 
0.331714 0 0 22.8009 -1.57714 -57.6227 
0.315051 0 0 22.6582 -1.53241 -57.4068 
0.310866 0 0 22.411 -1.47448 -57.0078 
0.3088 0 0 22.5734 -1.47303 -57.0236 
0.311541 0 0 23.0343 -1.50822 -57.1891 
0.292977 0 0 23.7574 -1.56543 -57.5235 
0.28461 0 0 24.6701 -1.62388 -57.959 
0.257984 0 0 25.7098 -1.67293 -58.4987 
0.230091 0 0 26.7746 -1.70113 -59.0819 
0.217561 0 0 27.8728 -1.70911 -59.7031 
0.200609 0 0 28.9179 -1.69772 -60.3209 
0.184131 0 0 29.8831 -1.67145 -60.9103 
0.168942 0 0 30.7535 -1.63655 -61.4601 
0.145122 0 0 31.5249 -1.59953 -61.9779 
0.143746 0 0 32.1824 -1.56278 -62.4333 
0.125555 0 0 32.7492 -1.53057 -62.8466 
0.118325 0 0 33.2043 -1.50281 -63.1886 
0.111395 0 0 33.5537 -1.48321 -63.4857 
0.130737 0 0 33.8024 -1.47102 -63.7212 
0.111812 0 0 33.967 -1.46718 -63.8987 
0.114781 0 0 34.0041 -1.47206 -64.0043 
0.118175 0 0 33.9721 -1.48541 -64.0577 
0.122667 0 0 33.8242 -1.50795 -64.0428 
0.132354 0 0 33.5608 -1.53866 -63.9558 
0.118756 0 0 33.2085 -1.57816 -63.8044 
0.141237 0 0 32.7584 -1.62506 -63.5794 
0.149228 0 0 32.1898 -1.67733 -63.2846 
0.182995 0 0 31.507 -1.73273 -62.8976 
0.19024 0 0 30.7269 -1.78748 -62.4494 
0.211714 0 0 29.8577 -1.83586 -61.9227 
0.230779 0 0 28.8794 -1.87043 -61.31 
0.267582 0 0 27.8235 -1.88452 -60.6576 
0.275614 0 0 26.7369 -1.87047 -59.9639 
0.291658 0 0 25.6543 -1.82516 -59.2603 
0.301486 0 0 24.6479 -1.7549 -58.6061 
0.307721 0 0 23.7304 -1.66562 -58.0001 
0.309276 0 0 22.9992 -1.57787 -57.5108 
0.32056 0 0 22.5535 -1.50724 -57.1697 
0.320342 0 0 22.4165 -1.47307 -57.0076 
0.313529 0 0 22.2573 -1.43626 -56.7719 
0.308076 0 0 22.4234 -1.44724 -56.819 
0.301252 0 0 22.8934 -1.49298 -57.0389 
0.296163 0 0 23.6105 -1.55579 -57.3905 
0.285265 0 0 24.5155 -1.62161 -57.8756 
0.26867 0 0 25.5363 -1.67591 -58.431 
0.248943 0 0 26.6304 -1.70928 -59.0448 
0.223637 0 0 27.7001 -1.7196 -59.6755 
0.189799 0 0 28.7647 -1.70938 -60.3142 
0.180525 0 0 29.717 -1.68303 -60.9111 
0.167367 0 0 30.5939 -1.64706 -61.4642 
0.152291 0 0 31.3654 -1.60751 -61.9752 
0.141087 0 0 32.0463 -1.56901 -62.4375 
0.122223 0 0 32.6065 -1.5327 -62.8186 
0.135495 0 0 33.0598 -1.50212 -63.1482 
0.118493 0 0 33.4308 -1.4789 -63.4223 
0.124023 0 0 33.6625 -1.46268 -63.6133 
0.105386 0 0 33.8164 -1.45488 -63.7506 
0.124441 0 0 33.859 -1.45558 -63.8302 
0.117154 0 0 33.8156 -1.46355 -63.8324 
0.119315 0 0 33.6713 -1.48135 -63.7801 
0.133493 0 0 33.4102 -1.50621 -63.6408 
0.137889 0 0 33.0653 -1.53936 -63.4527 
0.133799 0 0 32.6082 -1.57936 -63.1879 
0.153745 0 0 32.0363 -1.62494 -62.8465 
0.163844 0 0 31.3632 -1.67305 -62.432 
0.192014 0 0 30.5898 -1.72138 -61.9578 
0.197969 0 0 29.7056 -1.76351 -61.3997 
0.217475 0 0 28.7299 -1.7943 -60.7948 
0.23257 0 0 27.6865 -1.80709 -60.1497 
0.263033 0 0 26.6156 -1.79386 -59.4838 
0.287236 0 0 25.5163 -1.75232 -58.8007 
0.285003 0 0 24.4884 -1.68701 -58.1772 
0.305073 0 0 23.5936 -1.60542 -57.623 
0.309329 0 0 22.8738 -1.52618 -57.1966 
0.314768 0 0 22.4173 -1.46516 -56.9029 
0.31793 0 0 22.2579 -1.43649 -56.7736 
0.318568 0 0 22.2078 -1.42406 -56.6883 
0.318467 0 0 22.3718 -1.44135 -56.7831 
0.303725 0 0 22.8191 -1.49584 -57.0314 
0.303385 0 0 23.545 -1.56717 -57.4272 
0.283351 0 0 24.4421 -1.64208 -57.9377 
0.27628 0 0 25.4846 -1.70264 -58.5383 
0.256675 0 0 26.5577 -1.74038 -59.166 
0.222125 0 0 27.6453 -1.75187 -59.8222 
0.214508 0 0 28.6986 -1.74137 -60.4726 
0.178233 0 0 29.6776 -1.71349 -61.0816 
0.162953 0 0 30.5375 -1.6746 -61.6224 
0.163577 0 0 31.3319 -1.63231 -62.1362 
0.145004 0 0 31.9891 -1.58926 -62.566 
0.135235 0 0 32.5546 -1.54891 -62.9298 
0.130189 0 0 32.9996 -1.51417 -63.2229 
0.123519 0 0 33.3717 -1.48633 -63.4634 
0.126686 0 0 33.603 -1.46607 -63.6217 
0.119755 0 0 33.7622 -1.45321 -63.7243 
0.116089 0 0 33.8198 -1.44997 -63.7655 
0.12354 0 0 33.763 -1.4539 -63.7238 
0.123801 0 0 33.6168 -1.46617 -63.6315 
0.127172 0 0 33.37 -1.48573 -63.4635 
0.129347 0 0 33.0042 -1.51422 -63.2276 
0.146628 0 0 32.5567 -1.54891 -62.9318 
0.142726 0 0 31.987 -1.58853 -62.5603 
0.158037 0 0 31.3295 -1.6321 -62.1397 
0.182471 0 0 30.5346 -1.6746 -61.6293 
0.192791 0 0 29.6629 -1.71355 -61.0791 
0.205457 0 0 28.6999 -1.74097 -60.4684 
0.23398 0 0 27.6523 -1.7521 -59.8262 
0.259142 0 0 26.5604 -1.74004 -59.1708 
0.277067 0 0 25.4802 -1.70315 -58.5312 
0.285016 0 0 24.4577 -1.64188 -57.9443 
0.297073 0 0 23.5514 -1.56918 -57.4355 
0.314302 0 0 22.8228 -1.49523 -57.0323 
0.306909 0 0 22.379 -1.44313 -56.7795 
0.314524 0 0 22.2093 -1.42518 -56.6936 
