42.1492 0 0 10.7157 13.3685 -21.2571 
41.289 0 0 10.718 13.2242 -21.248 
38.6381 0 0 10.7277 12.969 -21.2273 
34.3671 0 0 10.7442 12.5357 -21.1928 
28.92 0 0 10.7644 11.7549 -21.1395 
22.7491 0 0 10.7908 10.6938 -21.0728 
16.3559 0 0 10.8264 9.26925 -21.0027 
10.5988 0 0 10.8597 7.51258 -20.9282 
6.12284 0 0 10.8929 5.44378 -20.8653 
3.07814 0 0 10.9206 3.36017 -20.8251 
1.36386 0 0 10.9403 1.5468 -20.8156 
0.540896 0 0 10.9494 0.168666 -20.8274 
0.207687 0 0 10.955 -0.740258 -20.8617 
0.0793427 0 0 10.9589 -1.2647 -20.9082 
0.0355976 0 0 10.9584 -1.54423 -20.9508 
0.0225403 0 0 10.9582 -1.68536 -20.9896 
0.0125172 0 0 10.9612 -1.7495 -21.0258 
0.0120481 0 0 10.9603 -1.77599 -21.0428 
0.0101515 0 0 10.96 -1.78292 -21.0504 
0.0115732 0 0 10.9597 -1.77514 -21.044 
0.014216 0 0 10.9606 -1.7487 -21.0264 
0.0189399 0 0 10.9594 -1.68397 -20.9924 
0.0326643 0 0 10.9611 -1.54505 -20.954 
0.0839316 0 0 10.9578 -1.26719 -20.909 
0.201804 0 0 10.955 -0.740043 -20.8632 
0.549646 0 0 10.9475 0.163725 -20.8242 
1.35784 0 0 10.9393 1.54947 -20.8134 
3.05077 0 0 10.9216 3.38803 -20.8261 
6.14006 0 0 10.8946 5.43773 -20.8665 
10.7023 0 0 10.8598 7.50377 -20.927 
16.4227 0 0 10.8256 9.27153 -21.0037 
22.7617 0 0 10.7934 10.6702 -21.0782 
28.9485 0 0 10.7656 11.744 -21.1421 
34.4536 0 0 10.7436 12.4759 -21.1918 
38.6103 0 0 10.7279 13.0145 -21.2282 
41.3153 0 0 10.7198 13.2426 -21.2493 
42.1693 0 0 10.715 13.3497 -21.2544 
41.1663 0 0 10.7165 13.322 -21.2419 
39.4969 0 0 10.7218 13.0735 -21.2024 
36.0243 0 0 10.7353 12.7216 -21.1486 
31.1299 0 0 10.7524 12.1464 -21.0781 
25.3079 0 0 10.7772 11.2278 -20.9973 
18.9576 0 0 10.8102 9.98294 -20.9125 
12.8564 0 0 10.8442 8.39998 -20.8184 
7.76734 0 0 10.8791 6.3991 -20.7396 
4.03498 0 0 10.9085 4.30098 -20.6834 
1.84127 0 0 10.9328 2.281 -20.6695 
0.74203 0 0 10.9458 0.657282 -20.6851 
0.281044 0 0 10.9535 -0.451866 -20.7313 
0.101415 0 0 10.9586 -1.1136 -20.7971 
0.0453145 0 0 10.9598 -1.47655 -20.8635 
0.0233007 0 0 10.9601 -1.65729 -20.9254 
0.0123866 0 0 10.9594 -1.73941 -20.9775 
0.0109681 0 0 10.9594 -1.77471 -21.0238 
0.0114333 0 0 10.9608 -1.78722 -21.0545 
0.0108045 0 0 10.9594 -1.78477 -21.0696 
0.0140327 0 0 10.9595 -1.76955 -21.0744 
0.0147345 0 0 10.9618 -1.72714 -21.0703 
0.0251076 0 0 10.9602 -1.63205 -21.0503 
0.0502113 0 0 10.9575 -1.43175 -21.0227 
0.128103 0 0 10.9558 -1.04562 -20.9972 
0.33602 0 0 10.9524 -0.355374 -20.9769 
0.865494 0 0 10.9435 0.754173 -20.9663 
2.04953 0 0 10.9296 2.32755 -20.9776 
4.3892 0 0 10.9074 4.27891 -21.0079 
8.05339 0 0 10.8786 6.35776 -21.0599 
13.1504 0 0 10.8455 8.24689 -21.1183 
19.0831 0 0 10.8111 9.88219 -21.1774 
25.3791 0 0 10.779 11.0889 -21.2226 
31.123 0 0 10.7535 12.0359 -21.2548 
35.948 0 0 10.7355 12.6863 -21.2729 
39.4832 0 0 10.7233 13.0155 -21.2798 
41.2554 0 0 10.7179 13.251 -21.2693 
41.1751 0 0 10.7142 13.2782 -21.2374 
38.4583 0 0 10.72 12.9946 -21.2001 
35.9811 0 0 10.7288 12.7163 -21.1276 
31.8538 0 0 10.7437 12.2419 -21.0421 
26.5192 0 0 10.7691 11.5115 -20.9473 
20.5372 0 0 10.7951 10.4631 -20.8381 
14.4273 0 0 10.8276 8.98077 -20.7294 
9.035 0 0 10.8635 7.1291 -20.6306 
4.90309 0 0 10.8974 5.00058 -20.5615 
2.24149 0 0 10.924 2.85795 -20.5346 
0.887955 0 0 10.9396 1.06554 -20.5493 
0.326809 0 0 10.951 -0.223393 -20.6066 
0.119431 0 0 10.9565 -1.01002 -20.6865 
0.0472136 0 0 10.9575 -1.43763 -20.7739 
0.0211263 0 0 10.9611 -1.64836 -20.8632 
0.0144236 0 0 10.959 -1.74592 -20.9386 
0.0105596 0 0 10.9609 -1.78466 -21.0089 
0.00879944 0 0 10.9588 -1.79666 -21.0611 
0.00922451 0 0 10.9598 -1.79819 -21.1034 
0.0129853 0 0 10.9603 -1.79016 -21.1344 
0.0130205 0 0 10.959 -1.76876 -21.1449 
0.0164497 0 0 10.9576 -1.71402 -21.1469 
0.0261919 0 0 10.959 -1.59508 -21.147 
0.0633517 0 0 10.9578 -1.34594 -21.1385 
0.163397 0 0 10.9556 -0.870647 -21.1299 
0.457388 0 0 10.9489 -0.0475278 -21.1281 
1.14952 0 0 10.9407 1.2279 -21.1426 
2.65314 0 0 10.9217 2.9397 -21.1668 
5.38471 0 0 10.8978 4.90644 -21.2075 
9.50446 0 0 10.8663 6.91585 -21.2536 
14.7907 0 0 10.8312 8.71913 -21.2942 
20.64 0 0 10.7975 10.1479 -21.3274 
26.5907 0 0 10.7711 11.2701 -21.3478 
31.7634 0 0 10.7471 12.0936 -21.3487 
35.9286 0 0 10.7315 12.5718 -21.3337 
38.4328 0 0 10.7237 12.9446 -21.3043 
39.3297 0 0 10.7165 13.0377 -21.256 
38.5939 0 0 10.7215 12.9388 -21.2012 
34.1986 0 0 10.7305 12.5307 -21.1373 
30.9699 0 0 10.741 12.1082 -21.0297 
26.428 0 0 10.762 11.4567 -20.9175 
20.9922 0 0 10.7839 10.518 -20.7883 
15.1504 0 0 10.8163 9.27847 -20.6635 
9.78484 0 0 10.8525 7.56713 -20.5486 
5.41704 0 0 10.8849 5.4892 -20.4584 
2.53227 0 0 10.9162 3.3067 -20.4172 
0.996352 0 0 10.9355 1.36932 -20.4279 
0.347265 0 0 10.948 -0.0725194 -20.489 
0.118368 0 0 10.954 -0.948949 -20.5822 
0.0397676 0 0 10.9586 -1.42626 -20.6897 
0.0170725 0 0 10.9598 -1.65939 -20.7996 
0.00843979 0 0 10.9608 -1.76056 -20.9038 
0.00758472 0 0 10.9617 -1.79784 -20.997 
0.00830352 0 0 10.9595 -1.807 -21.0722 
0.0109552 0 0 10.9602 -1.80558 -21.1384 
0.00722428 0 0 10.9599 -1.80192 -21.1884 
0.0134011 0 0 10.9604 -1.79431 -21.2276 
0.007821 0 0 10.9605 -1.77243 -21.2517 
0.0139349 0 0 10.9595 -1.71708 -21.2689 
0.019873 0 0 10.9591 -1.58253 -21.2795 
0.0600597 0 0 10.9582 -1.30228 -21.2887 
0.178418 0 0 10.9532 -0.769141 -21.2962 
0.513472 0 0 10.9469 0.148635 -21.3136 
1.32905 0 0 10.9326 1.52579 -21.3355 
3.04966 0 0 10.9134 3.27992 -21.3688 
5.94471 0 0 10.8862 5.26759 -21.4035 
10.1419 0 0 10.8542 7.18966 -21.4365 
15.3528 0 0 10.8215 8.87849 -21.4583 
20.9051 0 0 10.7921 10.1924 -21.4652 
26.2209 0 0 10.7651 11.1744 -21.4486 
30.7441 0 0 10.7442 11.9446 -21.4154 
34.0466 0 0 10.731 12.3729 -21.3647 
35.7771 0 0 10.7254 12.5897 -21.3056 
35.7615 0 0 10.7234 12.6569 -21.2248 
34.1058 0 0 10.7308 12.5284 -21.1355 
28.462 0 0 10.7414 11.7741 -21.0416 
24.8567 0 0 10.7561 11.2125 -20.9069 
20.2573 0 0 10.7789 10.401 -20.768 
15.0755 0 0 10.8079 9.25366 -20.6227 
9.94082 0 0 10.8395 7.6645 -20.4836 
5.6639 0 0 10.8742 5.72072 -20.3748 
2.65796 0 0 10.9069 3.57154 -20.3168 
1.0553 0 0 10.9312 1.5703 -20.3208 
0.345588 0 0 10.9457 0.0298147 -20.3806 
0.11134 0 0 10.954 -0.930291 -20.4821 
0.032152 0 0 10.9578 -1.44065 -20.6056 
0.0168531 0 0 10.9607 -1.68391 -20.7384 
0.00857945 0 0 10.9604 -1.77913 -20.8618 
0.0076122 0 0 10.9629 -1.80899 -20.9801 
0.00894228 0 0 10.9595 -1.80976 -21.0785 
0.00671581 0 0 10.9586 -1.80315 -21.1657 
0.00805812 0 0 10.96 -1.79728 -21.2418 
0.00910157 0 0 10.9608 -1.79479 -21.3013 
0.00874671 0 0 10.9609 -1.7913 -21.3497 
0.0113918 0 0 10.9606 -1.77721 -21.3867 
0.00850138 0 0 10.9597 -1.72769 -21.4151 
0.0189592 0 0 10.9588 -1.59874 -21.4372 
0.0496764 0 0 10.9574 -1.31528 -21.4608 
0.163396 0 0 10.9523 -0.759506 -21.4853 
0.489363 0 0 10.9458 0.188194 -21.5154 
1.32473 0 0 10.9286 1.60887 -21.5429 
3.00947 0 0 10.908 3.38522 -21.5772 
5.90558 0 0 10.8801 5.30753 -21.6019 
9.95242 0 0 10.8469 7.15793 -21.6097 
14.7915 0 0 10.8168 8.70588 -21.6044 
19.7611 0 0 10.785 9.9575 -21.5723 
24.4351 0 0 10.7626 10.8722 -21.5263 
28.1062 0 0 10.7479 11.5396 -21.4622 
30.4799 0 0 10.7368 11.9494 -21.3796 
31.375 0 0 10.7304 12.0979 -21.2774 
30.7633 0 0 10.7329 12.0343 -21.1685 
28.5211 0 0 10.7408 11.7434 -21.043 
22.2131 0 0 10.7589 10.6963 -20.9338 
18.4348 0 0 10.7799 9.98702 -20.7749 
14.0266 0 0 10.803 8.93009 -20.6069 
9.53454 0 0 10.8337 7.53035 -20.4528 
5.56609 0 0 10.8663 5.73016 -20.3207 
2.68162 0 0 10.901 3.62626 -20.2455 
1.02933 0 0 10.9253 1.64884 -20.2258 
0.328291 0 0 10.9439 0.0725598 -20.2812 
0.0975764 0 0 10.9518 -0.92839 -20.3836 
0.0283475 0 0 10.9562 -1.46414 -20.517 
0.0127881 0 0 10.9607 -1.708 -20.6691 
0.00524232 0 0 10.9589 -1.79636 -20.8079 
0.00704483 0 0 10.9626 -1.81552 -20.9529 
0.00977003 0 0 10.9612 -1.80604 -21.0768 
0.00577758 0 0 10.9603 -1.78905 -21.1891 
0.00903273 0 0 10.9596 -1.77701 -21.2836 
0.0106735 0 0 10.9581 -1.77163 -21.3623 
0.0096163 0 0 10.9602 -1.774 -21.4341 
0.00869199 0 0 10.9626 -1.77898 -21.494 
0.0106266 0 0 10.9607 -1.77583 -21.5374 
0.00918738 0 0 10.96 -1.7418 -21.5781 
0.0124279 0 0 10.9555 -1.63362 -21.6084 
0.0328055 0 0 10.9575 -1.37902 -21.649 
0.121536 0 0 10.9512 -0.856439 -21.6831 
0.398043 0 0 10.9441 0.075229 -21.7218 
1.12813 0 0 10.9271 1.4571 -21.7524 
2.66014 0 0 10.9057 3.16746 -21.777 
5.29594 0 0 10.8761 5.04245 -21.7829 
8.84973 0 0 10.843 6.82848 -21.7681 
13.0798 0 0 10.8123 8.30867 -21.73 
17.4546 0 0 10.7882 9.50374 -21.6679 
21.2761 0 0 10.7655 10.3614 -21.582 
24.1283 0 0 10.7503 10.9214 -21.4804 
25.8854 0 0 10.7467 11.1692 -21.3678 
26.0029 0 0 10.7409 11.3223 -21.2291 
24.6763 0 0 10.7472 11.1242 -21.0883 
22.0639 0 0 10.7602 10.718 -20.9344 
15.7129 0 0 10.782 9.19482 -20.8062 
12.2413 0 0 10.8029 8.33319 -20.6225 
8.5341 0 0 10.8299 7.03947 -20.447 
5.12448 0 0 10.8611 5.38056 -20.296 
2.54951 0 0 10.8937 3.49018 -20.1929 
1.00596 0 0 10.9217 1.60905 -20.1608 
0.306386 0 0 10.9401 0.070192 -20.1923 
0.0882547 0 0 10.9529 -0.944242 -20.294 
0.0234926 0 0 10.9571 -1.48288 -20.4298 
0.00677504 0 0 10.9608 -1.72752 -20.5873 
0.00574214 0 0 10.9575 -1.80982 -20.7448 
0.0052936 0 0 10.9612 -1.81734 -20.9071 
0.00798111 0 0 10.9613 -1.79662 -21.057 
0.00846737 0 0 10.9603 -1.76942 -21.1888 
0.00999285 0 0 10.9626 -1.74721 -21.3135 
0.00995725 0 0 10.958 -1.73313 -21.4091 
0.0104239 0 0 10.9604 -1.7319 -21.5025 
0.00865526 0 0 10.9583 -1.74013 -21.5731 
0.00906578 0 0 10.9621 -1.75443 -21.6431 
0.00719194 0 0 10.9592 -1.76387 -21.696 
0.0106406 0 0 10.9592 -1.75056 -21.7472 
0.0131645 0 0 10.9575 -1.67624 -21.7924 
0.022372 0 0 10.957 -1.46956 -21.8373 
0.0741226 0 0 10.9526 -1.01861 -21.8823 
0.286699 0 0 10.9422 -0.194071 -21.921 
0.82177 0 0 10.9304 1.0668 -21.9568 
2.06551 0 0 10.9046 2.70706 -21.9652 
4.22045 0 0 10.8774 4.47817 -21.9522 
7.17822 0 0 10.8482 6.1597 -21.9116 
10.6675 0 0 10.8183 7.58137 -21.8395 
14.1569 0 0 10.7941 8.69181 -21.7426 
17.2117 0 0 10.7752 9.49676 -21.6231 
19.398 0 0 10.7618 9.95601 -21.4826 
20.2711 0 0 10.7586 10.202 -21.334 
19.9986 0 0 10.7599 10.134 -21.1678 
18.349 0 0 10.7642 9.84666 -20.9862 
15.6745 0 0 10.7813 9.2585 -20.8071 
9.9219 0 0 10.8113 7.40675 -20.6789 
7.15544 0 0 10.8332 6.30635 -20.4807 
4.44477 0 0 10.8617 4.85888 -20.3065 
2.31281 0 0 10.8902 3.18861 -20.1776 
0.939519 0 0 10.917 1.46701 -20.1132 
0.300634 0 0 10.9383 0.0233762 -20.1238 
0.0821117 0 0 10.9507 -0.960807 -20.2045 
0.0219715 0 0 10.9569 -1.50012 -20.336 
0.00707319 0 0 10.961 -1.74142 -20.497 
0.00771947 0 0 10.9613 -1.81876 -20.6712 
0.00591613 0 0 10.9635 -1.81825 -20.8512 
0.0100019 0 0 10.9623 -1.7864 -21.0179 
0.00686481 0 0 10.9636 -1.74932 -21.1741 
0.0112796 0 0 10.9613 -1.71561 -21.3147 
0.0114143 0 0 10.96 -1.69237 -21.4369 
0.011022 0 0 10.9613 -1.68167 -21.548 
0.012007 0 0 10.9624 -1.68383 -21.644 
0.0101552 0 0 10.9589 -1.69657 -21.7204 
0.0117823 0 0 10.9607 -1.71882 -21.7938 
0.00911871 0 0 10.9615 -1.74124 -21.8561 
0.0105818 0 0 10.9584 -1.74828 -21.9112 
0.00731882 0 0 10.9607 -1.70996 -21.9694 
0.0102179 0 0 10.9561 -1.56825 -22.0135 
0.0387528 0 0 10.9547 -1.22835 -22.0703 
0.147358 0 0 10.9443 -0.55677 -22.107 
0.504923 0 0 10.932 0.515922 -22.1355 
1.34192 0 0 10.9093 1.97839 -22.1339 
2.91531 0 0 10.8839 3.59716 -22.1006 
5.16499 0 0 10.8547 5.1539 -22.0308 
7.88855 0 0 10.827 6.49837 -21.9267 
10.5175 0 0 10.8068 7.55237 -21.7985 
12.7456 0 0 10.7904 8.2979 -21.6432 
14.2056 0 0 10.7793 8.71743 -21.467 
14.5325 0 0 10.7753 8.81374 -21.2803 
13.9231 0 0 10.7817 8.59655 -21.0862 
12.3417 0 0 10.7925 8.1394 -20.8821 
9.86602 0 0 10.8081 7.40945 -20.673 
5.46896 0 0 10.8418 5.27062 -20.5512 
3.57084 0 0 10.865 4.08611 -20.3522 
1.955 0 0 10.8914 2.66841 -20.1984 
0.846823 0 0 10.9151 1.22843 -20.0978 
0.298735 0 0 10.9342 -0.0690279 -20.0746 
0.0825963 0 0 10.9471 -0.981566 -20.1288 
0.0191891 0 0 10.954 -1.50337 -20.2373 
0.00836402 0 0 10.9597 -1.74766 -20.3973 
0.0100915 0 0 10.9597 -1.82497 -20.5742 
0.00685852 0 0 10.9592 -1.81968 -20.7615 
0.00993909 0 0 10.9602 -1.78097 -20.9496 
0.01149 0 0 10.9621 -1.73391 -21.1308 
0.0101873 0 0 10.963 -1.69057 -21.2924 
0.0106385 0 0 10.9627 -1.65685 -21.4414 
0.0120652 0 0 10.9615 -1.63567 -21.568 
0.00826263 0 0 10.9624 -1.62645 -21.6841 
0.010417 0 0 10.9604 -1.63131 -21.7789 
0.0113053 0 0 10.9588 -1.64867 -21.8626 
0.0122398 0 0 10.9602 -1.67542 -21.9418 
0.0123184 0 0 10.9597 -1.70677 -22.008 
0.010088 0 0 10.9599 -1.73185 -22.0683 
0.00846789 0 0 10.9608 -1.72703 -22.1275 
0.00970609 0 0 10.9587 -1.64943 -22.1809 
0.0145789 0 0 10.9558 -1.42495 -22.2287 
0.0610527 0 0 10.9489 -0.943583 -22.2689 
0.224521 0 0 10.9395 -0.109973 -22.2934 
0.730251 0 0 10.9182 1.07997 -22.2755 
1.70684 0 0 10.895 2.48347 -22.2246 
3.19835 0 0 10.8694 3.91893 -22.1302 
5.04342 0 0 10.8447 5.11415 -21.9979 
6.89559 0 0 10.8254 6.08458 -21.8343 
8.42015 0 0 10.811 6.73277 -21.6462 
9.38142 0 0 10.8036 7.03107 -21.4388 
9.42676 0 0 10.8041 7.06737 -21.2243 
8.68097 0 0 10.8098 6.80704 -20.9958 
7.24141 0 0 10.8204 6.20322 -20.7642 
5.46907 0 0 10.8413 5.27687 -20.5499 
2.59313 0 0 10.8735 3.15427 -20.4336 
1.52619 0 0 10.8946 2.04479 -20.2483 
0.731333 0 0 10.9157 0.873888 -20.1172 
0.276536 0 0 10.9341 -0.203897 -20.0583 
0.0873546 0 0 10.9473 -1.00897 -20.0761 
0.022783 0 0 10.9552 -1.5017 -20.1578 
0.00769451 0 0 10.9576 -1.74764 -20.2938 
0.00669824 0 0 10.9604 -1.82871 -20.4707 
0.00693366 0 0 10.9606 -1.82526 -20.664 
0.0079601 0 0 10.9614 -1.78262 -20.8648 
0.0105182 0 0 10.9613 -1.72846 -21.0611 
0.0119696 0 0 10.9642 -1.67693 -21.2479 
0.0147024 0 0 10.962 -1.63253 -21.4125 
0.0134309 0 0 10.9632 -1.59986 -21.5658 
0.00936026 0 0 10.9629 -1.58027 -21.6972 
0.00957247 0 0 10.9633 -1.57393 -21.8141 
0.012514 0 0 10.9603 -1.57986 -21.9123 
0.00954831 0 0 10.9641 -1.59855 -22.0083 
0.0109274 0 0 10.9607 -1.62806 -22.0796 
0.0138579 0 0 10.9594 -1.66475 -22.1464 
0.0133061 0 0 10.9615 -1.70146 -22.2109 
0.0089788 0 0 10.9601 -1.72237 -22.264 
0.00690783 0 0 10.9607 -1.69852 -22.3166 
0.00988511 0 0 10.9578 -1.57738 -22.3601 
0.0209213 0 0 10.9521 -1.27925 -22.3925 
0.0849387 0 0 10.943 -0.709727 -22.4035 
0.29332 0 0 10.9309 0.160626 -22.3864 
0.8132 0 0 10.9107 1.27207 -22.3168 
1.65767 0 0 10.8903 2.45438 -22.2079 
2.76087 0 0 10.869 3.5325 -22.0505 
3.88901 0 0 10.8513 4.39366 -21.8552 
4.84825 0 0 10.8383 4.93382 -21.6343 
5.3066 0 0 10.8309 5.1434 -21.3947 
5.33505 0 0 10.8351 5.09247 -21.1535 
4.74963 0 0 10.8431 4.72866 -20.9035 
3.75015 0 0 10.8559 4.08983 -20.6601 
2.61094 0 0 10.8751 3.14229 -20.44 
1.05988 0 0 10.9016 1.32213 -20.3359 
0.561279 0 0 10.918 0.465699 -20.1694 
0.243766 0 0 10.935 -0.384741 -20.0698 
0.0851097 0 0 10.9446 -1.05043 -20.0387 
0.0281923 0 0 10.9537 -1.50198 -20.0874 
0.012973 0 0 10.9584 -1.74108 -20.2006 
0.00917485 0 0 10.9611 -1.8311 -20.3617 
0.0116171 0 0 10.962 -1.8335 -20.5537 
0.00985973 0 0 10.9604 -1.7917 -20.7556 
0.010203 0 0 10.963 -1.73416 -20.9688 
0.0125241 0 0 10.9612 -1.6749 -21.1658 
0.0120762 0 0 10.9637 -1.62257 -21.3602 
0.0086291 0 0 10.9611 -1.57972 -21.5264 
0.0118725 0 0 10.9636 -1.54939 -21.6869 
0.00923282 0 0 10.9607 -1.53102 -21.815 
0.0144419 0 0 10.9627 -1.52549 -21.9393 
0.0101678 0 0 10.9612 -1.53224 -22.0385 
0.014283 0 0 10.9608 -1.55094 -22.1273 
0.0100404 0 0 10.9618 -1.58026 -22.2055 
0.0151804 0 0 10.9611 -1.61849 -22.2736 
0.010978 0 0 10.9606 -1.66169 -22.3308 
0.0112568 0 0 10.9598 -1.69863 -22.3807 
0.0097594 0 0 10.9603 -1.71184 -22.4247 
0.00624564 0 0 10.9597 -1.66817 -22.4598 
0.00865774 0 0 10.9554 -1.5158 -22.4792 
0.0203313 0 0 10.9513 -1.18952 -22.4822 
0.0953037 0 0 10.9425 -0.635896 -22.4488 
0.290848 0 0 10.9251 0.133572 -22.364 
0.643636 0 0 10.91 1.01853 -22.2407 
1.19513 0 0 10.8941 1.87919 -22.0653 
1.81732 0 0 10.8784 2.57658 -21.8471 
2.32524 0 0 10.8692 3.03258 -21.602 
2.57457 0 0 10.866 3.20972 -21.3425 
2.52622 0 0 10.8687 3.10477 -21.0757 
2.18286 0 0 10.876 2.7063 -20.8087 
1.65392 0 0 10.8871 2.12324 -20.5551 
1.05872 0 0 10.9019 1.31626 -20.3389 
0.378446 0 0 10.9243 -0.0201249 -20.2547 
0.190766 0 0 10.9347 -0.610995 -20.1085 
0.0821883 0 0 10.9451 -1.12748 -20.0352 
0.0336618 0 0 10.9545 -1.50392 -20.0439 
0.0151374 0 0 10.9578 -1.73066 -20.1177 
0.0120632 0 0 10.9595 -1.82799 -20.2505 
0.0110663 0 0 10.9613 -1.84182 -20.4296 
0.0115692 0 0 10.9632 -1.80741 -20.6363 
0.0134648 0 0 10.9647 -1.75077 -20.8578 
0.00943232 0 0 10.9609 -1.68749 -21.0669 
0.0120867 0 0 10.9635 -1.62871 -21.2783 
0.0124837 0 0 10.9628 -1.57745 -21.4705 
0.0135206 0 0 10.9621 -1.53688 -21.6417 
0.0112077 0 0 10.9616 -1.50731 -21.7972 
0.0109223 0 0 10.9624 -1.4907 -21.9343 
0.00914783 0 0 10.9623 -1.48367 -22.0516 
0.0109732 0 0 10.9629 -1.48986 -22.1563 
0.0121554 0 0 10.9629 -1.50712 -22.2427 
0.0123299 0 0 10.9617 -1.53501 -22.3162 
0.0141234 0 0 10.9592 -1.57211 -22.3758 
0.0140733 0 0 10.9623 -1.61659 -22.4334 
0.0133341 0 0 10.9606 -1.66148 -22.4731 
0.0107505 0 0 10.9593 -1.6967 -22.5032 
0.0115931 0 0 10.961 -1.70307 -22.5278 
0.0106342 0 0 10.9591 -1.64906 -22.5341 
0.00808756 0 0 10.9558 -1.49361 -22.5142 
0.0214402 0 0 10.951 -1.19966 -22.4637 
0.0686701 0 0 10.9406 -0.74091 -22.3725 
0.190538 0 0 10.9297 -0.168794 -22.2306 
0.392604 0 0 10.917 0.428342 -22.0409 
0.669182 0 0 10.9088 0.952099 -21.8137 
0.886849 0 0 10.8986 1.29064 -21.5454 
1.02192 0 0 10.8956 1.43243 -21.2664 
1.01382 0 0 10.8963 1.32501 -20.979 
0.866903 0 0 10.9045 1.02664 -20.7106 
0.612153 0 0 10.912 0.544217 -20.4586 
0.387868 0 0 10.9237 -0.0283674 -20.2544 
0.13517 0 0 10.9397 -0.887737 -20.1863 
0.0684472 0 0 10.9455 -1.2365 -20.0628 
0.0323229 0 0 10.9513 -1.52245 -20.0171 
0.017738 0 0 10.955 -1.71762 -20.0501 
0.0140409 0 0 10.9597 -1.82169 -20.156 
0.0101106 0 0 10.9618 -1.84871 -20.3075 
0.0118847 0 0 10.9634 -1.82562 -20.5065 
0.0116822 0 0 10.9611 -1.7745 -20.7198 
0.0107871 0 0 10.9619 -1.71235 -20.9474 
0.00826242 0 0 10.9634 -1.6497 -21.1721 
0.0097568 0 0 10.963 -1.59123 -21.3803 
0.0130472 0 0 10.9603 -1.54182 -21.5709 
0.0105997 0 0 10.9619 -1.50308 -21.7503 
0.00940544 0 0 10.9629 -1.47453 -21.908 
0.0138587 0 0 10.9631 -1.45718 -22.0444 
0.0107562 0 0 10.9641 -1.45048 -22.1611 
0.0120413 0 0 10.9621 -1.45404 -22.2576 
0.0126656 0 0 10.9622 -1.46856 -22.3436 
0.0121479 0 0 10.9626 -1.49332 -22.4135 
0.0130809 0 0 10.9616 -1.52792 -22.467 
0.0137817 0 0 10.9611 -1.57004 -22.5111 
0.00990887 0 0 10.9626 -1.61747 -22.5437 
0.0156713 0 0 10.9599 -1.66325 -22.5614 
0.0119602 0 0 10.9638 -1.69668 -22.5692 
0.0105026 0 0 10.9618 -1.70134 -22.5536 
0.00896148 0 0 10.9575 -1.65231 -22.511 
0.00597173 0 0 10.9576 -1.5238 -22.4449 
0.0112563 0 0 10.9532 -1.30209 -22.3389 
0.0418493 0 0 10.9443 -0.987737 -22.1794 
0.0927341 0 0 10.936 -0.628839 -21.9761 
0.175631 0 0 10.9293 -0.304719 -21.7342 
0.267831 0 0 10.9257 -0.0686676 -21.466 
0.335782 0 0 10.9209 0.0407945 -21.17 
0.336691 0 0 10.9241 -0.0247677 -20.8871 
0.291715 0 0 10.9257 -0.216571 -20.6078 
0.209796 0 0 10.9312 -0.531878 -20.3712 
0.136435 0 0 10.9386 -0.883916 -20.1855 
0.0512153 0 0 10.9512 -1.37578 -20.1324 
0.0283769 0 0 10.9521 -1.56671 -20.0304 
0.0196242 0 0 10.9576 -1.71635 -20.0181 
0.0158593 0 0 10.9598 -1.81254 -20.0749 
0.0148322 0 0 10.9603 -1.85013 -20.1996 
0.0122281 0 0 10.9614 -1.84165 -20.3718 
0.0150032 0 0 10.9633 -1.80294 -20.5863 
0.0146136 0 0 10.9629 -1.74635 -20.8126 
0.0123879 0 0 10.9641 -1.68359 -21.0452 
0.0142124 0 0 10.9612 -1.62174 -21.2687 
0.0130696 0 0 10.9643 -1.56661 -21.4886 
0.0110531 0 0 10.9624 -1.51794 -21.6791 
0.0123863 0 0 10.9616 -1.47974 -21.8538 
0.0108247 0 0 10.9623 -1.45091 -22.0085 
0.01094 0 0 10.9629 -1.43301 -22.1417 
0.0133267 0 0 10.9608 -1.42429 -22.2518 
0.0140873 0 0 10.9624 -1.42589 -22.3508 
0.0130741 0 0 10.961 -1.43662 -22.4268 
0.0128321 0 0 10.9624 -1.45745 -22.492 
0.0118937 0 0 10.963 -1.48786 -22.54 
0.0138946 0 0 10.9607 -1.52582 -22.5706 
0.0149343 0 0 10.9629 -1.57153 -22.5951 
0.0157715 0 0 10.9613 -1.62003 -22.5948 
0.0117677 0 0 10.9603 -1.66484 -22.5779 
0.0161159 0 0 10.9624 -1.69898 -22.5459 
0.0140445 0 0 10.9632 -1.70838 -22.4912 
0.00865903 0 0 10.9597 -1.67721 -22.3941 
0.00387679 0 0 10.9563 -1.59471 -22.2624 
0.00398633 0 0 10.9541 -1.45595 -22.0956 
0.014879 0 0 10.9507 -1.27971 -21.8844 
0.0401505 0 0 10.945 -1.09607 -21.632 
0.0599459 0 0 10.941 -0.95173 -21.3526 
0.0881205 0 0 10.9387 -0.874664 -21.0651 
0.101236 0 0 10.9412 -0.894225 -20.7819 
0.0897657 0 0 10.9398 -1.00444 -20.5103 
0.0713512 0 0 10.9443 -1.1757 -20.2892 
0.0465741 0 0 10.9494 -1.37341 -20.1261 
0.0248135 0 0 10.9534 -1.63105 -20.0787 
0.0220311 0 0 10.9573 -1.72954 -20.0156 
0.0189637 0 0 10.96 -1.80532 -20.0266 
0.0185018 0 0 10.9625 -1.84704 -20.1115 
0.0142906 0 0 10.9598 -1.85287 -20.2463 
0.0139041 0 0 10.9653 -1.8294 -20.4476 
0.0142764 0 0 10.9651 -1.78431 -20.669 
0.0136451 0 0 10.9638 -1.72737 -20.9023 
0.0140587 0 0 10.9631 -1.66553 -21.1411 
0.00919247 0 0 10.9633 -1.60655 -21.3729 
0.0114945 0 0 10.9629 -1.55184 -21.5845 
0.012733 0 0 10.962 -1.5043 -21.7799 
0.0121302 0 0 10.9634 -1.46623 -21.9552 
0.0127536 0 0 10.9624 -1.43755 -22.1051 
0.0124785 0 0 10.9619 -1.41687 -22.2317 
0.0130987 0 0 10.9617 -1.40583 -22.3405 
0.00909738 0 0 10.9606 -1.40424 -22.4256 
0.0156556 0 0 10.9628 -1.4123 -22.5021 
0.0128987 0 0 10.9603 -1.42844 -22.5517 
0.0167459 0 0 10.9621 -1.45317 -22.5954 
0.0134814 0 0 10.9617 -1.48704 -22.6138 
0.011536 0 0 10.9632 -1.52714 -22.6212 
0.0116865 0 0 10.9625 -1.57309 -22.6077 
0.0152141 0 0 10.963 -1.62259 -22.5764 
0.0170143 0 0 10.9649 -1.66804 -22.5262 
0.013263 0 0 10.9622 -1.70357 -22.4374 
0.0094265 0 0 10.9626 -1.72154 -22.3262 
0.00966983 0 0 10.9599 -1.71193 -22.1753 
0.00626494 0 0 10.9593 -1.67216 -21.994 
0.00257008 0 0 10.9563 -1.60356 -21.7676 
0.00596384 0 0 10.9535 -1.5224 -21.5118 
0.00977803 0 0 10.9516 -1.44472 -21.2343 
0.0190394 0 0 10.9483 -1.3981 -20.9412 
0.0294841 0 0 10.9513 -1.39639 -20.672 
0.0292183 0 0 10.9488 -1.44258 -20.4171 
0.0285565 0 0 10.9509 -1.52876 -20.2175 
0.0264598 0 0 10.9536 -1.62947 -20.0805 
0.0211257 0 0 10.9571 -1.75512 -20.0445 
0.0183622 0 0 10.9577 -1.80402 -20.0022 
0.019519 0 0 10.9619 -1.84083 -20.044 
0.0171083 0 0 10.9616 -1.85585 -20.1432 
0.016783 0 0 10.9652 -1.84856 -20.3168 
0.0127176 0 0 10.9636 -1.81869 -20.5183 
0.0140058 0 0 10.9656 -1.77383 -20.7565 
0.0167001 0 0 10.9642 -1.71847 -20.9996 
0.0136364 0 0 10.9646 -1.66018 -21.2428 
0.0113046 0 0 10.9621 -1.60202 -21.4705 
0.0118098 0 0 10.964 -1.54824 -21.6855 
0.0116843 0 0 10.9641 -1.5013 -21.8792 
0.0101995 0 0 10.9612 -1.46226 -22.0448 
0.00983172 0 0 10.9626 -1.43142 -22.1917 
0.0134881 0 0 10.9621 -1.40917 -22.3135 
0.0133111 0 0 10.9611 -1.39526 -22.414 
0.00902319 0 0 10.9611 -1.39015 -22.4943 
0.0143461 0 0 10.9634 -1.39413 -22.5631 
0.0117514 0 0 10.9618 -1.40491 -22.6045 
0.012677 0 0 10.9621 -1.42469 -22.6311 
0.0143713 0 0 10.9612 -1.45285 -22.6393 
0.0129048 0 0 10.9617 -1.4877 -22.6308 
0.0143501 0 0 10.9631 -1.52998 -22.6043 
0.0101116 0 0 10.9626 -1.57553 -22.5523 
0.0175546 0 0 10.9634 -1.62482 -22.4799 
0.0108038 0 0 10.9628 -1.67133 -22.3755 
0.0142212 0 0 10.9633 -1.71049 -22.2477 
0.00868694 0 0 10.9644 -1.73747 -22.0829 
0.0104205 0 0 10.9606 -1.74676 -21.8788 
0.00690077 0 0 10.9617 -1.73858 -21.6517 
0.0042655 0 0 10.9593 -1.71365 -21.3885 
0.00525192 0 0 10.9569 -1.68337 -21.1084 
0.0096396 0 0 10.955 -1.65834 -20.8285 
0.0132607 0 0 10.9557 -1.65422 -20.5666 
0.0160705 0 0 10.9554 -1.67202 -20.3334 
0.0211888 0 0 10.9565 -1.70804 -20.1578 
0.0230553 0 0 10.9601 -1.75491 -20.0463 
0.0196087 0 0 10.9592 -1.81359 -20.0185 
0.0220418 0 0 10.9598 -1.83573 -20.0065 
0.0202121 0 0 10.9626 -1.85261 -20.0716 
0.0166499 0 0 10.9625 -1.85557 -20.1926 
0.0146985 0 0 10.9647 -1.84315 -20.3794 
0.0138597 0 0 10.9634 -1.81422 -20.5981 
0.0175579 0 0 10.9646 -1.77227 -20.8452 
0.0145978 0 0 10.963 -1.72032 -21.0929 
0.0109921 0 0 10.9642 -1.66441 -21.3414 
0.0132077 0 0 10.9653 -1.60884 -21.5739 
0.0105905 0 0 10.9616 -1.55558 -21.7803 
0.0123569 0 0 10.9633 -1.50905 -21.9716 
0.0124381 0 0 10.9628 -1.46813 -22.1352 
0.0134806 0 0 10.9626 -1.43541 -22.273 
0.0129293 0 0 10.9631 -1.40944 -22.3885 
0.0120735 0 0 10.9597 -1.39252 -22.476 
0.0122946 0 0 10.9613 -1.38342 -22.5521 
0.0103874 0 0 10.9631 -1.38188 -22.6063 
0.0120598 0 0 10.9641 -1.38878 -22.6423 
0.0151899 0 0 10.9613 -1.40273 -22.6518 
0.0152809 0 0 10.9616 -1.42484 -22.6498 
0.01063 0 0 10.963 -1.45465 -22.6281 
0.0116133 0 0 10.962 -1.49097 -22.5828 
0.014945 0 0 10.9635 -1.53302 -22.519 
0.0162871 0 0 10.9648 -1.57997 -22.4302 
0.0160118 0 0 10.9646 -1.62854 -22.3089 
0.013033 0 0 10.9637 -1.67652 -22.1583 
0.0136436 0 0 10.9629 -1.71885 -21.9753 
0.0140633 0 0 10.9623 -1.75322 -21.7684 
0.0111912 0 0 10.9635 -1.77493 -21.529 
0.00725271 0 0 10.9619 -1.78406 -21.265 
0.00832714 0 0 10.9625 -1.78285 -20.9961 
0.00969869 0 0 10.9587 -1.77732 -20.7214 
0.0137464 0 0 10.959 -1.77453 -20.4731 
0.0149723 0 0 10.9594 -1.77941 -20.2603 
0.0175404 0 0 10.9585 -1.79296 -20.1053 
0.0193386 0 0 10.9596 -1.81355 -20.0183 
0.0192159 0 0 10.9593 -1.83743 -19.9992 
0.0197849 0 0 10.9598 -1.846 -20.0142 
0.0193512 0 0 10.9626 -1.85281 -20.1006 
0.0186787 0 0 10.9613 -1.85166 -20.2492 
0.0165535 0 0 10.9638 -1.84087 -20.4512 
0.0155727 0 0 10.9632 -1.81555 -20.6864 
0.0138059 0 0 10.9634 -1.77853 -20.9396 
0.0111565 0 0 10.9635 -1.73194 -21.193 
0.0132582 0 0 10.9629 -1.67996 -21.4388 
0.0104931 0 0 10.9629 -1.62638 -21.67 
0.0123396 0 0 10.9637 -1.57371 -21.8805 
0.00948179 0 0 10.9627 -1.52534 -22.06 
0.0129821 0 0 10.9624 -1.48297 -22.2159 
0.0117863 0 0 10.9649 -1.44721 -22.3497 
0.0107705 0 0 10.962 -1.4182 -22.45 
0.0158175 0 0 10.9614 -1.39739 -22.5339 
0.0117629 0 0 10.9607 -1.38376 -22.5947 
0.012116 0 0 10.9605 -1.37773 -22.6351 
0.0146663 0 0 10.9626 -1.37937 -22.6613 
0.0183367 0 0 10.9618 -1.38746 -22.6629 
0.0158189 0 0 10.9614 -1.40403 -22.6448 
0.0161931 0 0 10.9626 -1.42778 -22.6115 
0.0139578 0 0 10.9631 -1.45877 -22.553 
0.0117519 0 0 10.9627 -1.49642 -22.469 
0.0115823 0 0 10.9633 -1.53984 -22.3639 
0.0118265 0 0 10.963 -1.58749 -22.2284 
0.0121004 0 0 10.9632 -1.63703 -22.068 
0.0135911 0 0 10.9629 -1.68617 -21.874 
0.0138592 0 0 10.9653 -1.73187 -21.6564 
0.0138544 0 0 10.9636 -1.76988 -21.4131 
0.0112507 0 0 10.9615 -1.79732 -21.1476 
0.0135509 0 0 10.9622 -1.81459 -20.8817 
0.0116221 0 0 10.9602 -1.82221 -20.6176 
0.0146178 0 0 10.9606 -1.82455 -20.3871 
0.0178962 0 0 10.9609 -1.8261 -20.1994 
0.0194599 0 0 10.9581 -1.82997 -20.0612 
0.021783 0 0 10.9604 -1.83679 -20.0032 
0.0208576 0 0 10.9605 -1.84417 -19.999 
0.0207204 0 0 10.961 -1.84496 -20.0357 
0.0176854 0 0 10.9613 -1.84606 -20.1437 
0.0158757 0 0 10.9605 -1.84484 -20.3144 
0.0151847 0 0 10.9615 -1.83663 -20.5297 
0.0140353 0 0 10.9616 -1.81933 -20.7784 
0.0130201 0 0 10.9649 -1.79001 -21.0428 
0.0118705 0 0 10.9659 -1.75113 -21.305 
0.0143728 0 0 10.9648 -1.704 -21.552 
0.0115965 0 0 10.965 -1.65319 -21.7764 
0.0116455 0 0 10.9662 -1.60194 -21.9778 
0.0116175 0 0 10.9647 -1.55223 -22.1498 
0.0105037 0 0 10.9622 -1.50639 -22.2903 
0.0141145 0 0 10.9622 -1.46752 -22.4127 
0.00906155 0 0 10.9628 -1.43461 -22.5078 
0.0157039 0 0 10.9607 -1.40876 -22.5766 
0.0137157 0 0 10.9636 -1.39035 -22.6285 
0.0176831 0 0 10.9616 -1.37943 -22.6571 
0.0155696 0 0 10.9619 -1.3757 -22.6682 
0.0134243 0 0 10.9615 -1.37924 -22.6566 
0.0101266 0 0 10.9606 -1.3905 -22.6244 
0.0180256 0 0 10.9615 -1.40913 -22.5786 
0.0120719 0 0 10.9624 -1.43503 -22.5071 
0.016429 0 0 10.9629 -1.46808 -22.4132 
0.0123284 0 0 10.9635 -1.50732 -22.2939 
0.0100558 0 0 10.9653 -1.55242 -22.1514 
0.0125724 0 0 10.9636 -1.60181 -21.9744 
0.0147186 0 0 10.9647 -1.65368 -21.776 
0.0160592 0 0 10.9647 -1.70439 -21.5489 
0.0116522 0 0 10.9636 -1.75046 -21.3002 
0.0125711 0 0 10.9635 -1.78979 -21.039 
0.0132991 0 0 10.9629 -1.81887 -20.7792 
0.0143146 0 0 10.9642 -1.83731 -20.5345 
0.0161414 0 0 10.9629 -1.84429 -20.3139 
0.0177561 0 0 10.962 -1.84648 -20.1468 
0.0202875 0 0 10.9609 -1.84505 -20.0358 
0.021606 0 0 10.9622 -1.84411 -20.0011 
