56.0566 0 0 -249.573 15.7422 197.795 
55.071 0 0 -249.666 15.6451 197.795 
51.8506 0 0 -249.918 15.3962 197.763 
46.7111 0 0 -250.299 15.0256 197.681 
39.9096 0 0 -250.858 14.4647 197.578 
31.9868 0 0 -251.588 13.6203 197.402 
23.7454 0 0 -252.404 12.3333 197.097 
15.8941 0 0 -253.251 10.67 196.631 
9.46709 0 0 -254.04 8.52474 195.958 
4.84389 0 0 -254.665 6.18308 195.079 
2.06576 0 0 -255 3.88041 193.978 
0.705711 0 0 -254.999 1.94362 192.74 
0.169053 0 0 -254.726 0.494297 191.465 
0.0369239 0 0 -254.324 -0.475534 190.3 
0.0542984 0 0 -253.862 -1.07709 189.284 
0.0943503 0 0 -253.411 -1.43539 188.441 
0.140105 0 0 -253.071 -1.63691 187.85 
0.162322 0 0 -252.864 -1.73469 187.498 
0.177238 0 0 -252.793 -1.76403 187.378 
0.162485 0 0 -252.863 -1.73213 187.496 
0.140965 0 0 -253.086 -1.63558 187.858 
0.104167 0 0 -253.435 -1.43779 188.457 
0.0446571 0 0 -253.854 -1.08577 189.275 
0.044231 0 0 -254.326 -0.478384 190.294 
0.176528 0 0 -254.725 0.482031 191.467 
0.705928 0 0 -254.988 1.94245 192.732 
2.06581 0 0 -255.008 3.87834 193.978 
4.85419 0 0 -254.667 6.16135 195.069 
9.45034 0 0 -254.055 8.54816 195.965 
15.9195 0 0 -253.244 10.6215 196.618 
23.7763 0 0 -252.387 12.3036 197.075 
32.0711 0 0 -251.574 13.6053 197.383 
39.9019 0 0 -250.866 14.4853 197.578 
46.7848 0 0 -250.286 15.0341 197.674 
51.881 0 0 -249.909 15.4082 197.751 
55.0684 0 0 -249.669 15.6196 197.784 
56.1583 0 0 -249.587 15.6522 197.8 
55.0177 0 0 -249.71 15.7039 197.836 
52.9556 0 0 -249.924 15.5095 197.771 
48.755 0 0 -250.336 15.3022 197.732 
42.6827 0 0 -250.903 14.8749 197.648 
35.4054 0 0 -251.659 14.1616 197.51 
27.2313 0 0 -252.515 13.0659 197.272 
18.9823 0 0 -253.487 11.6403 196.941 
11.899 0 0 -254.443 9.73476 196.434 
6.35139 0 0 -255.254 7.40586 195.697 
2.8639 0 0 -255.73 4.93941 194.691 
1.01235 0 0 -255.863 2.73099 193.513 
0.267378 0 0 -255.607 1.03514 192.227 
0.0596803 0 0 -255.132 -0.164572 190.984 
0.0445007 0 0 -254.527 -0.909581 189.842 
0.0885313 0 0 -253.933 -1.34864 188.884 
0.136804 0 0 -253.414 -1.60307 188.161 
0.151729 0 0 -253.013 -1.72927 187.661 
0.181154 0 0 -252.746 -1.78484 187.399 
0.16609 0 0 -252.614 -1.78132 187.365 
0.154177 0 0 -252.649 -1.7224 187.585 
0.11543 0 0 -252.808 -1.58135 188.034 
0.0596338 0 0 -253.126 -1.31452 188.749 
0.0353234 0 0 -253.461 -0.859874 189.644 
0.0913066 0 0 -253.841 -0.112064 190.744 
0.405389 0 0 -254.116 1.06165 191.974 
1.30726 0 0 -254.205 2.67762 193.223 
3.31685 0 0 -254.047 4.72691 194.413 
6.91257 0 0 -253.609 7.01695 195.432 
12.3222 0 0 -252.975 9.27291 196.24 
19.3874 0 0 -252.226 11.1761 196.828 
27.2275 0 0 -251.524 12.7611 197.264 
35.3626 0 0 -250.851 13.8358 197.519 
42.5846 0 0 -250.32 14.6022 197.678 
48.6847 0 0 -249.938 15.1185 197.78 
52.8263 0 0 -249.691 15.4318 197.817 
54.9839 0 0 -249.609 15.6078 197.824 
55.0105 0 0 -249.678 15.6344 197.805 
51.9323 0 0 -250.014 15.4029 197.85 
48.7464 0 0 -250.424 15.3438 197.818 
43.7258 0 0 -250.983 14.9321 197.722 
37.0694 0 0 -251.758 14.4679 197.634 
29.3675 0 0 -252.671 13.589 197.473 
21.2935 0 0 -253.722 12.3539 197.23 
13.7348 0 0 -254.802 10.613 196.835 
7.61389 0 0 -255.77 8.36035 196.23 
3.53146 0 0 -256.457 5.84872 195.392 
1.28793 0 0 -256.704 3.44986 194.288 
0.34172 0 0 -256.448 1.47293 192.992 
0.0705364 0 0 -255.879 0.0639989 191.662 
0.0392896 0 0 -255.144 -0.817272 190.42 
0.0799462 0 0 -254.364 -1.33877 189.349 
0.122417 0 0 -253.64 -1.62221 188.475 
0.161383 0 0 -253.041 -1.77595 187.835 
0.173203 0 0 -252.604 -1.84761 187.452 
0.164537 0 0 -252.286 -1.86047 187.275 
0.150986 0 0 -252.129 -1.83152 187.347 
0.115535 0 0 -252.162 -1.74332 187.678 
0.0762582 0 0 -252.3 -1.5726 188.224 
0.041271 0 0 -252.534 -1.25542 189.006 
0.0415198 0 0 -252.846 -0.717748 190.001 
0.179737 0 0 -253.135 0.143681 191.169 
0.669432 0 0 -253.343 1.44929 192.439 
1.9119 0 0 -253.309 3.18767 193.662 
4.47869 0 0 -253.075 5.30086 194.804 
8.62495 0 0 -252.641 7.53967 195.775 
14.5802 0 0 -252.072 9.63072 196.523 
21.7543 0 0 -251.45 11.4119 197.066 
29.5373 0 0 -250.857 12.7666 197.428 
37.0624 0 0 -250.368 13.8178 197.668 
43.4954 0 0 -249.975 14.4955 197.796 
48.5225 0 0 -249.735 15.0233 197.855 
51.7519 0 0 -249.678 15.2773 197.889 
52.886 0 0 -249.753 15.395 197.871 
51.8219 0 0 -249.995 15.4348 197.853 
46.7331 0 0 -250.537 15.0229 197.918 
42.7379 0 0 -251.138 14.8856 197.87 
37.0403 0 0 -251.908 14.4164 197.784 
30.1161 0 0 -252.863 13.7893 197.677 
22.3825 0 0 -253.974 12.6797 197.498 
14.9783 0 0 -255.176 11.1472 197.219 
8.57268 0 0 -256.321 9.06549 196.774 
4.00462 0 0 -257.171 6.60035 196.068 
1.47709 0 0 -257.537 3.99453 195.042 
0.386176 0 0 -257.339 1.79893 193.797 
0.0683529 0 0 -256.703 0.219825 192.439 
0.0400291 0 0 -255.782 -0.787675 191.08 
0.0811607 0 0 -254.775 -1.36227 189.863 
0.128768 0 0 -253.828 -1.68553 188.847 
0.14999 0 0 -253.034 -1.8449 188.075 
0.176627 0 0 -252.36 -1.92444 187.517 
0.167889 0 0 -251.883 -1.95299 187.224 
0.155571 0 0 -251.551 -1.94532 187.158 
0.129779 0 0 -251.39 -1.9019 187.31 
0.109012 0 0 -251.396 -1.8008 187.729 
0.0649584 0 0 -251.534 -1.6155 188.382 
0.030775 0 0 -251.784 -1.27268 189.268 
0.0557304 0 0 -252.051 -0.692899 190.327 
0.256488 0 0 -252.308 0.255331 191.54 
0.898374 0 0 -252.451 1.6328 192.832 
2.42267 0 0 -252.442 3.46931 194.095 
5.27137 0 0 -252.209 5.55705 195.192 
9.68785 0 0 -251.84 7.74195 196.127 
15.6377 0 0 -251.343 9.76255 196.821 
22.6925 0 0 -250.861 11.3508 197.321 
30.0638 0 0 -250.411 12.7173 197.648 
36.7197 0 0 -250.091 13.638 197.86 
42.3962 0 0 -249.835 14.2834 197.931 
46.5237 0 0 -249.782 14.6965 197.98 
48.6764 0 0 -249.867 14.9432 197.979 
48.7292 0 0 -250.121 15.0985 197.965 
46.6448 0 0 -250.537 15.0916 197.924 
39.9142 0 0 -251.316 14.439 198.032 
35.3866 0 0 -252.109 14.1623 197.972 
29.3671 0 0 -253.084 13.6041 197.873 
22.5065 0 0 -254.237 12.7045 197.755 
15.3742 0 0 -255.529 11.3479 197.566 
9.07467 0 0 -256.802 9.46999 197.244 
4.33151 0 0 -257.821 7.04234 196.674 
1.57704 0 0 -258.395 4.40362 195.819 
0.405398 0 0 -258.23 2.05453 194.607 
0.0682359 0 0 -257.526 0.277515 193.206 
0.0461244 0 0 -256.421 -0.81963 191.756 
0.0850894 0 0 -255.226 -1.43799 190.436 
0.126584 0 0 -254.061 -1.76075 189.289 
0.143951 0 0 -253.041 -1.92315 188.374 
0.167038 0 0 -252.155 -2.00023 187.683 
0.155526 0 0 -251.472 -2.02966 187.233 
0.151847 0 0 -250.957 -2.03363 187.017 
0.138114 0 0 -250.612 -2.01604 187.015 
0.117166 0 0 -250.455 -1.9693 187.26 
0.0802729 0 0 -250.469 -1.87406 187.77 
0.0543121 0 0 -250.596 -1.69586 188.495 
0.0292803 0 0 -250.84 -1.35906 189.436 
0.0658743 0 0 -251.14 -0.763394 190.594 
0.299879 0 0 -251.428 0.201062 191.882 
1.01389 0 0 -251.62 1.60091 193.213 
2.65242 0 0 -251.628 3.43244 194.468 
5.51547 0 0 -251.482 5.54851 195.586 
9.96331 0 0 -251.194 7.62803 196.467 
15.7101 0 0 -250.818 9.55566 197.119 
22.1969 0 0 -250.456 11.0607 197.565 
28.9018 0 0 -250.17 12.2738 197.861 
34.7824 0 0 -249.976 13.2208 198.019 
39.506 0 0 -249.944 13.8107 198.108 
42.4506 0 0 -250.047 14.2749 198.143 
43.5232 0 0 -250.309 14.569 198.138 
42.7688 0 0 -250.723 14.5531 198.087 
40.0408 0 0 -251.323 14.4384 198.027 
32.0942 0 0 -252.37 13.6278 198.198 
27.2413 0 0 -253.382 13.1387 198.138 
21.3229 0 0 -254.557 12.3029 198.035 
15.0247 0 0 -255.905 11.1607 197.913 
9.11445 0 0 -257.269 9.41577 197.672 
4.44167 0 0 -258.487 7.2142 197.266 
1.61368 0 0 -259.189 4.62964 196.522 
0.39189 0 0 -259.148 2.16547 195.411 
0.0664176 0 0 -258.4 0.304726 194.026 
0.0449452 0 0 -257.169 -0.868442 192.516 
0.0956714 0 0 -255.773 -1.51185 191.094 
0.129242 0 0 -254.386 -1.83818 189.818 
0.143745 0 0 -253.113 -1.99149 188.754 
0.144775 0 0 -252.017 -2.05814 187.914 
0.151195 0 0 -251.142 -2.08329 187.327 
0.139373 0 0 -250.42 -2.08747 186.951 
0.128477 0 0 -249.904 -2.08162 186.806 
0.109594 0 0 -249.559 -2.06387 186.887 
0.08222 0 0 -249.408 -2.02595 187.208 
0.0592753 0 0 -249.417 -1.94835 187.762 
0.029679 0 0 -249.594 -1.7912 188.566 
0.0267796 0 0 -249.876 -1.48896 189.602 
0.0659767 0 0 -250.206 -0.933437 190.807 
0.304614 0 0 -250.542 -0.0157032 192.151 
0.954045 0 0 -250.792 1.36282 193.522 
2.49618 0 0 -250.894 3.14331 194.805 
5.24308 0 0 -250.872 5.20441 195.925 
9.30837 0 0 -250.702 7.23517 196.788 
14.5264 0 0 -250.477 9.07623 197.418 
20.4817 0 0 -250.285 10.5324 197.843 
26.2175 0 0 -250.138 11.7084 198.094 
31.1582 0 0 -250.137 12.6029 198.255 
34.7498 0 0 -250.253 13.2016 198.312 
36.8208 0 0 -250.506 13.6222 198.312 
37.2059 0 0 -250.953 13.7585 198.284 
35.3968 0 0 -251.585 13.8264 198.264 
32.1144 0 0 -252.375 13.5964 198.198 
23.8267 0 0 -253.696 12.3011 198.398 
19.1623 0 0 -254.935 11.646 198.35 
13.7554 0 0 -256.318 10.6356 198.273 
8.54342 0 0 -257.752 9.09357 198.097 
4.33889 0 0 -259.079 7.05844 197.792 
1.60472 0 0 -259.971 4.62903 197.208 
0.389576 0 0 -260.069 2.2277 196.217 
0.0635432 0 0 -259.342 0.313711 194.868 
0.0499501 0 0 -258.012 -0.916291 193.327 
0.0934056 0 0 -256.449 -1.57673 191.824 
0.116091 0 0 -254.829 -1.9043 190.423 
0.134643 0 0 -253.367 -2.04686 189.252 
0.130355 0 0 -252.062 -2.10111 188.284 
0.122846 0 0 -250.956 -2.11381 187.545 
0.113083 0 0 -250.027 -2.11241 187.006 
0.105881 0 0 -249.313 -2.10479 186.701 
0.10674 0 0 -248.791 -2.09694 186.613 
0.090318 0 0 -248.446 -2.08567 186.738 
0.0730992 0 0 -248.313 -2.06301 187.126 
0.0488555 0 0 -248.322 -2.00994 187.719 
0.0323343 0 0 -248.516 -1.88649 188.576 
0.0255864 0 0 -248.85 -1.6404 189.657 
0.0605383 0 0 -249.25 -1.16613 190.919 
0.250879 0 0 -249.682 -0.335324 192.332 
0.816331 0 0 -250.031 0.932914 193.741 
2.11991 0 0 -250.266 2.60574 195.058 
4.46548 0 0 -250.385 4.55488 196.194 
8.026 0 0 -250.359 6.52074 197.06 
12.446 0 0 -250.316 8.29768 197.7 
17.4931 0 0 -250.279 9.7509 198.111 
22.2553 0 0 -250.315 10.9236 198.357 
26.1412 0 0 -250.495 11.7367 198.495 
28.8497 0 0 -250.785 12.3369 198.55 
30.115 0 0 -251.228 12.6761 198.535 
29.6407 0 0 -251.861 12.7425 198.498 
27.4908 0 0 -252.707 12.6174 198.463 
23.8356 0 0 -253.697 12.2938 198.4 
16.0184 0 0 -255.337 10.6267 198.682 
11.9615 0 0 -256.73 9.71056 198.611 
7.68929 0 0 -258.23 8.39669 198.52 
4.03153 0 0 -259.659 6.6241 198.304 
1.57734 0 0 -260.661 4.42506 197.816 
0.394404 0 0 -260.936 2.18028 196.973 
0.0654136 0 0 -260.312 0.297059 195.708 
0.0552553 0 0 -258.959 -0.94774 194.184 
0.106251 0 0 -257.266 -1.62408 192.619 
0.119034 0 0 -255.517 -1.95009 191.164 
0.117762 0 0 -253.808 -2.0861 189.85 
0.119629 0 0 -252.308 -2.12959 188.778 
0.106666 0 0 -250.989 -2.13104 187.891 
0.1113 0 0 -249.86 -2.11886 187.208 
0.0977982 0 0 -248.925 -2.10474 186.73 
0.0858877 0 0 -248.223 -2.09486 186.489 
0.0789015 0 0 -247.692 -2.08954 186.439 
0.0664073 0 0 -247.361 -2.0867 186.618 
0.0551454 0 0 -247.232 -2.07939 187.039 
0.0409783 0 0 -247.276 -2.0494 187.671 
0.0319586 0 0 -247.479 -1.97042 188.548 
0.0230661 0 0 -247.836 -1.78624 189.646 
0.0510012 0 0 -248.286 -1.41189 190.933 
0.18017 0 0 -248.801 -0.729473 192.362 
0.563802 0 0 -249.302 0.362556 193.834 
1.55 0 0 -249.728 1.86002 195.215 
3.40125 0 0 -250.009 3.65945 196.381 
6.23561 0 0 -250.18 5.50079 197.284 
9.82928 0 0 -250.318 7.21788 197.931 
13.7893 0 0 -250.486 8.6124 198.357 
17.4557 0 0 -250.708 9.76457 198.613 
20.4754 0 0 -251.05 10.5453 198.735 
22.3401 0 0 -251.555 11.0432 198.784 
22.7977 0 0 -252.213 11.373 198.788 
21.9053 0 0 -253.056 11.3902 198.763 
19.4962 0 0 -254.091 11.1815 198.729 
16.0078 0 0 -255.324 10.6317 198.677 
9.60303 0 0 -257.14 8.47132 198.967 
6.42903 0 0 -258.669 7.4118 198.899 
3.53628 0 0 -260.111 5.91086 198.719 
1.46716 0 0 -261.255 4.03224 198.351 
0.392538 0 0 -261.746 2.02579 197.661 
0.0692603 0 0 -261.319 0.289433 196.554 
0.0566598 0 0 -260.058 -0.935541 195.096 
0.112763 0 0 -258.3 -1.64314 193.508 
0.117699 0 0 -256.408 -1.97868 191.993 
0.12579 0 0 -254.533 -2.11526 190.601 
0.101531 0 0 -252.803 -2.15156 189.385 
0.106348 0 0 -251.27 -2.1433 188.378 
0.0864223 0 0 -249.901 -2.11936 187.535 
0.0770459 0 0 -248.787 -2.09607 186.937 
0.0792666 0 0 -247.89 -2.0781 186.523 
0.0712748 0 0 -247.148 -2.06816 186.3 
0.0528209 0 0 -246.64 -2.06704 186.293 
0.0551207 0 0 -246.313 -2.07155 186.493 
0.0472758 0 0 -246.186 -2.0758 186.922 
0.0379349 0 0 -246.247 -2.06852 187.569 
0.0277889 0 0 -246.48 -2.02508 188.446 
0.027256 0 0 -246.88 -1.90537 189.556 
0.0417991 0 0 -247.381 -1.64278 190.834 
0.122393 0 0 -248.006 -1.13378 192.283 
0.379444 0 0 -248.649 -0.27088 193.782 
1.00999 0 0 -249.213 0.984854 195.196 
2.21641 0 0 -249.717 2.54527 196.442 
4.22285 0 0 -250.122 4.24124 197.406 
6.92703 0 0 -250.454 5.82148 198.077 
9.89994 0 0 -250.846 7.15889 198.551 
12.559 0 0 -251.313 8.27806 198.859 
14.6435 0 0 -251.851 9.03346 198.99 
15.8566 0 0 -252.531 9.50933 199.033 
15.8876 0 0 -253.436 9.72036 199.065 
14.655 0 0 -254.482 9.55669 199.033 
12.4049 0 0 -255.721 9.22387 199.005 
9.57417 0 0 -257.14 8.46577 198.967 
4.89478 0 0 -259.039 6.17626 199.239 
2.8851 0 0 -260.512 4.97367 199.105 
1.28121 0 0 -261.776 3.49119 198.838 
0.390693 0 0 -262.424 1.79966 198.248 
0.0900787 0 0 -262.222 0.261247 197.286 
0.0680454 0 0 -261.194 -0.910621 195.99 
0.106626 0 0 -259.484 -1.6273 194.459 
0.140708 0 0 -257.49 -1.98854 192.892 
0.12922 0 0 -255.501 -2.13507 191.466 
0.116016 0 0 -253.573 -2.1711 190.146 
0.09496 0 0 -251.842 -2.15711 189.032 
0.0805157 0 0 -250.283 -2.12447 188.073 
0.0802627 0 0 -248.942 -2.09029 187.309 
0.0656914 0 0 -247.805 -2.0621 186.716 
0.0681783 0 0 -246.904 -2.04341 186.362 
0.0567274 0 0 -246.19 -2.03516 186.166 
0.0478481 0 0 -245.666 -2.03633 186.167 
0.0422661 0 0 -245.358 -2.04616 186.379 
0.0382798 0 0 -245.224 -2.05941 186.798 
0.0331478 0 0 -245.297 -2.06803 187.448 
0.0223524 0 0 -245.547 -2.05464 188.301 
0.0283448 0 0 -245.946 -1.99223 189.353 
0.039273 0 0 -246.537 -1.82651 190.637 
0.0756836 0 0 -247.218 -1.48407 192.047 
0.222398 0 0 -247.981 -0.869371 193.542 
0.548952 0 0 -248.762 0.0741836 195.014 
1.30004 0 0 -249.483 1.34668 196.317 
2.50217 0 0 -250.122 2.78952 197.37 
4.22866 0 0 -250.749 4.24523 198.16 
6.20869 0 0 -251.344 5.44686 198.67 
8.08036 0 0 -252.033 6.47417 198.997 
9.49437 0 0 -252.809 7.16153 199.183 
10.1437 0 0 -253.732 7.54831 199.27 
9.87206 0 0 -254.833 7.64989 199.306 
8.79528 0 0 -256.086 7.4669 199.305 
7.04935 0 0 -257.512 7.0009 199.292 
4.87918 0 0 -259.035 6.1708 199.237 
2.11943 0 0 -260.789 3.85536 199.394 
1.02827 0 0 -262.106 2.74186 199.176 
0.343783 0 0 -262.976 1.46091 198.745 
0.0904528 0 0 -263.055 0.181007 197.96 
0.0802805 0 0 -262.258 -0.888253 196.812 
0.134849 0 0 -260.736 -1.59734 195.389 
0.14142 0 0 -258.803 -1.9785 193.889 
0.141379 0 0 -256.699 -2.14403 192.405 
0.116085 0 0 -254.627 -2.1892 191.029 
0.0906064 0 0 -252.696 -2.17541 189.82 
0.0852793 0 0 -250.944 -2.13743 188.744 
0.0680898 0 0 -249.406 -2.09469 187.873 
0.0608794 0 0 -248.047 -2.05603 187.135 
0.0532891 0 0 -246.918 -2.02628 186.587 
0.0426989 0 0 -246.006 -2.00767 186.234 
0.0440429 0 0 -245.307 -2.00053 186.065 
0.0361536 0 0 -244.816 -2.00384 186.089 
0.0329702 0 0 -244.478 -2.01576 186.272 
0.034677 0 0 -244.375 -2.03493 186.698 
0.0276773 0 0 -244.43 -2.05345 187.294 
0.0240356 0 0 -244.693 -2.06217 188.113 
0.0282592 0 0 -245.123 -2.04013 189.114 
0.030193 0 0 -245.746 -1.95489 190.341 
0.0521639 0 0 -246.482 -1.75237 191.685 
0.121793 0 0 -247.357 -1.3576 193.149 
0.277722 0 0 -248.286 -0.711235 194.614 
0.655269 0 0 -249.228 0.210382 195.976 
1.29103 0 0 -250.144 1.32827 197.121 
2.28095 0 0 -251.048 2.52549 198.024 
3.44871 0 0 -251.922 3.59179 198.635 
4.578 0 0 -252.85 4.48746 199.036 
5.39218 0 0 -253.866 5.10478 199.285 
5.69287 0 0 -255.015 5.41609 199.414 
5.32565 0 0 -256.337 5.51799 199.511 
4.5698 0 0 -257.775 5.2769 199.539 
3.38973 0 0 -259.291 4.71004 199.507 
2.11578 0 0 -260.788 3.86399 199.394 
0.721405 0 0 -262.234 1.9007 199.394 
0.285334 0 0 -263.253 0.988493 199.068 
0.100865 0 0 -263.652 0.0136854 198.476 
0.0942632 0 0 -263.237 -0.875906 197.548 
0.149701 0 0 -262.013 -1.5406 196.322 
0.174471 0 0 -260.195 -1.94736 194.892 
0.165736 0 0 -258.105 -2.14168 193.44 
0.126837 0 0 -255.93 -2.20578 192.023 
0.109618 0 0 -253.844 -2.19846 190.749 
0.0882429 0 0 -251.901 -2.15954 189.59 
0.0726337 0 0 -250.148 -2.1105 188.584 
0.0579003 0 0 -248.601 -2.06358 187.741 
0.0497754 0 0 -247.267 -2.0235 187.049 
0.0481075 0 0 -246.158 -1.99457 186.546 
0.0371114 0 0 -245.235 -1.97555 186.179 
0.0372941 0 0 -244.526 -1.96805 186.001 
0.0345166 0 0 -244.013 -1.97127 185.999 
0.031296 0 0 -243.71 -1.9843 186.188 
0.0295729 0 0 -243.592 -2.0053 186.564 
0.026702 0 0 -243.689 -2.03054 187.145 
0.0238218 0 0 -243.94 -2.05201 187.896 
0.0277882 0 0 -244.385 -2.05805 188.829 
0.0282329 0 0 -245.018 -2.02686 189.964 
0.0403222 0 0 -245.821 -1.92555 191.243 
0.0651224 0 0 -246.774 -1.70512 192.629 
0.135626 0 0 -247.818 -1.31957 194.048 
0.298934 0 0 -248.938 -0.728032 195.401 
0.602713 0 0 -250.139 0.0562198 196.644 
1.05807 0 0 -251.278 0.936505 197.636 
1.61938 0 0 -252.428 1.78483 198.359 
2.19591 0 0 -253.65 2.52818 198.892 
2.59414 0 0 -254.938 3.06936 199.243 
2.7229 0 0 -256.315 3.35382 199.453 
2.50278 0 0 -257.778 3.3646 199.547 
2.01527 0 0 -259.317 3.12823 199.585 
1.34459 0 0 -260.859 2.65085 199.553 
0.722272 0 0 -262.242 1.8965 199.401 
0.195699 0 0 -263.267 0.430441 199.209 
0.0974734 0 0 -263.984 -0.234068 198.814 
0.108455 0 0 -263.942 -0.91859 198.095 
0.163594 0 0 -263.127 -1.48916 197.097 
0.195088 0 0 -261.591 -1.89775 195.857 
0.186821 0 0 -259.635 -2.12228 194.506 
0.163538 0 0 -257.441 -2.21265 193.106 
0.120226 0 0 -255.259 -2.22225 191.801 
0.103227 0 0 -253.172 -2.18962 190.581 
0.0805956 0 0 -251.222 -2.13944 189.494 
0.0610788 0 0 -249.473 -2.08585 188.527 
0.0505807 0 0 -247.929 -2.03756 187.711 
0.0407102 0 0 -246.604 -1.99798 187.048 
0.0364453 0 0 -245.479 -1.96785 186.529 
0.0327735 0 0 -244.572 -1.94928 186.18 
0.0260211 0 0 -243.85 -1.94064 185.98 
0.0269097 0 0 -243.358 -1.94316 185.963 
0.0301842 0 0 -243.042 -1.95505 186.114 
0.0257559 0 0 -242.948 -1.97598 186.463 
0.0246756 0 0 -243.015 -2.00228 186.966 
0.0241139 0 0 -243.295 -2.0309 187.661 
0.023365 0 0 -243.757 -2.05318 188.526 
0.0243683 0 0 -244.391 -2.05729 189.548 
0.0262575 0 0 -245.218 -2.0227 190.726 
0.0388772 0 0 -246.23 -1.91987 192.014 
0.067843 0 0 -247.37 -1.71559 193.353 
0.130748 0 0 -248.638 -1.38264 194.685 
0.227058 0 0 -249.986 -0.909379 195.927 
0.403205 0 0 -251.405 -0.332308 197.006 
0.642862 0 0 -252.835 0.288769 197.857 
0.87897 0 0 -254.289 0.828812 198.481 
1.07717 0 0 -255.819 1.24267 198.933 
1.08805 0 0 -257.396 1.50645 199.237 
0.95888 0 0 -259.038 1.54484 199.435 
0.722939 0 0 -260.622 1.35658 199.472 
0.446144 0 0 -262.095 0.972498 199.418 
0.200344 0 0 -263.303 0.427728 199.226 
0.0903846 0 0 -263.947 -0.577361 198.912 
0.112107 0 0 -264.297 -1.03412 198.433 
0.172574 0 0 -263.965 -1.4771 197.702 
0.202705 0 0 -262.869 -1.83933 196.716 
0.216737 0 0 -261.168 -2.08132 195.517 
0.190782 0 0 -259.107 -2.2059 194.238 
0.156085 0 0 -256.907 -2.24021 192.951 
0.128278 0 0 -254.697 -2.22229 191.709 
0.0898728 0 0 -252.564 -2.17643 190.521 
0.0688519 0 0 -250.628 -2.12211 189.478 
0.0564268 0 0 -248.897 -2.06817 188.567 
0.0417667 0 0 -247.365 -2.01946 187.771 
0.0368786 0 0 -246.015 -1.97903 187.104 
0.0275651 0 0 -244.922 -1.94915 186.593 
0.0247382 0 0 -243.996 -1.9286 186.21 
0.0271622 0 0 -243.29 -1.91919 186.009 
0.0260023 0 0 -242.8 -1.91978 185.961 
0.0256283 0 0 -242.488 -1.9294 186.07 
0.0241838 0 0 -242.39 -1.94803 186.356 
0.0219262 0 0 -242.462 -1.97348 186.795 
0.024793 0 0 -242.752 -2.00424 187.421 
0.025748 0 0 -243.224 -2.03498 188.209 
0.0225851 0 0 -243.881 -2.05765 189.128 
0.0264401 0 0 -244.722 -2.06146 190.18 
0.0325439 0 0 -245.752 -2.03021 191.357 
0.040938 0 0 -246.962 -1.94456 192.601 
0.050876 0 0 -248.306 -1.77891 193.853 
0.0857126 0 0 -249.805 -1.5283 195.066 
0.143648 0 0 -251.4 -1.19306 196.175 
0.216668 0 0 -253.059 -0.81265 197.12 
0.296268 0 0 -254.757 -0.437158 197.867 
0.349422 0 0 -256.471 -0.10993 198.418 
0.358988 0 0 -258.247 0.0826895 198.829 
0.305879 0 0 -259.953 0.141617 199.052 
0.211359 0 0 -261.549 0.0474033 199.152 
0.125035 0 0 -262.943 -0.213563 199.119 
0.0775221 0 0 -263.927 -0.579416 198.903 
0.117932 0 0 -264.291 -1.22594 198.525 
0.179545 0 0 -264.452 -1.51159 198.079 
0.229774 0 0 -263.851 -1.79205 197.38 
0.23706 0 0 -262.557 -2.02449 196.425 
0.230797 0 0 -260.769 -2.17317 195.322 
0.177181 0 0 -258.652 -2.23907 194.109 
0.14367 0 0 -256.4 -2.24606 192.891 
0.105978 0 0 -254.181 -2.21643 191.709 
0.0747673 0 0 -252.085 -2.16682 190.604 
0.0570633 0 0 -250.161 -2.11155 189.596 
0.0378393 0 0 -248.402 -2.057 188.679 
0.037784 0 0 -246.88 -2.00887 187.897 
0.0376478 0 0 -245.554 -1.9689 187.236 
0.0277134 0 0 -244.446 -1.93787 186.701 
0.025855 0 0 -243.558 -1.91677 186.331 
0.0247124 0 0 -242.841 -1.90451 186.072 
0.0282324 0 0 -242.34 -1.90172 185.983 
0.0275927 0 0 -242.034 -1.90838 186.041 
0.0250939 0 0 -241.927 -1.92361 186.265 
0.0250328 0 0 -242.018 -1.94667 186.648 
0.0219429 0 0 -242.308 -1.97531 187.175 
0.0269583 0 0 -242.769 -2.00807 187.857 
0.0249608 0 0 -243.44 -2.03982 188.692 
0.0244322 0 0 -244.295 -2.06459 189.626 
0.0305542 0 0 -245.369 -2.07311 190.704 
0.0279914 0 0 -246.596 -2.05234 191.83 
0.0292075 0 0 -248.037 -1.99056 193.009 
0.0416023 0 0 -249.596 -1.87963 194.164 
0.0509067 0 0 -251.309 -1.708 195.254 
0.0675099 0 0 -253.139 -1.49472 196.251 
0.0891837 0 0 -255.009 -1.26702 197.074 
0.0950014 0 0 -256.918 -1.04512 197.74 
0.101098 0 0 -258.8 -0.897678 198.228 
0.0870383 0 0 -260.599 -0.815281 198.58 
0.0758217 0 0 -262.202 -0.856114 198.733 
0.0811652 0 0 -263.484 -0.993626 198.741 
0.122099 0 0 -264.295 -1.22674 198.528 
0.190809 0 0 -264.482 -1.60777 198.188 
0.22919 0 0 -264.432 -1.78646 197.78 
0.26207 0 0 -263.705 -1.96562 197.159 
0.260584 0 0 -262.28 -2.11687 196.263 
0.22879 0 0 -260.409 -2.21271 195.243 
0.188869 0 0 -258.273 -2.25057 194.133 
0.128193 0 0 -256.006 -2.24509 192.978 
0.0989683 0 0 -253.788 -2.21173 191.855 
0.0727274 0 0 -251.71 -2.16295 190.796 
0.0617803 0 0 -249.796 -2.10919 189.821 
0.0366896 0 0 -248.042 -2.05595 188.909 
0.0334464 0 0 -246.512 -2.00776 188.127 
0.0281217 0 0 -245.202 -1.96735 187.438 
0.0298813 0 0 -244.081 -1.93432 186.882 
0.0240149 0 0 -243.163 -1.91058 186.445 
0.0246486 0 0 -242.494 -1.89636 186.181 
0.0234353 0 0 -241.978 -1.89019 186.024 
0.0252151 0 0 -241.693 -1.89274 186.042 
0.0234348 0 0 -241.58 -1.90393 186.179 
0.025686 0 0 -241.692 -1.92322 186.508 
0.0271343 0 0 -241.952 -1.94835 186.947 
0.025008 0 0 -242.432 -1.97927 187.534 
0.0219124 0 0 -243.112 -2.0139 188.258 
0.0181052 0 0 -243.985 -2.04741 189.111 
0.0206322 0 0 -245.068 -2.07554 190.075 
0.0205226 0 0 -246.302 -2.08991 191.088 
0.0217959 0 0 -247.767 -2.08484 192.178 
0.0278296 0 0 -249.421 -2.04969 193.278 
0.0339885 0 0 -251.208 -1.98061 194.336 
0.0368926 0 0 -253.131 -1.87798 195.341 
0.0385197 0 0 -255.111 -1.75175 196.211 
0.0486864 0 0 -257.153 -1.61667 196.975 
0.0564176 0 0 -259.141 -1.49774 197.566 
0.0727478 0 0 -261.013 -1.42431 198 
0.088919 0 0 -262.599 -1.42045 198.25 
0.133735 0 0 -263.837 -1.47837 198.349 
0.1897 0 0 -264.471 -1.60894 198.183 
0.236894 0 0 -264.517 -1.82879 197.892 
0.272973 0 0 -264.393 -1.9291 197.596 
0.276592 0 0 -263.521 -2.05007 197.026 
0.245482 0 0 -262.017 -2.15212 196.245 
0.209705 0 0 -260.121 -2.2203 195.313 
0.16583 0 0 -257.944 -2.24629 194.276 
0.114697 0 0 -255.69 -2.23977 193.197 
0.0883111 0 0 -253.499 -2.20926 192.135 
0.0565944 0 0 -251.417 -2.16437 191.101 
0.0452769 0 0 -249.518 -2.11356 190.143 
0.0326044 0 0 -247.778 -2.06248 189.229 
0.0315716 0 0 -246.238 -2.0146 188.411 
0.0247914 0 0 -244.93 -1.97344 187.705 
0.0252048 0 0 -243.827 -1.93953 187.129 
0.0201811 0 0 -242.917 -1.91256 186.648 
0.023418 0 0 -242.235 -1.89492 186.316 
0.0205107 0 0 -241.747 -1.88523 186.121 
0.0220475 0 0 -241.441 -1.88348 186.056 
0.0214403 0 0 -241.339 -1.8896 186.134 
0.0218652 0 0 -241.432 -1.90373 186.363 
0.0228133 0 0 -241.711 -1.92475 186.719 
0.0238092 0 0 -242.213 -1.95311 187.243 
0.0267962 0 0 -242.879 -1.98582 187.867 
0.02196 0 0 -243.752 -2.02152 188.614 
0.0200268 0 0 -244.844 -2.05775 189.478 
0.018365 0 0 -246.11 -2.0898 190.408 
0.0213693 0 0 -247.617 -2.11316 191.433 
0.021945 0 0 -249.288 -2.12125 192.456 
0.0268066 0 0 -251.113 -2.10782 193.474 
0.0319672 0 0 -253.088 -2.07096 194.465 
0.0396738 0 0 -255.196 -2.00801 195.405 
0.0582005 0 0 -257.31 -1.93324 196.229 
0.0781088 0 0 -259.359 -1.85243 196.909 
0.115394 0 0 -261.261 -1.78171 197.454 
0.161782 0 0 -262.858 -1.7472 197.806 
0.185271 0 0 -264 -1.76142 197.977 
0.236769 0 0 -264.536 -1.82854 197.893 
0.281903 0 0 -264.57 -1.93919 197.729 
0.292031 0 0 -264.292 -1.99443 197.506 
0.26616 0 0 -263.348 -2.06952 197.035 
0.246303 0 0 -261.808 -2.14618 196.36 
0.180895 0 0 -259.871 -2.2004 195.514 
0.135932 0 0 -257.724 -2.22767 194.572 
0.0994415 0 0 -255.462 -2.22835 193.542 
0.0749521 0 0 -253.302 -2.20576 192.54 
0.0508963 0 0 -251.217 -2.1688 191.524 
0.0369706 0 0 -249.318 -2.1237 190.557 
0.034918 0 0 -247.581 -2.07561 189.629 
0.0270571 0 0 -246.073 -2.0297 188.803 
0.0238166 0 0 -244.765 -1.98746 188.055 
0.022953 0 0 -243.649 -1.95102 187.403 
0.021584 0 0 -242.753 -1.92156 186.882 
0.019619 0 0 -242.085 -1.90039 186.502 
0.0243456 0 0 -241.579 -1.88599 186.22 
0.024403 0 0 -241.272 -1.8792 186.087 
0.025814 0 0 -241.166 -1.8804 186.091 
0.0276709 0 0 -241.277 -1.88979 186.245 
0.0237924 0 0 -241.579 -1.90658 186.536 
0.023282 0 0 -242.053 -1.9296 186.952 
0.0232753 0 0 -242.721 -1.95899 187.485 
0.0212685 0 0 -243.638 -1.9946 188.174 
0.0282035 0 0 -244.727 -2.03323 188.944 
0.0230073 0 0 -246 -2.07215 189.791 
0.0293747 0 0 -247.499 -2.10934 190.729 
0.0334621 0 0 -249.208 -2.13926 191.716 
0.0288113 0 0 -251.081 -2.15739 192.713 
0.0390477 0 0 -253.088 -2.1593 193.703 
0.0606422 0 0 -255.233 -2.13954 194.663 
0.0762728 0 0 -257.398 -2.10143 195.543 
0.110358 0 0 -259.52 -2.0456 196.344 
0.150895 0 0 -261.445 -1.98602 196.977 
0.197187 0 0 -263.042 -1.94011 197.446 
0.240929 0 0 -264.108 -1.92156 197.694 
0.285348 0 0 -264.536 -1.9399 197.703 
0.301057 0 0 -264.56 -1.97281 197.656 
0.281094 0 0 -264.203 -1.98924 197.54 
0.238585 0 0 -263.174 -2.0353 197.173 
0.20114 0 0 -261.611 -2.09556 196.605 
0.151497 0 0 -259.682 -2.14922 195.86 
0.110185 0 0 -257.547 -2.18756 195.001 
0.0906133 0 0 -255.331 -2.20053 194.056 
0.062113 0 0 -253.173 -2.19434 193.06 
0.0472891 0 0 -251.095 -2.17001 192.046 
0.034767 0 0 -249.214 -2.13501 191.083 
0.030132 0 0 -247.495 -2.09339 190.133 
0.0268641 0 0 -246.003 -2.05026 189.261 
0.0226301 0 0 -244.685 -2.00775 188.453 
0.0218123 0 0 -243.585 -1.96976 187.755 
0.0250577 0 0 -242.707 -1.938 187.18 
0.0256973 0 0 -241.999 -1.91177 186.694 
0.0233274 0 0 -241.526 -1.89317 186.364 
0.0245561 0 0 -241.232 -1.8816 186.16 
0.0243636 0 0 -241.138 -1.87779 186.091 
0.0238688 0 0 -241.245 -1.88161 186.165 
0.0221352 0 0 -241.538 -1.89332 186.373 
0.0242535 0 0 -242.03 -1.91227 186.724 
0.0231137 0 0 -242.702 -1.93748 187.172 
0.019927 0 0 -243.597 -1.97014 187.761 
0.0229451 0 0 -244.685 -2.00773 188.458 
0.0230491 0 0 -245.994 -2.04969 189.257 
0.0284847 0 0 -247.51 -2.0934 190.141 
0.0340173 0 0 -249.22 -2.13514 191.083 
0.0449844 0 0 -251.095 -2.17035 192.053 
0.0594518 0 0 -253.168 -2.19447 193.066 
0.0728301 0 0 -255.329 -2.20094 194.051 
0.105977 0 0 -257.53 -2.18626 194.991 
0.143711 0 0 -259.675 -2.15074 195.854 
0.209573 0 0 -261.604 -2.09676 196.579 
0.238585 0 0 -263.159 -2.03561 197.156 
0.285627 0 0 -264.203 -1.99083 197.528 
0.298087 0 0 -264.554 -1.97442 197.661 
