55.9868 0 0 -153.148 16.5148 114.339 
54.858 0 0 -153.224 16.3995 114.325 
51.6629 0 0 -153.459 16.2136 114.3 
46.5519 0 0 -153.87 15.7939 114.241 
39.808 0 0 -154.418 15.2002 114.148 
31.9201 0 0 -155.121 14.3517 113.983 
23.7204 0 0 -155.944 13.0123 113.709 
15.9073 0 0 -156.804 11.304 113.274 
9.43041 0 0 -157.61 9.20393 112.624 
4.82015 0 0 -158.224 6.81521 111.717 
2.07912 0 0 -158.549 4.54623 110.597 
0.722877 0 0 -158.551 2.58391 109.317 
0.199776 0 0 -158.318 1.14514 108.022 
0.0667539 0 0 -157.887 0.160571 106.774 
0.0798204 0 0 -157.452 -0.439285 105.726 
0.136137 0 0 -157.011 -0.798536 104.857 
0.168565 0 0 -156.701 -0.99601 104.25 
0.199327 0 0 -156.463 -1.09487 103.863 
0.21887 0 0 -156.374 -1.12622 103.723 
0.203039 0 0 -156.455 -1.09377 103.856 
0.182997 0 0 -156.687 -0.99609 104.243 
0.135699 0 0 -157.027 -0.797934 104.862 
0.0879414 0 0 -157.458 -0.441411 105.73 
0.070025 0 0 -157.921 0.170137 106.797 
0.193555 0 0 -158.316 1.1468 108.018 
0.725051 0 0 -158.554 2.58141 109.315 
2.0883 0 0 -158.562 4.53511 110.602 
4.86532 0 0 -158.231 6.80651 111.723 
9.49296 0 0 -157.615 9.20339 112.629 
15.9604 0 0 -156.811 11.2946 113.268 
23.6963 0 0 -155.938 13.0283 113.706 
31.8622 0 0 -155.12 14.3183 113.976 
39.8415 0 0 -154.416 15.1933 114.146 
46.5774 0 0 -153.862 15.8108 114.249 
51.7333 0 0 -153.446 16.1545 114.284 
54.9452 0 0 -153.222 16.3745 114.322 
56.04 0 0 -153.151 16.4938 114.335 
54.9209 0 0 -153.27 16.4572 114.377 
52.7682 0 0 -153.491 16.3283 114.351 
48.636 0 0 -153.907 16.0621 114.332 
42.6491 0 0 -154.472 15.5702 114.268 
35.2709 0 0 -155.182 14.8562 114.157 
27.1518 0 0 -156.074 13.8038 113.997 
19.0217 0 0 -157.036 12.3255 113.692 
11.8615 0 0 -157.979 10.3752 113.202 
6.33254 0 0 -158.787 8.04974 112.47 
2.83718 0 0 -159.287 5.60537 111.459 
1.03294 0 0 -159.413 3.39669 110.239 
0.286774 0 0 -159.16 1.67377 108.892 
0.0774885 0 0 -158.681 0.48407 107.57 
0.0760436 0 0 -158.09 -0.271402 106.364 
0.119909 0 0 -157.528 -0.711249 105.38 
0.155207 0 0 -156.97 -0.965241 104.574 
0.1948 0 0 -156.597 -1.09407 104.05 
0.221989 0 0 -156.335 -1.14629 103.758 
0.194816 0 0 -156.223 -1.14231 103.725 
0.179559 0 0 -156.26 -1.08208 103.938 
0.144913 0 0 -156.441 -0.939649 104.406 
0.0907971 0 0 -156.739 -0.671372 105.127 
0.0546084 0 0 -157.072 -0.212771 106.05 
0.116498 0 0 -157.404 0.537038 107.159 
0.413681 0 0 -157.69 1.70723 108.425 
1.3318 0 0 -157.774 3.33489 109.709 
3.31606 0 0 -157.588 5.39639 110.907 
6.86932 0 0 -157.189 7.71474 111.969 
12.3127 0 0 -156.565 9.97931 112.793 
19.2947 0 0 -155.813 11.8984 113.373 
27.1959 0 0 -155.09 13.4027 113.77 
35.3286 0 0 -154.422 14.5217 114.022 
42.5024 0 0 -153.878 15.3854 114.183 
48.6009 0 0 -153.492 15.811 114.268 
52.7095 0 0 -153.253 16.1828 114.323 
54.9147 0 0 -153.156 16.335 114.339 
54.9106 0 0 -153.259 16.4177 114.367 
51.7299 0 0 -153.563 16.1672 114.429 
48.6064 0 0 -153.959 16.0066 114.421 
43.6084 0 0 -154.532 15.7343 114.405 
37.0276 0 0 -155.287 15.1329 114.351 
29.3131 0 0 -156.195 14.2423 114.246 
21.2523 0 0 -157.262 13.0588 114.075 
13.7277 0 0 -158.356 11.2604 113.739 
7.65839 0 0 -159.336 9.01797 113.175 
3.54108 0 0 -159.988 6.49943 112.305 
1.31143 0 0 -160.235 4.08679 111.164 
0.374015 0 0 -160.02 2.1126 109.819 
0.0818109 0 0 -159.454 0.718934 108.415 
0.0724618 0 0 -158.713 -0.171771 107.088 
0.117537 0 0 -157.958 -0.692236 105.938 
0.158292 0 0 -157.224 -0.985355 104.991 
0.19087 0 0 -156.64 -1.13614 104.294 
0.195108 0 0 -156.18 -1.20913 103.839 
0.202135 0 0 -155.867 -1.22462 103.629 
0.193449 0 0 -155.749 -1.19331 103.69 
0.160007 0 0 -155.765 -1.10593 103.994 
0.115363 0 0 -155.89 -0.931362 104.538 
0.0752923 0 0 -156.146 -0.614463 105.332 
0.0634351 0 0 -156.448 -0.072667 106.337 
0.193708 0 0 -156.736 0.799 107.521 
0.663936 0 0 -156.919 2.11551 108.793 
1.94101 0 0 -156.895 3.87367 110.062 
4.42116 0 0 -156.669 5.99565 111.225 
8.60831 0 0 -156.238 8.24024 112.208 
14.559 0 0 -155.665 10.3699 112.981 
21.7207 0 0 -155.024 12.1156 113.506 
29.2973 0 0 -154.425 13.5872 113.882 
36.808 0 0 -153.914 14.5992 114.109 
43.5204 0 0 -153.54 15.2281 114.249 
48.4476 0 0 -153.324 15.7324 114.343 
51.6587 0 0 -153.249 16.0384 114.403 
52.7661 0 0 -153.329 16.2221 114.43 
51.7656 0 0 -153.562 16.1659 114.432 
46.5821 0 0 -154.089 15.7896 114.556 
42.7123 0 0 -154.675 15.5551 114.561 
36.966 0 0 -155.452 15.1777 114.559 
30.0385 0 0 -156.397 14.4367 114.517 
22.4607 0 0 -157.52 13.3368 114.426 
14.9864 0 0 -158.693 11.7536 114.208 
8.61268 0 0 -159.836 9.70131 113.819 
4.04974 0 0 -160.682 7.20329 113.128 
1.5108 0 0 -161.061 4.65093 112.102 
0.420948 0 0 -160.885 2.43256 110.781 
0.0986691 0 0 -160.223 0.844794 109.307 
0.0724756 0 0 -159.324 -0.159793 107.864 
0.104451 0 0 -158.35 -0.727947 106.564 
0.161907 0 0 -157.418 -1.04507 105.455 
0.188691 0 0 -156.617 -1.20937 104.595 
0.199267 0 0 -155.963 -1.2874 103.977 
0.20924 0 0 -155.481 -1.317 103.613 
0.192186 0 0 -155.138 -1.30998 103.477 
0.173637 0 0 -154.995 -1.26189 103.623 
0.132218 0 0 -155.021 -1.16266 104.028 
0.0942314 0 0 -155.152 -0.972248 104.655 
0.0540688 0 0 -155.349 -0.6327 105.498 
0.0707591 0 0 -155.664 -0.0357637 106.592 
0.261601 0 0 -155.897 0.903189 107.807 
0.890712 0 0 -156.06 2.29407 109.119 
2.38757 0 0 -156.032 4.14102 110.381 
5.23892 0 0 -155.826 6.28244 111.53 
9.65609 0 0 -155.422 8.47868 112.452 
15.6428 0 0 -154.925 10.4559 113.157 
22.6853 0 0 -154.451 12.1042 113.685 
29.9767 0 0 -153.992 13.3802 114.019 
36.5959 0 0 -153.647 14.4001 114.254 
42.3312 0 0 -153.42 15.0375 114.377 
46.3048 0 0 -153.361 15.5049 114.473 
48.4757 0 0 -153.447 15.7827 114.525 
48.5333 0 0 -153.686 15.8299 114.542 
46.5484 0 0 -154.108 15.8084 114.574 
39.8471 0 0 -154.878 15.2015 114.76 
35.2966 0 0 -155.641 14.8824 114.773 
29.34 0 0 -156.623 14.2615 114.778 
22.4471 0 0 -157.788 13.4018 114.768 
15.3514 0 0 -159.034 11.9677 114.646 
9.14858 0 0 -160.298 10.0491 114.403 
4.3706 0 0 -161.334 7.67054 113.895 
1.62809 0 0 -161.867 4.99929 113 
0.425216 0 0 -161.756 2.65193 111.761 
0.082834 0 0 -161.036 0.918804 110.261 
0.065009 0 0 -159.972 -0.185474 108.715 
0.108241 0 0 -158.793 -0.796784 107.278 
0.157638 0 0 -157.624 -1.12549 106.006 
0.180087 0 0 -156.631 -1.2871 104.998 
0.188877 0 0 -155.748 -1.36394 104.201 
0.191259 0 0 -155.064 -1.39461 103.668 
0.181339 0 0 -154.552 -1.39681 103.373 
0.177726 0 0 -154.232 -1.37876 103.336 
0.145236 0 0 -154.055 -1.33358 103.532 
0.115201 0 0 -154.081 -1.23842 104.009 
0.0730809 0 0 -154.235 -1.05356 104.723 
0.0521312 0 0 -154.456 -0.712851 105.642 
0.0805961 0 0 -154.795 -0.108523 106.811 
0.303029 0 0 -155.044 0.860934 108.085 
0.978999 0 0 -155.223 2.28578 109.414 
2.53482 0 0 -155.252 4.13988 110.691 
5.39999 0 0 -155.078 6.27005 111.804 
9.82213 0 0 -154.769 8.37105 112.705 
15.6313 0 0 -154.417 10.2798 113.394 
22.1103 0 0 -154.047 11.8594 113.876 
28.723 0 0 -153.746 13.04 114.195 
34.5057 0 0 -153.565 14.0383 114.428 
39.2962 0 0 -153.542 14.6594 114.57 
42.3548 0 0 -153.606 15.0113 114.632 
43.471 0 0 -153.865 15.2806 114.693 
42.5284 0 0 -154.274 15.39 114.738 
39.825 0 0 -154.858 15.1913 114.748 
31.9587 0 0 -155.927 14.3143 115.037 
27.1725 0 0 -156.897 13.7706 115.059 
21.3475 0 0 -158.068 12.9711 115.09 
14.9692 0 0 -159.412 11.7682 115.082 
9.13354 0 0 -160.772 10.0397 114.954 
4.55058 0 0 -161.939 7.75914 114.587 
1.66421 0 0 -162.666 5.22001 113.89 
0.423829 0 0 -162.637 2.77017 112.746 
0.0840134 0 0 -161.876 0.933874 111.244 
0.0630523 0 0 -160.689 -0.23681 109.637 
0.106979 0 0 -159.291 -0.876934 108.062 
0.141107 0 0 -157.947 -1.20242 106.675 
0.15571 0 0 -156.696 -1.35785 105.492 
0.162245 0 0 -155.625 -1.42321 104.547 
0.180374 0 0 -154.731 -1.44844 103.833 
0.163905 0 0 -154.013 -1.45233 103.36 
0.156151 0 0 -153.519 -1.44618 103.151 
0.138385 0 0 -153.164 -1.42989 103.157 
0.111661 0 0 -153.021 -1.39165 103.434 
0.0915814 0 0 -153.055 -1.31105 103.965 
0.0601817 0 0 -153.21 -1.15118 104.73 
0.0439982 0 0 -153.505 -0.839984 105.738 
0.0740641 0 0 -153.835 -0.280006 106.934 
0.282006 0 0 -154.181 0.658125 108.284 
0.941378 0 0 -154.413 2.04847 109.639 
2.4329 0 0 -154.527 3.86897 110.942 
5.15267 0 0 -154.483 5.92052 112.069 
9.26856 0 0 -154.298 7.95794 112.955 
14.4827 0 0 -154.077 9.79578 113.627 
20.2939 0 0 -153.859 11.3089 114.095 
25.9677 0 0 -153.726 12.47 114.418 
31.03 0 0 -153.711 13.3453 114.633 
34.6317 0 0 -153.802 13.9521 114.764 
36.7775 0 0 -154.083 14.337 114.862 
36.9894 0 0 -154.507 14.5245 114.924 
35.461 0 0 -155.119 14.4868 114.972 
32.0283 0 0 -155.915 14.286 115.029 
23.7832 0 0 -157.249 13.0147 115.39 
19.0361 0 0 -158.458 12.3631 115.466 
13.8355 0 0 -159.797 11.2294 115.495 
8.69592 0 0 -161.229 9.66484 115.458 
4.42937 0 0 -162.535 7.59132 115.241 
1.68227 0 0 -163.41 5.21654 114.712 
0.430399 0 0 -163.515 2.80945 113.706 
0.0798464 0 0 -162.777 0.920011 112.263 
0.062401 0 0 -161.495 -0.287657 110.618 
0.0962594 0 0 -159.946 -0.940639 108.962 
0.1371 0 0 -158.41 -1.26701 107.451 
0.156954 0 0 -156.936 -1.41131 106.112 
0.145284 0 0 -155.646 -1.46527 105.015 
0.16453 0 0 -154.546 -1.47949 104.138 
0.146637 0 0 -153.636 -1.47782 103.493 
0.145313 0 0 -152.916 -1.47144 103.082 
0.135954 0 0 -152.408 -1.46409 102.921 
0.125879 0 0 -152.083 -1.45261 102.986 
0.0924508 0 0 -151.927 -1.42851 103.302 
0.0733674 0 0 -151.965 -1.37314 103.872 
0.047629 0 0 -152.162 -1.24857 104.688 
0.0362781 0 0 -152.472 -0.995074 105.733 
0.0571971 0 0 -152.887 -0.506235 106.987 
0.233042 0 0 -153.296 0.320264 108.369 
0.766574 0 0 -153.663 1.61565 109.794 
2.03588 0 0 -153.917 3.32141 111.136 
4.33692 0 0 -153.984 5.28072 112.27 
7.87085 0 0 -153.966 7.23102 113.176 
12.4739 0 0 -153.91 9.02866 113.858 
17.3285 0 0 -153.885 10.5585 114.357 
22.0379 0 0 -153.919 11.6914 114.685 
26.1506 0 0 -154.064 12.5041 114.891 
28.7743 0 0 -154.345 13.0433 115.036 
29.9732 0 0 -154.812 13.4153 115.158 
29.4772 0 0 -155.418 13.4964 115.232 
27.4009 0 0 -156.211 13.316 115.29 
23.803 0 0 -157.262 12.9997 115.392 
16.1012 0 0 -158.845 11.2425 115.818 
11.9736 0 0 -160.202 10.3078 115.893 
7.67242 0 0 -161.689 8.98897 115.942 
4.07848 0 0 -163.075 7.18261 115.833 
1.6486 0 0 -164.065 4.99373 115.431 
0.420681 0 0 -164.362 2.7648 114.614 
0.0805889 0 0 -163.726 0.906221 113.282 
0.069956 0 0 -162.452 -0.314715 111.676 
0.0981308 0 0 -160.769 -0.990739 109.952 
0.126392 0 0 -159.036 -1.31432 108.33 
0.140105 0 0 -157.382 -1.45115 106.874 
0.140237 0 0 -155.873 -1.49528 105.619 
0.128321 0 0 -154.559 -1.49707 104.586 
0.127432 0 0 -153.467 -1.48601 103.788 
0.120193 0 0 -152.549 -1.47257 103.198 
0.112408 0 0 -151.82 -1.46257 102.831 
0.100624 0 0 -151.314 -1.45779 102.71 
0.0910582 0 0 -150.992 -1.45487 102.818 
0.0879828 0 0 -150.87 -1.44555 103.171 
0.065256 0 0 -150.897 -1.4142 103.751 
0.048116 0 0 -151.121 -1.33187 104.597 
0.0367749 0 0 -151.475 -1.14146 105.659 
0.0494908 0 0 -151.941 -0.76244 106.938 
0.176454 0 0 -152.462 -0.0715933 108.359 
0.553267 0 0 -152.95 1.03184 109.823 
1.47705 0 0 -153.349 2.56137 111.211 
3.28108 0 0 -153.619 4.36649 112.405 
6.02302 0 0 -153.808 6.25899 113.378 
9.63841 0 0 -153.931 7.95853 114.086 
13.596 0 0 -154.064 9.36588 114.587 
17.3431 0 0 -154.307 10.4835 114.953 
20.3836 0 0 -154.646 11.3368 115.198 
22.2276 0 0 -155.122 11.8373 115.363 
22.6402 0 0 -155.759 12.1114 115.491 
21.7483 0 0 -156.606 12.0771 115.605 
19.4287 0 0 -157.619 11.8284 115.702 
16.0849 0 0 -158.844 11.2652 115.819 
9.6103 0 0 -160.62 9.13919 116.288 
6.44226 0 0 -162.127 7.98939 116.389 
3.55195 0 0 -163.585 6.49681 116.379 
1.53211 0 0 -164.682 4.60741 116.102 
0.431172 0 0 -165.127 2.61652 115.429 
0.0840204 0 0 -164.698 0.894968 114.28 
0.0687881 0 0 -163.466 -0.321782 112.729 
0.105217 0 0 -161.776 -1.01179 111.028 
0.118122 0 0 -159.912 -1.34414 109.345 
0.11781 0 0 -158.055 -1.48045 107.769 
0.124783 0 0 -156.364 -1.51763 106.394 
0.118052 0 0 -154.847 -1.50988 105.211 
0.107215 0 0 -153.521 -1.48754 104.242 
0.10903 0 0 -152.412 -1.46478 103.49 
0.0984249 0 0 -151.504 -1.44744 102.949 
0.0878384 0 0 -150.786 -1.43766 102.621 
0.0903532 0 0 -150.263 -1.43623 102.519 
0.0810518 0 0 -149.943 -1.44053 102.643 
0.0561349 0 0 -149.827 -1.44403 103.01 
0.0604425 0 0 -149.892 -1.43527 103.614 
0.0379802 0 0 -150.104 -1.38971 104.437 
0.0286973 0 0 -150.506 -1.26701 105.509 
0.0431845 0 0 -151.031 -0.997191 106.783 
0.100364 0 0 -151.653 -0.471281 108.227 
0.334013 0 0 -152.3 0.400637 109.73 
0.937277 0 0 -152.864 1.6851 111.17 
2.16696 0 0 -153.347 3.25438 112.438 
4.10805 0 0 -153.746 4.98096 113.48 
6.81176 0 0 -154.085 6.56224 114.25 
9.78399 0 0 -154.451 7.91384 114.818 
12.3891 0 0 -154.883 9.03557 115.226 
14.5304 0 0 -155.42 9.75264 115.495 
15.8093 0 0 -156.111 10.2284 115.702 
15.7434 0 0 -156.991 10.4177 115.88 
14.6223 0 0 -158.013 10.2714 116.019 
12.4294 0 0 -159.25 9.85405 116.165 
9.61744 0 0 -160.64 9.13865 116.295 
4.96377 0 0 -162.494 6.75222 116.758 
2.89147 0 0 -163.984 5.55925 116.814 
1.33586 0 0 -165.142 4.0379 116.626 
0.424993 0 0 -165.815 2.38629 116.139 
0.096055 0 0 -165.594 0.838422 115.166 
0.0595296 0 0 -164.55 -0.304904 113.787 
0.0965457 0 0 -162.913 -0.999169 112.143 
0.123075 0 0 -160.959 -1.35709 110.422 
0.129222 0 0 -159.011 -1.50093 108.809 
0.126811 0 0 -157.115 -1.53697 107.306 
0.107837 0 0 -155.389 -1.52365 105.997 
0.097401 0 0 -153.87 -1.49287 104.879 
0.09377 0 0 -152.535 -1.45937 103.956 
0.0821288 0 0 -151.412 -1.43142 103.235 
0.0756263 0 0 -150.51 -1.41327 102.732 
0.0677771 0 0 -149.802 -1.40476 102.425 
0.0577294 0 0 -149.297 -1.40664 102.349 
0.0665215 0 0 -148.987 -1.41595 102.486 
0.0452684 0 0 -148.882 -1.42924 102.854 
0.0493475 0 0 -148.936 -1.4365 103.437 
0.0392031 0 0 -149.204 -1.42125 104.266 
0.0302724 0 0 -149.602 -1.35477 105.293 
0.0313312 0 0 -150.187 -1.18449 106.546 
0.0644596 0 0 -150.868 -0.834688 107.956 
0.174714 0 0 -151.638 -0.204772 109.47 
0.498085 0 0 -152.413 0.770313 110.976 
1.24382 0 0 -153.133 2.04948 112.324 
2.43524 0 0 -153.77 3.52228 113.455 
4.1361 0 0 -154.37 4.96656 114.34 
6.06108 0 0 -154.957 6.22548 114.983 
7.99228 0 0 -155.616 7.20004 115.451 
9.38026 0 0 -156.393 7.91239 115.803 
9.98201 0 0 -157.302 8.29292 116.058 
9.80893 0 0 -158.383 8.37335 116.277 
8.77827 0 0 -159.618 8.15277 116.461 
7.01826 0 0 -161 7.6013 116.621 
4.97331 0 0 -162.504 6.77128 116.761 
2.14723 0 0 -164.217 4.45728 117.101 
1.05726 0 0 -165.472 3.30263 117.027 
0.379202 0 0 -166.279 2.01649 116.675 
0.0940699 0 0 -166.374 0.759988 115.944 
0.0716732 0 0 -165.618 -0.284337 114.764 
0.107034 0 0 -164.121 -0.969949 113.252 
0.130346 0 0 -162.229 -1.34868 111.597 
0.132163 0 0 -160.177 -1.51209 109.941 
0.127048 0 0 -158.15 -1.55605 108.377 
0.113087 0 0 -156.247 -1.543 106.959 
0.0940862 0 0 -154.513 -1.50574 105.708 
0.0832968 0 0 -152.981 -1.4635 104.64 
0.0740612 0 0 -151.655 -1.42604 103.754 
0.0749779 0 0 -150.543 -1.39657 103.071 
0.0706149 0 0 -149.641 -1.37864 102.589 
0.0528379 0 0 -148.94 -1.37121 102.297 
0.0528143 0 0 -148.437 -1.37467 102.218 
0.0478361 0 0 -148.118 -1.38653 102.343 
0.0481047 0 0 -148.012 -1.40508 102.692 
0.0385866 0 0 -148.083 -1.42359 103.25 
0.0384553 0 0 -148.352 -1.43077 104.036 
0.0305812 0 0 -148.772 -1.40707 105.014 
0.0268035 0 0 -149.386 -1.31658 106.219 
0.0421608 0 0 -150.155 -1.10556 107.592 
0.093858 0 0 -151.025 -0.701831 109.076 
0.250814 0 0 -151.948 -0.0414665 110.58 
0.575553 0 0 -152.865 0.891433 111.987 
1.20246 0 0 -153.771 2.04047 113.231 
2.17767 0 0 -154.65 3.22717 114.237 
3.34065 0 0 -155.522 4.31767 115.01 
4.42192 0 0 -156.45 5.20715 115.587 
5.25303 0 0 -157.446 5.82001 116.012 
5.64861 0 0 -158.595 6.14419 116.348 
5.3386 0 0 -159.856 6.17426 116.617 
4.55594 0 0 -161.256 5.89291 116.842 
3.42191 0 0 -162.766 5.33346 117.027 
2.15432 0 0 -164.233 4.46311 117.116 
0.75848 0 0 -165.611 2.47062 117.255 
0.30631 0 0 -166.588 1.56034 117.065 
0.0979525 0 0 -166.955 0.594088 116.526 
0.0639496 0 0 -166.506 -0.276019 115.588 
0.104856 0 0 -165.332 -0.926011 114.299 
0.14036 0 0 -163.556 -1.3198 112.751 
0.133817 0 0 -161.543 -1.50977 111.145 
0.127514 0 0 -159.427 -1.57231 109.564 
0.0992654 0 0 -157.378 -1.56582 108.066 
0.110801 0 0 -155.468 -1.52782 106.71 
0.0770736 0 0 -153.74 -1.48001 105.517 
0.0636703 0 0 -152.202 -1.43341 104.484 
0.0612559 0 0 -150.876 -1.39424 103.628 
0.0584403 0 0 -149.762 -1.36508 102.957 
0.0542275 0 0 -148.881 -1.34719 102.492 
0.0519152 0 0 -148.173 -1.33993 102.2 
0.0516113 0 0 -147.656 -1.34297 102.102 
0.0496749 0 0 -147.362 -1.35635 102.22 
0.0398606 0 0 -147.25 -1.3772 102.535 
0.0362969 0 0 -147.338 -1.40156 103.065 
0.036127 0 0 -147.597 -1.42206 103.787 
0.0280638 0 0 -148.049 -1.42677 104.715 
0.0244296 0 0 -148.676 -1.39291 105.839 
0.0296326 0 0 -149.496 -1.28553 107.142 
0.0458994 0 0 -150.432 -1.0598 108.559 
0.104514 0 0 -151.475 -0.65985 110.03 
0.234151 0 0 -152.62 -0.0474027 111.495 
0.537761 0 0 -153.74 0.732995 112.795 
0.995781 0 0 -154.904 1.6376 113.928 
1.54291 0 0 -156.04 2.48221 114.83 
2.1217 0 0 -157.215 3.21565 115.526 
2.54496 0 0 -158.516 3.74947 116.093 
2.68951 0 0 -159.85 4.03312 116.512 
2.46148 0 0 -161.298 4.01015 116.834 
2.02384 0 0 -162.793 3.75329 117.078 
1.37513 0 0 -164.274 3.22752 117.241 
0.757394 0 0 -165.626 2.48584 117.272 
0.220563 0 0 -166.613 1.01366 117.219 
0.080234 0 0 -167.26 0.345719 116.905 
0.0708285 0 0 -167.204 -0.324947 116.228 
0.116456 0 0 -166.381 -0.887321 115.189 
0.13825 0 0 -164.947 -1.27268 113.897 
0.163277 0 0 -163.032 -1.49023 112.387 
0.151771 0 0 -160.91 -1.58087 110.827 
0.119368 0 0 -158.758 -1.5897 109.301 
0.0947097 0 0 -156.674 -1.55697 107.858 
0.0831988 0 0 -154.795 -1.50828 106.571 
0.0772919 0 0 -153.063 -1.45608 105.417 
0.0714953 0 0 -151.53 -1.40814 104.411 
0.0562619 0 0 -150.211 -1.3689 103.585 
0.0465513 0 0 -149.099 -1.33942 102.915 
0.0424824 0 0 -148.192 -1.32093 102.431 
0.0481294 0 0 -147.505 -1.31318 102.142 
0.0351483 0 0 -146.985 -1.31527 102.019 
0.0341973 0 0 -146.688 -1.3275 102.103 
0.0323177 0 0 -146.572 -1.34787 102.376 
0.0368653 0 0 -146.669 -1.37438 102.861 
0.027546 0 0 -146.933 -1.40184 103.519 
0.027945 0 0 -147.398 -1.42316 104.383 
0.0244911 0 0 -148.065 -1.42562 105.433 
0.0235048 0 0 -148.875 -1.38643 106.626 
0.0308887 0 0 -149.895 -1.28024 107.969 
0.0473497 0 0 -151.028 -1.071 109.375 
0.0966915 0 0 -152.306 -0.722459 110.815 
0.194164 0 0 -153.635 -0.240122 112.168 
0.359611 0 0 -155.035 0.347907 113.4 
0.582218 0 0 -156.437 0.961394 114.425 
0.843501 0 0 -157.9 1.51255 115.271 
1.0215 0 0 -159.395 1.92756 115.931 
1.07799 0 0 -160.947 2.1536 116.463 
0.971981 0 0 -162.498 2.16228 116.846 
0.728431 0 0 -164.058 1.97017 117.134 
0.440735 0 0 -165.478 1.58404 117.274 
0.21114 0 0 -166.601 1.00643 117.21 
0.0749341 0 0 -167.23 0.0119468 117.013 
0.0708464 0 0 -167.576 -0.437472 116.624 
0.115404 0 0 -167.196 -0.87057 115.887 
0.161119 0 0 -166.141 -1.22255 114.845 
0.170098 0 0 -164.508 -1.4538 113.555 
0.159064 0 0 -162.503 -1.57187 112.107 
0.131229 0 0 -160.349 -1.60658 110.616 
0.11574 0 0 -158.173 -1.58938 109.158 
0.0960971 0 0 -156.12 -1.54502 107.795 
0.0872055 0 0 -154.198 -1.49129 106.522 
0.0636055 0 0 -152.467 -1.43771 105.397 
0.0580879 0 0 -150.96 -1.39023 104.422 
0.047009 0 0 -149.633 -1.35062 103.583 
0.0442459 0 0 -148.538 -1.32106 102.928 
0.0458561 0 0 -147.639 -1.30163 102.442 
0.0332807 0 0 -146.93 -1.2921 102.111 
0.0367499 0 0 -146.447 -1.29245 101.985 
0.0323119 0 0 -146.14 -1.30252 102.029 
0.0327425 0 0 -146.021 -1.32067 102.248 
0.0257838 0 0 -146.106 -1.34594 102.663 
0.0273777 0 0 -146.385 -1.37557 103.265 
0.0234392 0 0 -146.858 -1.40524 104.047 
0.027905 0 0 -147.529 -1.42772 105.003 
0.0222117 0 0 -148.371 -1.43014 106.107 
0.0230463 0 0 -149.42 -1.39627 107.352 
0.0213992 0 0 -150.61 -1.30521 108.671 
0.0369494 0 0 -151.953 -1.13574 110.033 
0.0670232 0 0 -153.45 -0.878711 111.395 
0.10897 0 0 -154.995 -0.539883 112.656 
0.181687 0 0 -156.639 -0.153337 113.783 
0.278292 0 0 -158.336 0.225258 114.761 
0.330016 0 0 -160.039 0.532481 115.549 
0.344746 0 0 -161.739 0.718896 116.17 
0.291409 0 0 -163.398 0.762716 116.635 
0.212014 0 0 -164.957 0.640215 116.952 
0.126351 0 0 -166.303 0.390291 117.108 
0.06941 0 0 -167.218 0.00525093 117.003 
0.0813807 0 0 -167.547 -0.629146 116.718 
0.111641 0 0 -167.662 -0.906599 116.316 
0.167546 0 0 -167.092 -1.18287 115.597 
0.188283 0 0 -165.86 -1.40176 114.585 
0.184 0 0 -164.086 -1.54341 113.321 
0.150191 0 0 -162.033 -1.60685 111.951 
0.132537 0 0 -159.876 -1.61434 110.539 
0.111698 0 0 -157.703 -1.58409 109.145 
0.0786565 0 0 -155.655 -1.53626 107.827 
0.0718441 0 0 -153.748 -1.4819 106.6 
0.0517315 0 0 -152.009 -1.42838 105.484 
0.0449115 0 0 -150.46 -1.37998 104.486 
0.0447088 0 0 -149.186 -1.34106 103.679 
0.0335265 0 0 -148.07 -1.31006 102.996 
0.040258 0 0 -147.181 -1.28945 102.49 
0.0334935 0 0 -146.472 -1.27729 102.135 
0.0320784 0 0 -145.957 -1.27437 101.95 
0.0363316 0 0 -145.696 -1.28217 101.973 
0.0285943 0 0 -145.574 -1.29668 102.136 
0.0244804 0 0 -145.655 -1.31905 102.486 
0.0253849 0 0 -145.961 -1.34843 103.033 
0.0245871 0 0 -146.422 -1.37965 103.714 
0.0265166 0 0 -147.081 -1.4109 104.571 
0.0226126 0 0 -147.964 -1.43444 105.591 
0.0211394 0 0 -149.014 -1.441 106.727 
0.0227878 0 0 -150.266 -1.41932 107.977 
0.0194918 0 0 -151.657 -1.35352 109.262 
0.0260126 0 0 -153.239 -1.23521 110.58 
0.0347967 0 0 -154.932 -1.06132 111.856 
0.0541024 0 0 -156.733 -0.847762 113.044 
0.0679332 0 0 -158.572 -0.622802 114.092 
0.0892668 0 0 -160.424 -0.412766 114.973 
0.0917918 0 0 -162.272 -0.265204 115.718 
0.0854438 0 0 -164.009 -0.1998 116.266 
0.0623642 0 0 -165.592 -0.244741 116.658 
0.0656556 0 0 -166.824 -0.387035 116.824 
0.0889994 0 0 -167.582 -0.630232 116.734 
0.135473 0 0 -167.687 -1.00179 116.418 
0.17933 0 0 -167.652 -1.17293 116.055 
0.193281 0 0 -166.942 -1.35041 115.389 
0.202778 0 0 -165.565 -1.49073 114.411 
0.170656 0 0 -163.758 -1.58119 113.245 
0.146653 0 0 -161.653 -1.61817 111.923 
0.125045 0 0 -159.476 -1.61295 110.575 
0.0877486 0 0 -157.309 -1.57995 109.236 
0.0635874 0 0 -155.264 -1.53231 107.951 
0.0563013 0 0 -153.331 -1.47823 106.733 
0.0448418 0 0 -151.649 -1.42654 105.65 
0.0420305 0 0 -150.128 -1.37976 104.676 
0.0412745 0 0 -148.834 -1.33955 103.84 
0.0418515 0 0 -147.732 -1.30777 103.143 
0.0388134 0 0 -146.833 -1.28433 102.599 
0.0297071 0 0 -146.116 -1.26932 102.198 
0.0328713 0 0 -145.639 -1.26434 101.991 
0.0258065 0 0 -145.341 -1.26696 101.94 
0.0288384 0 0 -145.248 -1.27785 102.063 
0.0304314 0 0 -145.334 -1.29635 102.346 
0.031494 0 0 -145.618 -1.32216 102.802 
0.026244 0 0 -146.083 -1.35211 103.406 
0.0240591 0 0 -146.756 -1.38567 104.178 
0.0233341 0 0 -147.635 -1.41857 105.098 
0.0199897 0 0 -148.694 -1.44532 106.137 
0.0188011 0 0 -149.959 -1.45875 107.286 
0.0217648 0 0 -151.417 -1.45101 108.521 
0.0176321 0 0 -153.041 -1.41417 109.777 
0.0209465 0 0 -154.801 -1.34199 111.031 
0.0242553 0 0 -156.694 -1.23831 112.236 
0.0310461 0 0 -158.657 -1.11234 113.349 
0.0330495 0 0 -160.666 -0.980725 114.344 
0.0386508 0 0 -162.579 -0.869197 115.166 
0.0487139 0 0 -164.381 -0.806972 115.811 
0.0602178 0 0 -165.93 -0.806374 116.275 
0.0931057 0 0 -167.074 -0.87325 116.475 
0.123955 0 0 -167.691 -1.00249 116.426 
0.179779 0 0 -167.768 -1.21412 116.194 
0.206207 0 0 -167.581 -1.31894 115.883 
0.20966 0 0 -166.728 -1.42887 115.249 
0.192739 0 0 -165.317 -1.52443 114.371 
0.162283 0 0 -163.49 -1.58817 113.287 
0.132101 0 0 -161.363 -1.61454 112.04 
0.109223 0 0 -159.197 -1.60793 110.757 
0.0793042 0 0 -157.025 -1.57735 109.453 
0.0624184 0 0 -154.974 -1.53347 108.201 
0.0525955 0 0 -153.079 -1.48337 106.999 
0.0328812 0 0 -151.368 -1.43311 105.902 
0.0387126 0 0 -149.854 -1.38636 104.914 
0.0346146 0 0 -148.546 -1.3455 104.043 
0.0321716 0 0 -147.45 -1.31177 103.319 
0.0325791 0 0 -146.553 -1.28582 102.731 
0.0274969 0 0 -145.872 -1.26804 102.307 
0.0303367 0 0 -145.397 -1.25888 102.051 
0.0301988 0 0 -145.098 -1.25753 101.937 
0.0291453 0 0 -145.006 -1.26375 102 
0.020719 0 0 -145.075 -1.27719 102.199 
0.0286961 0 0 -145.382 -1.29877 102.595 
0.0296268 0 0 -145.858 -1.32613 103.129 
0.0211188 0 0 -146.53 -1.3584 103.81 
0.020046 0 0 -147.41 -1.39373 104.645 
0.0252965 0 0 -148.482 -1.42923 105.605 
0.0193499 0 0 -149.759 -1.45998 106.667 
0.0207548 0 0 -151.228 -1.48129 107.825 
0.0226971 0 0 -152.879 -1.48807 109.028 
0.0272443 0 0 -154.707 -1.47389 110.266 
0.0360005 0 0 -156.676 -1.43527 111.485 
0.0384902 0 0 -158.696 -1.37387 112.631 
0.0431449 0 0 -160.781 -1.30079 113.702 
0.052416 0 0 -162.782 -1.22296 114.614 
0.0800592 0 0 -164.622 -1.16018 115.361 
0.0995389 0 0 -166.137 -1.13605 115.882 
0.147083 0 0 -167.249 -1.15148 116.187 
0.178379 0 0 -167.751 -1.21621 116.195 
0.198204 0 0 -167.767 -1.32323 116.031 
0.208663 0 0 -167.491 -1.37663 115.789 
0.1997 0 0 -166.575 -1.44961 115.255 
0.185046 0 0 -165.112 -1.51767 114.443 
0.152129 0 0 -163.245 -1.57014 113.435 
0.121095 0 0 -161.124 -1.59631 112.265 
0.0844888 0 0 -158.973 -1.5965 111.049 
0.0730552 0 0 -156.817 -1.57359 109.785 
0.0580241 0 0 -154.793 -1.53821 108.554 
0.041349 0 0 -152.89 -1.49339 107.356 
0.0305657 0 0 -151.208 -1.4469 106.259 
0.0325416 0 0 -149.697 -1.40138 105.237 
0.0292332 0 0 -148.385 -1.35986 104.333 
0.029278 0 0 -147.299 -1.32417 103.569 
0.0268676 0 0 -146.409 -1.29522 102.938 
0.0305478 0 0 -145.728 -1.27393 102.463 
0.0271695 0 0 -145.218 -1.25961 102.119 
0.0222304 0 0 -144.937 -1.25327 101.953 
0.0294782 0 0 -144.827 -1.25447 101.938 
0.0294912 0 0 -144.939 -1.264 102.102 
0.0283767 0 0 -145.223 -1.27996 102.4 
0.0308335 0 0 -145.698 -1.30272 102.86 
0.0257776 0 0 -146.399 -1.33274 103.48 
0.0274515 0 0 -147.262 -1.36671 104.225 
0.0273719 0 0 -148.371 -1.40511 105.131 
0.0253981 0 0 -149.639 -1.44315 106.111 
0.0263416 0 0 -151.135 -1.47975 107.218 
0.0252957 0 0 -152.806 -1.50809 108.376 
0.031382 0 0 -154.647 -1.52493 109.581 
0.0379973 0 0 -156.664 -1.52613 110.809 
0.0540894 0 0 -158.741 -1.50669 111.992 
0.0699198 0 0 -160.879 -1.46803 113.114 
0.0929179 0 0 -162.945 -1.41473 114.128 
0.123758 0 0 -164.767 -1.36406 114.946 
0.161198 0 0 -166.323 -1.31982 115.587 
0.187071 0 0 -167.329 -1.30598 115.953 
0.20598 0 0 -167.778 -1.32305 116.044 
0.210224 0 0 -167.754 -1.35736 115.979 
0.212149 0 0 -167.435 -1.37299 115.826 
0.176359 0 0 -166.452 -1.41383 115.375 
0.164718 0 0 -164.939 -1.46886 114.642 
0.127979 0 0 -163.09 -1.51965 113.73 
0.0928351 0 0 -160.999 -1.5554 112.647 
0.0748034 0 0 -158.846 -1.56775 111.47 
0.0557054 0 0 -156.719 -1.56182 110.248 
0.0446264 0 0 -154.679 -1.53922 109.011 
0.0370993 0 0 -152.827 -1.50519 107.832 
0.0319531 0 0 -151.128 -1.46425 106.695 
0.0264248 0 0 -149.615 -1.42131 105.631 
0.0246418 0 0 -148.325 -1.38031 104.692 
0.0282536 0 0 -147.248 -1.34306 103.881 
0.0290121 0 0 -146.367 -1.3112 103.196 
0.0244661 0 0 -145.657 -1.2854 102.637 
0.0239843 0 0 -145.173 -1.26673 102.246 
0.0281431 0 0 -144.89 -1.25612 102.014 
0.0288664 0 0 -144.794 -1.25219 101.934 
0.0315277 0 0 -144.894 -1.2558 102.017 
0.0261741 0 0 -145.18 -1.26686 102.251 
0.0274824 0 0 -145.665 -1.28516 102.643 
0.0307652 0 0 -146.344 -1.31077 103.182 
0.029925 0 0 -147.235 -1.34292 103.872 
0.0236821 0 0 -148.321 -1.37995 104.689 
0.0270826 0 0 -149.628 -1.42148 105.642 
0.0327311 0 0 -151.12 -1.46383 106.687 
0.0352941 0 0 -152.834 -1.50498 107.832 
0.040355 0 0 -154.684 -1.53892 109.012 
0.0565926 0 0 -156.706 -1.56219 110.247 
0.075949 0 0 -158.843 -1.56811 111.471 
0.0924535 0 0 -160.972 -1.55413 112.63 
0.11941 0 0 -163.054 -1.52026 113.708 
0.147899 0 0 -164.907 -1.47119 114.63 
0.179594 0 0 -166.446 -1.41349 115.365 
0.208757 0 0 -167.416 -1.37314 115.819 
0.208565 0 0 -167.747 -1.36041 115.971 
