22.228 0 0 152.253 7.70516 -137.441 
21.5653 0 0 152.294 7.61018 -137.408 
19.59 0 0 152.463 7.2965 -137.303 
16.5685 0 0 152.724 6.73292 -137.116 
12.8338 0 0 153.043 5.88869 -136.801 
8.84347 0 0 153.357 4.73837 -136.292 
5.25215 0 0 153.612 3.30122 -135.537 
2.58859 0 0 153.668 1.62388 -134.427 
1.00285 0 0 153.395 -0.00901196 -132.893 
0.326945 0 0 152.729 -1.33097 -130.99 
0.12036 0 0 151.79 -2.14508 -128.918 
0.0721902 0 0 150.682 -2.5313 -126.849 
0.0676755 0 0 149.615 -2.64497 -124.979 
0.081442 0 0 148.643 -2.62855 -123.386 
0.0762079 0 0 147.828 -2.56574 -122.081 
0.0832338 0 0 147.2 -2.49802 -121.092 
0.0834741 0 0 146.741 -2.4425 -120.385 
0.0893901 0 0 146.457 -2.40771 -119.962 
0.0828552 0 0 146.374 -2.39649 -119.825 
0.0815353 0 0 146.459 -2.40739 -119.958 
0.0839193 0 0 146.733 -2.44291 -120.38 
0.0843421 0 0 147.193 -2.49776 -121.09 
0.0820057 0 0 147.822 -2.56598 -122.081 
0.0725786 0 0 148.646 -2.6288 -123.388 
0.0673413 0 0 149.62 -2.64651 -124.981 
0.074238 0 0 150.692 -2.53071 -126.852 
0.113398 0 0 151.791 -2.14408 -128.924 
0.328964 0 0 152.732 -1.32025 -131.001 
1.0239 0 0 153.384 -0.0141253 -132.889 
2.60395 0 0 153.658 1.61886 -134.41 
5.28215 0 0 153.622 3.26832 -135.537 
8.81831 0 0 153.359 4.74015 -136.289 
12.8062 0 0 153.042 5.89594 -136.805 
16.4807 0 0 152.716 6.7692 -137.119 
19.5846 0 0 152.472 7.31771 -137.313 
21.4979 0 0 152.305 7.65126 -137.419 
22.2014 0 0 152.255 7.75099 -137.458 
21.4071 0 0 152.383 7.68294 -137.493 
20.1431 0 0 152.612 7.45462 -137.475 
17.5895 0 0 152.926 7.00536 -137.377 
14.2214 0 0 153.354 6.27267 -137.181 
10.3479 0 0 153.803 5.20645 -136.823 
6.61419 0 0 154.226 3.88549 -136.257 
3.52872 0 0 154.467 2.27199 -135.348 
1.51778 0 0 154.392 0.547548 -134.004 
0.518963 0 0 153.904 -0.926051 -132.249 
0.16206 0 0 152.997 -1.94114 -130.17 
0.0810103 0 0 151.855 -2.45929 -128.047 
0.0739884 0 0 150.668 -2.6416 -126.045 
0.0721996 0 0 149.535 -2.65364 -124.274 
0.0741857 0 0 148.554 -2.59519 -122.8 
0.0804052 0 0 147.731 -2.52227 -121.617 
0.0852441 0 0 147.086 -2.45607 -120.726 
0.0882269 0 0 146.638 -2.41095 -120.134 
0.0913282 0 0 146.369 -2.38754 -119.822 
0.0873465 0 0 146.293 -2.38779 -119.784 
0.0876777 0 0 146.394 -2.41272 -120.026 
0.0830492 0 0 146.663 -2.45771 -120.536 
0.0820947 0 0 147.138 -2.52175 -121.353 
0.0799869 0 0 147.794 -2.59193 -122.474 
0.0689995 0 0 148.598 -2.63843 -123.88 
0.0703685 0 0 149.535 -2.60155 -125.586 
0.0761847 0 0 150.564 -2.36686 -127.545 
0.171338 0 0 151.552 -1.7719 -129.625 
0.550492 0 0 152.323 -0.714414 -131.599 
1.61046 0 0 152.796 0.745288 -133.303 
3.71306 0 0 152.982 2.41159 -134.679 
6.75899 0 0 152.9 3.9594 -135.642 
10.5204 0 0 152.724 5.23091 -136.315 
14.3259 0 0 152.539 6.28011 -136.806 
17.6886 0 0 152.362 6.99303 -137.115 
20.1632 0 0 152.258 7.42564 -137.309 
21.513 0 0 152.262 7.60858 -137.423 
21.4718 0 0 152.381 7.66076 -137.482 
19.4247 0 0 152.781 7.25338 -137.561 
17.505 0 0 153.17 6.9097 -137.56 
14.6438 0 0 153.666 6.3298 -137.47 
11.08 0 0 154.254 5.43054 -137.269 
7.39374 0 0 154.818 4.2314 -136.864 
4.21776 0 0 155.251 2.63217 -136.13 
1.90208 0 0 155.399 0.965387 -135.02 
0.69139 0 0 155.077 -0.638085 -133.399 
0.226861 0 0 154.251 -1.78657 -131.379 
0.0959764 0 0 153.049 -2.40906 -129.167 
0.074072 0 0 151.743 -2.64589 -127.054 
0.0733955 0 0 150.464 -2.6733 -125.134 
0.0799432 0 0 149.309 -2.61425 -123.503 
0.0751907 0 0 148.311 -2.53183 -122.146 
0.077957 0 0 147.507 -2.45639 -121.1 
0.0860998 0 0 146.879 -2.39946 -120.335 
0.0875493 0 0 146.412 -2.3631 -119.828 
0.0849906 0 0 146.157 -2.35174 -119.612 
0.0875074 0 0 146.084 -2.36409 -119.669 
0.0856112 0 0 146.17 -2.39915 -119.989 
0.0858507 0 0 146.481 -2.45805 -120.624 
0.0815138 0 0 146.954 -2.53074 -121.537 
0.0845912 0 0 147.583 -2.60102 -122.738 
0.0755836 0 0 148.399 -2.63241 -124.258 
0.0697718 0 0 149.34 -2.54743 -126.067 
0.0819602 0 0 150.312 -2.20305 -128.076 
0.223902 0 0 151.201 -1.45351 -130.125 
0.779454 0 0 151.879 -0.233577 -132.034 
2.11143 0 0 152.276 1.31147 -133.624 
4.44825 0 0 152.429 2.8715 -134.839 
7.6281 0 0 152.427 4.33683 -135.752 
11.2709 0 0 152.343 5.4838 -136.386 
14.7259 0 0 152.267 6.34757 -136.823 
17.5966 0 0 152.256 6.9012 -137.142 
19.4404 0 0 152.339 7.29561 -137.375 
20.0619 0 0 152.492 7.36455 -137.489 
19.4156 0 0 152.788 7.2801 -137.572 
16.1991 0 0 153.457 6.61748 -137.705 
13.9087 0 0 154.035 6.16838 -137.732 
10.9211 0 0 154.694 5.37137 -137.614 
7.56555 0 0 155.417 4.26954 -137.361 
4.50553 0 0 156.024 2.81761 -136.829 
2.15846 0 0 156.368 1.13957 -135.883 
0.816234 0 0 156.22 -0.472121 -134.423 
0.263923 0 0 155.481 -1.71144 -132.476 
0.105444 0 0 154.275 -2.39865 -130.255 
0.0691585 0 0 152.865 -2.66128 -128.031 
0.0702538 0 0 151.445 -2.6929 -125.992 
0.070123 0 0 150.133 -2.62706 -124.212 
0.0731036 0 0 148.959 -2.53396 -122.707 
0.0794598 0 0 147.957 -2.44479 -121.479 
0.0836172 0 0 147.153 -2.37406 -120.543 
0.0778608 0 0 146.517 -2.32519 -119.861 
0.0826682 0 0 146.083 -2.30087 -119.472 
0.0818525 0 0 145.82 -2.30085 -119.334 
0.0836642 0 0 145.752 -2.32438 -119.477 
0.0858215 0 0 145.859 -2.37104 -119.888 
0.0831254 0 0 146.146 -2.43906 -120.578 
0.0830361 0 0 146.635 -2.52248 -121.59 
0.0826697 0 0 147.285 -2.59973 -122.884 
0.083927 0 0 148.093 -2.62688 -124.492 
0.070983 0 0 149.029 -2.50945 -126.377 
0.0865798 0 0 149.988 -2.09772 -128.437 
0.245605 0 0 150.832 -1.25005 -130.48 
0.883309 0 0 151.467 0.0154352 -132.306 
2.30708 0 0 151.864 1.56282 -133.823 
4.683 0 0 152.065 3.06155 -134.98 
7.68094 0 0 152.148 4.42013 -135.851 
10.9713 0 0 152.196 5.45174 -136.468 
13.9732 0 0 152.26 6.17325 -136.91 
16.1448 0 0 152.414 6.66619 -137.243 
17.3072 0 0 152.654 6.91953 -137.482 
17.317 0 0 152.989 6.91275 -137.63 
16.2178 0 0 153.47 6.61765 -137.716 
12.2872 0 0 154.431 5.68826 -137.9 
9.92411 0 0 155.196 5.02137 -137.905 
7.15456 0 0 156.003 4.01427 -137.749 
4.39366 0 0 156.783 2.69245 -137.383 
2.16134 0 0 157.322 1.12951 -136.632 
0.855431 0 0 157.353 -0.454342 -135.333 
0.27903 0 0 156.72 -1.70405 -133.484 
0.114398 0 0 155.518 -2.41624 -131.273 
0.0723173 0 0 154.041 -2.68757 -128.996 
0.0623745 0 0 152.483 -2.71215 -126.846 
0.0713332 0 0 151.021 -2.63435 -124.951 
0.0749112 0 0 149.693 -2.52746 -123.306 
0.0753307 0 0 148.499 -2.4249 -121.912 
0.0791197 0 0 147.528 -2.34164 -120.822 
0.0823412 0 0 146.702 -2.27925 -119.969 
0.0821913 0 0 146.093 -2.24227 -119.394 
0.0845686 0 0 145.658 -2.22829 -119.077 
0.0840868 0 0 145.401 -2.23731 -119.012 
0.0813907 0 0 145.314 -2.26958 -119.204 
0.0838615 0 0 145.441 -2.32721 -119.699 
0.0821769 0 0 145.74 -2.40587 -120.463 
0.0848157 0 0 146.221 -2.49867 -121.517 
0.0861924 0 0 146.885 -2.58609 -122.885 
0.0913298 0 0 147.694 -2.62284 -124.551 
0.0761938 0 0 148.644 -2.50913 -126.484 
0.0818495 0 0 149.609 -2.09105 -128.576 
0.246913 0 0 150.469 -1.23493 -130.637 
0.826477 0 0 151.144 0.0501693 -132.469 
2.17887 0 0 151.594 1.5154 -133.937 
4.26466 0 0 151.874 2.96052 -135.077 
6.9831 0 0 152.08 4.14745 -135.922 
9.72752 0 0 152.284 5.10434 -136.563 
12.1353 0 0 152.512 5.70255 -137.008 
13.7002 0 0 152.824 6.09414 -137.36 
14.2713 0 0 153.245 6.18888 -137.621 
13.8037 0 0 153.786 6.10801 -137.812 
12.2943 0 0 154.435 5.69251 -137.895 
8.20749 0 0 155.695 4.41434 -138.102 
6.09021 0 0 156.602 3.51573 -138.05 
3.84615 0 0 157.499 2.32435 -137.796 
2.01356 0 0 158.184 0.885957 -137.195 
0.836822 0 0 158.395 -0.585993 -136.075 
0.291559 0 0 157.898 -1.77667 -134.35 
0.122389 0 0 156.764 -2.46126 -132.208 
0.0766498 0 0 155.248 -2.71606 -129.936 
0.0621473 0 0 153.61 -2.72943 -127.725 
0.0714099 0 0 151.994 -2.63766 -125.717 
0.069176 0 0 150.526 -2.51901 -123.972 
0.0767255 0 0 149.181 -2.40316 -122.442 
0.0747881 0 0 148.011 -2.30711 -121.181 
0.0812213 0 0 147.028 -2.23254 -120.171 
0.0753953 0 0 146.22 -2.18099 -119.409 
0.0827929 0 0 145.596 -2.15304 -118.902 
0.0917016 0 0 145.157 -2.14794 -118.656 
0.0833128 0 0 144.911 -2.16494 -118.649 
0.0813079 0 0 144.841 -2.2048 -118.905 
0.0886455 0 0 144.948 -2.26808 -119.424 
0.0854646 0 0 145.256 -2.35381 -120.23 
0.0867037 0 0 145.749 -2.45668 -121.331 
0.0987694 0 0 146.401 -2.55768 -122.727 
0.092071 0 0 147.237 -2.61631 -124.427 
0.0864529 0 0 148.2 -2.53818 -126.39 
0.0754237 0 0 149.217 -2.17538 -128.528 
0.163738 0 0 150.152 -1.38365 -130.616 
0.620069 0 0 150.909 -0.208033 -132.456 
1.73183 0 0 151.459 1.14356 -133.937 
3.49872 0 0 151.893 2.46365 -135.1 
5.62105 0 0 152.246 3.61649 -135.992 
7.75991 0 0 152.606 4.42669 -136.637 
9.53079 0 0 153.022 4.9535 -137.132 
10.5292 0 0 153.522 5.20719 -137.511 
10.654 0 0 154.142 5.22914 -137.803 
9.7923 0 0 154.86 4.97489 -138.003 
8.19734 0 0 155.698 4.40752 -138.095 
4.64368 0 0 157.202 2.73489 -138.222 
3.08586 0 0 158.202 1.72867 -138.082 
1.6903 0 0 158.978 0.446539 -137.583 
0.743679 0 0 159.343 -0.839088 -136.629 
0.291498 0 0 158.987 -1.89766 -135.067 
0.1307 0 0 157.945 -2.51523 -133.045 
0.0774835 0 0 156.482 -2.74444 -130.828 
0.0639743 0 0 154.808 -2.74246 -128.623 
0.0621792 0 0 153.113 -2.64111 -126.57 
0.0656419 0 0 151.493 -2.50989 -124.702 
0.0671947 0 0 149.999 -2.38455 -123.069 
0.0722503 0 0 148.665 -2.27666 -121.665 
0.0769804 0 0 147.484 -2.19003 -120.491 
0.077156 0 0 146.513 -2.12636 -119.567 
0.0790418 0 0 145.705 -2.08492 -118.877 
0.0841825 0 0 145.082 -2.06521 -118.429 
0.0844623 0 0 144.65 -2.0659 -118.22 
0.0876675 0 0 144.393 -2.08825 -118.256 
0.0848981 0 0 144.313 -2.13153 -118.54 
0.0937556 0 0 144.43 -2.19807 -119.091 
0.0911659 0 0 144.739 -2.28765 -119.92 
0.0933863 0 0 145.227 -2.39654 -121.027 
0.0931268 0 0 145.901 -2.51001 -122.423 
0.100307 0 0 146.737 -2.59608 -124.118 
0.0985646 0 0 147.74 -2.57966 -126.086 
0.0836336 0 0 148.821 -2.32737 -128.228 
0.108744 0 0 149.858 -1.69942 -130.359 
0.365702 0 0 150.748 -0.682113 -132.264 
1.083 0 0 151.479 0.54215 -133.841 
2.32827 0 0 152.073 1.71765 -135.048 
3.90721 0 0 152.614 2.73744 -135.99 
5.47533 0 0 153.149 3.42861 -136.679 
6.56253 0 0 153.765 3.89673 -137.237 
7.15075 0 0 154.479 4.06219 -137.662 
6.88714 0 0 155.284 3.92503 -137.97 
6.0241 0 0 156.212 3.49465 -138.172 
4.67501 0 0 157.189 2.7509 -138.218 
2.163 0 0 158.754 0.902778 -138.129 
1.26199 0 0 159.646 -0.11096 -137.786 
0.603766 0 0 160.099 -1.18857 -136.945 
0.268082 0 0 159.909 -2.05989 -135.581 
0.127664 0 0 159.052 -2.57779 -133.747 
0.0872125 0 0 157.664 -2.76859 -131.639 
0.0693995 0 0 156.029 -2.75281 -129.505 
0.0654201 0 0 154.306 -2.64523 -127.454 
0.0687681 0 0 152.578 -2.50728 -125.53 
0.068558 0 0 150.96 -2.37284 -123.801 
0.0715795 0 0 149.47 -2.25588 -122.275 
0.0763586 0 0 148.143 -2.15937 -120.966 
0.0774686 0 0 146.984 -2.08393 -119.879 
0.0787414 0 0 145.998 -2.03096 -119.021 
0.0817697 0 0 145.177 -1.99611 -118.37 
0.0826553 0 0 144.577 -1.98232 -117.977 
0.0822928 0 0 144.13 -1.98657 -117.792 
0.074099 0 0 143.88 -2.01099 -117.855 
0.0847374 0 0 143.806 -2.05666 -118.169 
0.0860301 0 0 143.918 -2.12277 -118.725 
0.0909626 0 0 144.214 -2.21154 -119.538 
0.0952042 0 0 144.709 -2.32142 -120.636 
0.10231 0 0 145.362 -2.44222 -121.99 
0.108073 0 0 146.231 -2.55425 -123.656 
0.111767 0 0 147.243 -2.59943 -125.569 
0.0995743 0 0 148.381 -2.47963 -127.679 
0.0837593 0 0 149.547 -2.06061 -129.838 
0.179293 0 0 150.633 -1.2999 -131.834 
0.542167 0 0 151.575 -0.293826 -133.521 
1.26571 0 0 152.395 0.705433 -134.836 
2.25137 0 0 153.163 1.5917 -135.884 
3.20897 0 0 153.923 2.19809 -136.666 
3.89091 0 0 154.735 2.5424 -137.264 
4.10832 0 0 155.644 2.52932 -137.704 
3.85567 0 0 156.644 2.28435 -138.028 
3.08471 0 0 157.723 1.74115 -138.202 
2.15635 0 0 158.772 0.91022 -138.146 
0.824927 0 0 160.094 -0.803752 -137.68 
0.451899 0 0 160.643 -1.59231 -137.005 
0.235195 0 0 160.635 -2.24736 -135.852 
0.132431 0 0 159.958 -2.64296 -134.246 
0.0876111 0 0 158.767 -2.78548 -132.354 
0.0683889 0 0 157.259 -2.76028 -130.347 
0.0765503 0 0 155.523 -2.64899 -128.326 
0.0689675 0 0 153.786 -2.51002 -126.415 
0.068797 0 0 152.079 -2.37139 -124.639 
0.0690188 0 0 150.467 -2.24708 -123.025 
0.0762048 0 0 148.974 -2.14234 -121.593 
0.0742844 0 0 147.642 -2.05675 -120.354 
0.0777397 0 0 146.467 -1.99188 -119.326 
0.0785954 0 0 145.501 -1.94628 -118.524 
0.0798015 0 0 144.697 -1.91877 -117.927 
0.0840357 0 0 144.075 -1.90795 -117.547 
0.0879111 0 0 143.631 -1.91431 -117.397 
0.0782625 0 0 143.382 -1.93873 -117.462 
0.0784327 0 0 143.309 -1.9824 -117.775 
0.0817445 0 0 143.419 -2.04553 -118.322 
0.0911244 0 0 143.719 -2.13094 -119.125 
0.0940568 0 0 144.186 -2.23587 -120.162 
0.0987981 0 0 144.856 -2.35801 -121.476 
0.10401 0 0 145.713 -2.48283 -123.056 
0.115824 0 0 146.76 -2.57725 -124.894 
0.110457 0 0 147.949 -2.57355 -126.923 
0.0932771 0 0 149.216 -2.37713 -129.043 
0.0917222 0 0 150.489 -1.91144 -131.106 
0.197839 0 0 151.674 -1.2111 -132.912 
0.510043 0 0 152.767 -0.431437 -134.394 
0.993714 0 0 153.786 0.259756 -135.555 
1.50803 0 0 154.778 0.737113 -136.431 
1.8295 0 0 155.821 0.955464 -137.103 
1.91304 0 0 156.915 0.8717 -137.578 
1.72 0 0 158.032 0.53175 -137.858 
1.29249 0 0 159.147 -0.0451983 -137.93 
0.819047 0 0 160.094 -0.804203 -137.68 
0.294788 0 0 160.892 -1.99967 -136.751 
0.191474 0 0 161.044 -2.43359 -135.833 
0.126731 0 0 160.636 -2.70248 -134.512 
0.0957553 0 0 159.713 -2.79729 -132.885 
0.0791736 0 0 158.369 -2.76246 -131.07 
0.074412 0 0 156.784 -2.65534 -129.205 
0.0690461 0 0 155.076 -2.51899 -127.345 
0.0685143 0 0 153.321 -2.37973 -125.558 
0.0681839 0 0 151.61 -2.25224 -123.888 
0.0699694 0 0 149.998 -2.141 -122.376 
0.0718978 0 0 148.511 -2.04745 -121.011 
0.0711766 0 0 147.182 -1.97348 -119.844 
0.0771115 0 0 146.014 -1.91576 -118.863 
0.0838544 0 0 145.032 -1.87597 -118.094 
0.080121 0 0 144.237 -1.85191 -117.525 
0.0841594 0 0 143.624 -1.8437 -117.171 
0.0839057 0 0 143.172 -1.85009 -117.019 
0.0821372 0 0 142.923 -1.87258 -117.093 
0.088347 0 0 142.832 -1.91279 -117.382 
0.0879564 0 0 142.949 -1.97097 -117.91 
0.0879304 0 0 143.235 -2.04847 -118.665 
0.0884244 0 0 143.708 -2.14644 -119.656 
0.101003 0 0 144.374 -2.26331 -120.906 
0.102813 0 0 145.236 -2.39024 -122.382 
0.1039 0 0 146.268 -2.50877 -124.088 
0.118661 0 0 147.494 -2.58613 -126.013 
0.104399 0 0 148.847 -2.55645 -128.054 
0.0813857 0 0 150.274 -2.36312 -130.087 
0.0868233 0 0 151.681 -1.9831 -131.97 
0.163783 0 0 153.025 -1.49595 -133.582 
0.314313 0 0 154.323 -1.02982 -134.887 
0.522331 0 0 155.564 -0.709826 -135.878 
0.6548 0 0 156.812 -0.588931 -136.628 
0.686367 0 0 158.062 -0.699012 -137.116 
0.618061 0 0 159.21 -1.02858 -137.318 
0.446864 0 0 160.224 -1.49248 -137.233 
0.30324 0 0 160.88 -1.9984 -136.749 
0.13515 0 0 161.115 -2.59978 -135.488 
0.11547 0 0 160.997 -2.75405 -134.487 
0.0995897 0 0 160.38 -2.80127 -133.184 
0.0890749 0 0 159.317 -2.75958 -131.646 
0.0871795 0 0 157.942 -2.65984 -129.979 
0.0771729 0 0 156.346 -2.53126 -128.244 
0.0777737 0 0 154.635 -2.3988 -126.532 
0.0718337 0 0 152.875 -2.26941 -124.843 
0.0699035 0 0 151.189 -2.15453 -123.285 
0.0710818 0 0 149.578 -2.05543 -121.845 
0.0739847 0 0 148.101 -1.97224 -120.547 
0.0735284 0 0 146.771 -1.90543 -119.422 
0.0733911 0 0 145.606 -1.85438 -118.478 
0.0786868 0 0 144.621 -1.81863 -117.733 
0.0871525 0 0 143.807 -1.79666 -117.18 
0.0842391 0 0 143.19 -1.7883 -116.825 
0.0795267 0 0 142.751 -1.79386 -116.671 
0.0829749 0 0 142.496 -1.81464 -116.741 
0.0816112 0 0 142.42 -1.85002 -117.018 
0.0881742 0 0 142.516 -1.90204 -117.507 
0.0874228 0 0 142.812 -1.97129 -118.218 
0.0897119 0 0 143.275 -2.05868 -119.142 
0.0968929 0 0 143.924 -2.16408 -120.295 
0.0943587 0 0 144.801 -2.28557 -121.684 
0.10102 0 0 145.836 -2.41121 -123.264 
0.0961301 0 0 147.06 -2.52268 -125.026 
0.106497 0 0 148.435 -2.59055 -126.928 
0.0988223 0 0 149.939 -2.57364 -128.862 
0.077441 0 0 151.519 -2.45029 -130.741 
0.0674002 0 0 153.091 -2.24322 -132.406 
0.096083 0 0 154.633 -2.0059 -133.837 
0.143699 0 0 156.11 -1.8374 -134.94 
0.194685 0 0 157.494 -1.79691 -135.705 
0.213469 0 0 158.804 -1.89655 -136.189 
0.199241 0 0 159.901 -2.09613 -136.327 
0.167881 0 0 160.711 -2.36165 -136.102 
0.140668 0 0 161.104 -2.60249 -135.477 
0.0987854 0 0 160.975 -2.78363 -134.143 
0.0962173 0 0 160.732 -2.7932 -133.205 
0.097876 0 0 160.01 -2.74701 -131.989 
0.0948353 0 0 158.934 -2.65934 -130.603 
0.0941778 0 0 157.529 -2.54464 -129.066 
0.0791179 0 0 155.957 -2.42088 -127.481 
0.0812694 0 0 154.259 -2.29827 -125.881 
0.0701825 0 0 152.514 -2.18247 -124.302 
0.0731805 0 0 150.811 -2.07917 -122.808 
0.0705728 0 0 149.204 -1.98922 -121.427 
0.076083 0 0 147.711 -1.91431 -120.177 
0.0789869 0 0 146.398 -1.85374 -119.096 
0.0776076 0 0 145.23 -1.80656 -118.17 
0.0736145 0 0 144.239 -1.77226 -117.425 
0.0819396 0 0 143.441 -1.75206 -116.888 
0.0834936 0 0 142.818 -1.74416 -116.54 
0.086976 0 0 142.381 -1.74779 -116.38 
0.0878549 0 0 142.114 -1.76511 -116.422 
0.0828615 0 0 142.053 -1.79608 -116.679 
0.0869132 0 0 142.141 -1.84037 -117.114 
0.0845349 0 0 142.421 -1.90054 -117.768 
0.082075 0 0 142.893 -1.97666 -118.631 
0.0850325 0 0 143.545 -2.0699 -119.698 
0.0910029 0 0 144.387 -2.17811 -120.961 
0.0944022 0 0 145.416 -2.29677 -122.416 
0.0981671 0 0 146.648 -2.41766 -124.039 
0.0937291 0 0 148.05 -2.5247 -125.784 
0.0819798 0 0 149.597 -2.5969 -127.58 
0.0811298 0 0 151.237 -2.6184 -129.359 
0.0638395 0 0 152.94 -2.58607 -131.013 
0.0612741 0 0 154.622 -2.52608 -132.449 
0.0631657 0 0 156.225 -2.47668 -133.587 
0.0710866 0 0 157.733 -2.47405 -134.417 
0.0827992 0 0 159.047 -2.52849 -134.903 
0.0957016 0 0 160.063 -2.62374 -135.004 
0.0959869 0 0 160.749 -2.71941 -134.769 
0.101744 0 0 160.966 -2.78308 -134.144 
0.103411 0 0 160.649 -2.76786 -132.887 
0.100587 0 0 160.394 -2.7243 -132.086 
0.106109 0 0 159.67 -2.65019 -131.018 
0.103862 0 0 158.578 -2.55401 -129.753 
0.0992367 0 0 157.195 -2.44412 -128.352 
0.0892958 0 0 155.611 -2.33167 -126.885 
0.0749617 0 0 153.924 -2.22045 -125.378 
0.0789781 0 0 152.177 -2.11573 -123.876 
0.071594 0 0 150.508 -2.02367 -122.462 
0.0731135 0 0 148.878 -1.94112 -121.119 
0.0728764 0 0 147.415 -1.87216 -119.919 
0.0752714 0 0 146.078 -1.81549 -118.851 
0.0751217 0 0 144.906 -1.77076 -117.937 
0.0739156 0 0 143.931 -1.73853 -117.214 
0.0778858 0 0 143.127 -1.7181 -116.669 
0.0797696 0 0 142.5 -1.70875 -116.306 
0.0861845 0 0 142.056 -1.71116 -116.132 
0.0852899 0 0 141.795 -1.7241 -116.15 
0.0851929 0 0 141.714 -1.749 -116.353 
0.0902091 0 0 141.811 -1.7875 -116.76 
0.0874525 0 0 142.084 -1.8386 -117.352 
0.0906447 0 0 142.551 -1.90399 -118.141 
0.0827228 0 0 143.21 -1.98375 -119.121 
0.0816155 0 0 144.049 -2.0778 -120.28 
0.0832661 0 0 145.086 -2.18458 -121.622 
0.0881215 0 0 146.277 -2.29708 -123.082 
0.0834735 0 0 147.666 -2.41015 -124.675 
0.0779148 0 0 149.217 -2.51196 -126.336 
0.0645613 0 0 150.911 -2.59238 -127.999 
0.0659279 0 0 152.633 -2.64412 -129.564 
0.0546004 0 0 154.395 -2.67368 -130.972 
0.0512587 0 0 156.082 -2.68888 -132.125 
0.0483509 0 0 157.611 -2.70828 -132.964 
0.0551557 0 0 158.925 -2.73613 -133.47 
0.0717825 0 0 159.904 -2.76509 -133.622 
0.0835043 0 0 160.512 -2.78005 -133.434 
0.0978859 0 0 160.653 -2.7668 -132.886 
0.111603 0 0 160.322 -2.68413 -131.834 
0.111218 0 0 160.059 -2.62901 -131.16 
0.116194 0 0 159.328 -2.5538 -130.223 
0.10779 0 0 158.267 -2.4643 -129.097 
0.0966407 0 0 156.927 -2.36734 -127.838 
0.0880722 0 0 155.345 -2.26539 -126.455 
0.0809133 0 0 153.657 -2.16555 -125.034 
0.0724233 0 0 151.93 -2.07041 -123.6 
0.0680969 0 0 150.23 -1.98423 -122.217 
0.0714367 0 0 148.626 -1.9083 -120.926 
0.0721427 0 0 147.138 -1.84332 -119.744 
0.0736979 0 0 145.805 -1.78904 -118.693 
0.0790128 0 0 144.654 -1.74686 -117.806 
0.0791049 0 0 143.658 -1.71483 -117.068 
0.0834472 0 0 142.853 -1.69342 -116.513 
0.0846317 0 0 142.227 -1.68233 -116.131 
0.0851994 0 0 141.78 -1.68128 -115.929 
0.0844546 0 0 141.524 -1.69145 -115.922 
0.0894666 0 0 141.438 -1.7115 -116.092 
0.0897628 0 0 141.534 -1.74235 -116.434 
0.091729 0 0 141.807 -1.78534 -116.974 
0.0834639 0 0 142.273 -1.84039 -117.687 
0.0833727 0 0 142.927 -1.90835 -118.587 
0.0842453 0 0 143.756 -1.98811 -119.643 
0.079041 0 0 144.772 -2.07999 -120.863 
0.0807452 0 0 145.987 -2.18113 -122.227 
0.0706553 0 0 147.361 -2.28602 -123.677 
0.0718772 0 0 148.909 -2.39045 -125.218 
0.0679293 0 0 150.567 -2.48534 -126.752 
0.0586239 0 0 152.33 -2.566 -128.244 
0.0519988 0 0 154.095 -2.62867 -129.58 
0.0447973 0 0 155.807 -2.67445 -130.73 
0.0464142 0 0 157.357 -2.70636 -131.59 
0.0547378 0 0 158.649 -2.72519 -132.137 
0.0720229 0 0 159.632 -2.73146 -132.372 
0.0941506 0 0 160.186 -2.71841 -132.251 
0.097864 0 0 160.368 -2.68544 -131.865 
0.114318 0 0 160.054 -2.59372 -131.001 
0.124326 0 0 159.785 -2.54337 -130.443 
0.124141 0 0 159.083 -2.47624 -129.633 
0.10799 0 0 158.049 -2.39876 -128.643 
0.0994521 0 0 156.694 -2.3126 -127.473 
0.0871353 0 0 155.145 -2.22165 -126.188 
0.0826152 0 0 153.445 -2.12982 -124.82 
0.0724414 0 0 151.722 -2.0427 -123.449 
0.0704398 0 0 150.033 -1.96245 -122.117 
0.0741166 0 0 148.412 -1.89032 -120.842 
0.0700094 0 0 146.922 -1.82691 -119.668 
0.0715426 0 0 145.62 -1.77554 -118.648 
0.0746662 0 0 144.435 -1.7319 -117.734 
0.0789929 0 0 143.45 -1.70001 -116.999 
0.0811946 0 0 142.628 -1.67652 -116.417 
0.082024 0 0 142.002 -1.66362 -116.014 
0.0867983 0 0 141.572 -1.66078 -115.8 
0.0864747 0 0 141.305 -1.66641 -115.743 
0.0849465 0 0 141.217 -1.68102 -115.861 
0.0890119 0 0 141.308 -1.70631 -116.16 
0.0900497 0 0 141.582 -1.74143 -116.631 
0.088102 0 0 142.044 -1.78723 -117.277 
0.0914299 0 0 142.679 -1.84378 -118.092 
0.0824557 0 0 143.515 -1.91109 -119.063 
0.0842875 0 0 144.522 -1.98949 -120.184 
0.0710156 0 0 145.732 -2.0763 -121.436 
0.0718434 0 0 147.094 -2.17052 -122.792 
0.0664265 0 0 148.63 -2.26677 -124.218 
0.0551966 0 0 150.297 -2.3607 -125.662 
0.050525 0 0 152.052 -2.44682 -127.072 
0.0470525 0 0 153.807 -2.51918 -128.37 
0.0474116 0 0 155.517 -2.57713 -129.501 
0.0507232 0 0 157.075 -2.61688 -130.398 
0.0642249 0 0 158.358 -2.63857 -130.997 
0.0773443 0 0 159.346 -2.64321 -131.311 
0.0981763 0 0 159.908 -2.62695 -131.3 
0.116846 0 0 160.065 -2.59438 -131.011 
0.122943 0 0 159.842 -2.51781 -130.376 
0.12578 0 0 159.597 -2.47691 -129.933 
0.123678 0 0 158.921 -2.42173 -129.245 
0.118085 0 0 157.852 -2.3541 -128.334 
0.099968 0 0 156.529 -2.2787 -127.264 
0.0872765 0 0 154.956 -2.19561 -126.035 
0.0797464 0 0 153.294 -2.11296 -124.755 
0.0687028 0 0 151.559 -2.03127 -123.42 
0.0686305 0 0 149.87 -1.95517 -122.114 
0.0688448 0 0 148.27 -1.8846 -120.865 
0.0727209 0 0 146.777 -1.82324 -119.706 
0.0744833 0 0 145.439 -1.77058 -118.663 
0.0749927 0 0 144.272 -1.72741 -117.756 
0.0809303 0 0 143.274 -1.69385 -116.993 
0.0837682 0 0 142.457 -1.6689 -116.397 
0.0867177 0 0 141.836 -1.65349 -115.968 
0.0910445 0 0 141.392 -1.64638 -115.702 
0.0833425 0 0 141.126 -1.64795 -115.602 
0.0884617 0 0 141.033 -1.65815 -115.676 
0.0917526 0 0 141.137 -1.67781 -115.93 
0.0908845 0 0 141.411 -1.70562 -116.339 
0.0866138 0 0 141.866 -1.74297 -116.916 
0.088397 0 0 142.495 -1.79 -117.649 
0.0823077 0 0 143.325 -1.84759 -118.547 
0.0779677 0 0 144.347 -1.91428 -119.59 
0.0728513 0 0 145.514 -1.98816 -120.736 
0.0664193 0 0 146.898 -2.07182 -122.017 
0.0618025 0 0 148.428 -2.15866 -123.366 
0.055795 0 0 150.063 -2.24515 -124.723 
0.051508 0 0 151.805 -2.32907 -126.081 
0.0477028 0 0 153.559 -2.40423 -127.35 
0.0495396 0 0 155.252 -2.46596 -128.471 
0.0576803 0 0 156.805 -2.5115 -129.392 
0.0719285 0 0 158.127 -2.54049 -130.064 
0.0921095 0 0 159.084 -2.55025 -130.448 
0.107311 0 0 159.689 -2.54294 -130.564 
0.125904 0 0 159.851 -2.51756 -130.374 
0.134638 0 0 159.685 -2.46232 -129.935 
0.135747 0 0 159.444 -2.43283 -129.604 
0.130562 0 0 158.766 -2.38757 -129.004 
0.116003 0 0 157.748 -2.33127 -128.2 
0.0956335 0 0 156.437 -2.26536 -127.21 
0.0796481 0 0 154.882 -2.19187 -126.07 
0.0722256 0 0 153.203 -2.11401 -124.822 
0.0678868 0 0 151.458 -2.0357 -123.515 
0.0681169 0 0 149.762 -1.96128 -122.229 
0.0642845 0 0 148.152 -1.89196 -120.989 
0.0757293 0 0 146.654 -1.8303 -119.824 
0.0733826 0 0 145.321 -1.77719 -118.774 
0.0731379 0 0 144.164 -1.73217 -117.852 
0.0785861 0 0 143.154 -1.69564 -117.062 
0.0841473 0 0 142.351 -1.66879 -116.445 
0.0903004 0 0 141.718 -1.65019 -115.976 
0.0917393 0 0 141.265 -1.63912 -115.667 
0.0847748 0 0 141.01 -1.63677 -115.525 
0.0957959 0 0 140.914 -1.64229 -115.554 
0.0902 0 0 141.005 -1.65556 -115.735 
0.0910119 0 0 141.28 -1.67775 -116.096 
0.0868558 0 0 141.737 -1.70863 -116.607 
0.0837589 0 0 142.386 -1.74815 -117.288 
0.0824268 0 0 143.182 -1.79576 -118.097 
0.0750008 0 0 144.191 -1.85253 -119.06 
0.0718915 0 0 145.374 -1.91862 -120.157 
0.0696412 0 0 146.741 -1.99065 -121.359 
0.0643726 0 0 148.253 -2.0698 -122.642 
0.0595207 0 0 149.89 -2.14993 -123.954 
0.0536794 0 0 151.622 -2.22947 -125.262 
0.0531247 0 0 153.355 -2.30378 -126.508 
0.055713 0 0 155.05 -2.36835 -127.64 
0.0675915 0 0 156.6 -2.41998 -128.6 
0.0859047 0 0 157.917 -2.45565 -129.327 
0.105339 0 0 158.887 -2.47419 -129.799 
0.120592 0 0 159.508 -2.47659 -130.009 
0.123312 0 0 159.71 -2.46296 -129.948 
0.140144 0 0 159.593 -2.42827 -129.671 
0.137572 0 0 159.375 -2.41065 -129.446 
0.116219 0 0 158.721 -2.37683 -128.954 
0.110665 0 0 157.707 -2.33127 -128.241 
0.0947957 0 0 156.373 -2.27209 -127.313 
0.0763331 0 0 154.823 -2.20468 -126.219 
0.070434 0 0 153.155 -2.13258 -125.024 
0.0650242 0 0 151.418 -2.05748 -123.753 
0.0628582 0 0 149.718 -1.98327 -122.469 
0.0630706 0 0 148.092 -1.91313 -121.217 
0.0701934 0 0 146.619 -1.85017 -120.062 
0.0718183 0 0 145.256 -1.79379 -118.975 
0.0783354 0 0 144.092 -1.74646 -118.031 
0.0775695 0 0 143.097 -1.70655 -117.213 
0.0832582 0 0 142.289 -1.67626 -116.559 
0.0880933 0 0 141.657 -1.65369 -116.05 
0.0911202 0 0 141.199 -1.63869 -115.691 
0.0914381 0 0 140.936 -1.63247 -115.506 
0.0909489 0 0 140.84 -1.63262 -115.468 
0.0949885 0 0 140.926 -1.64109 -115.605 
0.0860669 0 0 141.209 -1.65768 -115.9 
0.0902879 0 0 141.661 -1.68289 -116.367 
0.0877032 0 0 142.296 -1.71494 -116.975 
0.080151 0 0 143.114 -1.75594 -117.734 
0.0798595 0 0 144.101 -1.80558 -118.634 
0.0716346 0 0 145.291 -1.86372 -119.671 
0.0699312 0 0 146.628 -1.92805 -120.804 
0.0648569 0 0 148.136 -1.99987 -122.044 
0.063232 0 0 149.759 -2.0748 -123.315 
0.0562501 0 0 151.497 -2.15211 -124.62 
0.0580692 0 0 153.232 -2.22492 -125.852 
0.0621057 0 0 154.929 -2.29275 -127.007 
0.076243 0 0 156.466 -2.34942 -128.003 
0.0914907 0 0 157.788 -2.39185 -128.793 
0.113977 0 0 158.783 -2.42036 -129.348 
0.12761 0 0 159.391 -2.43185 -129.634 
0.131853 0 0 159.61 -2.429 -129.683 
0.136457 0 0 159.559 -2.41766 -129.586 
0.139301 0 0 159.327 -2.40995 -129.45 
0.122094 0 0 158.708 -2.38736 -129.062 
0.0977621 0 0 157.728 -2.35044 -128.434 
0.0839124 0 0 156.389 -2.29943 -127.567 
0.0721109 0 0 154.837 -2.23836 -126.528 
0.0641043 0 0 153.18 -2.16929 -125.369 
0.062652 0 0 151.434 -2.0955 -124.114 
0.0655082 0 0 149.717 -2.02063 -122.832 
0.0640995 0 0 148.091 -1.9485 -121.573 
0.0628992 0 0 146.604 -1.8822 -120.378 
0.0716768 0 0 145.25 -1.82197 -119.273 
0.0775654 0 0 144.073 -1.77071 -118.293 
0.0774289 0 0 143.087 -1.72681 -117.439 
0.0844975 0 0 142.265 -1.69167 -116.731 
0.0853268 0 0 141.635 -1.66434 -116.173 
0.0879577 0 0 141.181 -1.64506 -115.77 
0.0930429 0 0 140.909 -1.63412 -115.532 
0.092134 0 0 140.809 -1.62935 -115.439 
0.0935036 0 0 140.903 -1.63358 -115.525 
0.0909077 0 0 141.182 -1.64511 -115.769 
0.0908925 0 0 141.622 -1.66392 -116.167 
0.0857571 0 0 142.271 -1.69159 -116.734 
0.0806481 0 0 143.089 -1.72682 -117.443 
0.0763501 0 0 144.077 -1.77033 -118.292 
0.0742117 0 0 145.247 -1.82172 -119.27 
0.0665541 0 0 146.603 -1.88203 -120.385 
0.0664608 0 0 148.087 -1.94833 -121.574 
0.062375 0 0 149.72 -2.02001 -122.827 
0.0598761 0 0 151.425 -2.0946 -124.106 
0.0641352 0 0 153.164 -2.1688 -125.356 
0.0741677 0 0 154.849 -2.23897 -126.541 
0.0877726 0 0 156.384 -2.30044 -127.575 
0.102101 0 0 157.706 -2.35108 -128.433 
0.124438 0 0 158.706 -2.38713 -129.059 
0.134035 0 0 159.348 -2.41015 -129.455 
0.138195 0 0 159.567 -2.41811 -129.593 
