21.2182 0 0 48.6066 9.69987 -97.2452 
20.453 0 0 48.7392 9.59347 -97.1466 
18.4745 0 0 49.1343 9.11147 -96.7692 
15.3495 0 0 49.7983 8.36747 -96.1744 
11.6029 0 0 50.7079 7.14838 -95.2493 
7.65312 0 0 51.8744 5.56298 -94.0555 
4.32382 0 0 53.2057 3.58543 -92.5102 
1.98548 0 0 54.5068 1.48047 -90.6102 
0.752425 0 0 55.4606 -0.414517 -88.2838 
0.29125 0 0 55.7948 -1.71879 -85.5674 
0.150576 0 0 55.5593 -2.34921 -82.7675 
0.122 0 0 54.9685 -2.5332 -80.1363 
0.140612 0 0 54.2864 -2.50833 -77.8709 
0.15644 0 0 53.6591 -2.41509 -76.0219 
0.16081 0 0 53.1568 -2.31324 -74.5726 
0.182678 0 0 52.7515 -2.22896 -73.493 
0.186103 0 0 52.4775 -2.1672 -72.7447 
0.201671 0 0 52.2924 -2.12915 -72.29 
0.203255 0 0 52.2325 -2.1172 -72.1439 
0.201527 0 0 52.2854 -2.12848 -72.2919 
0.196167 0 0 52.4624 -2.16645 -72.7319 
0.174419 0 0 52.74 -2.22835 -73.4834 
0.159138 0 0 53.1621 -2.31297 -74.5772 
0.148771 0 0 53.6787 -2.41483 -76.0263 
0.134185 0 0 54.2904 -2.50783 -77.8608 
0.128062 0 0 54.9658 -2.53365 -80.1189 
0.1559 0 0 55.5401 -2.35091 -82.75 
0.296838 0 0 55.7988 -1.71718 -85.5771 
0.750388 0 0 55.4726 -0.405689 -88.2916 
1.98336 0 0 54.519 1.4844 -90.622 
4.29842 0 0 53.2088 3.61674 -92.5356 
7.70351 0 0 51.8576 5.52926 -94.021 
11.5371 0 0 50.7165 7.16963 -95.264 
15.3382 0 0 49.7943 8.35879 -96.1713 
18.4156 0 0 49.1311 9.16753 -96.7973 
20.4897 0 0 48.7388 9.57398 -97.1385 
21.1469 0 0 48.61 9.76963 -97.2799 
20.5365 0 0 48.7168 9.62008 -97.1888 
19.202 0 0 49.0265 9.27709 -96.8678 
16.6522 0 0 49.5876 8.64807 -96.3242 
13.1956 0 0 50.4521 7.65162 -95.5245 
9.32388 0 0 51.5763 6.25159 -94.4529 
5.65399 0 0 52.8973 4.45709 -93.0836 
2.85688 0 0 54.2574 2.33934 -91.3392 
1.17683 0 0 55.3943 0.254186 -89.1581 
0.440535 0 0 55.9959 -1.33037 -86.6006 
0.21167 0 0 55.9037 -2.22026 -83.787 
0.144572 0 0 55.3686 -2.54104 -81.074 
0.131194 0 0 54.6698 -2.56772 -78.6588 
0.144865 0 0 53.9981 -2.48233 -76.6782 
0.165119 0 0 53.3715 -2.37299 -75.0688 
0.179553 0 0 52.8556 -2.27369 -73.8362 
0.183245 0 0 52.4879 -2.19483 -72.9438 
0.19068 0 0 52.228 -2.14292 -72.3736 
0.194519 0 0 52.0747 -2.11497 -72.0982 
0.191098 0 0 52.0444 -2.11266 -72.1142 
0.180393 0 0 52.1153 -2.13331 -72.4097 
0.168914 0 0 52.3256 -2.18015 -73.0281 
0.153706 0 0 52.642 -2.25135 -73.9636 
0.136721 0 0 53.0551 -2.34143 -75.2455 
0.125612 0 0 53.5862 -2.43884 -76.9021 
0.101376 0 0 54.2373 -2.50395 -79.0164 
0.113025 0 0 54.8358 -2.44309 -81.4903 
0.177426 0 0 55.2642 -2.06227 -84.2952 
0.405068 0 0 55.2335 -1.10547 -87.1324 
1.14285 0 0 54.5413 0.492903 -89.6459 
2.84173 0 0 53.4084 2.50316 -91.7643 
5.57043 0 0 52.1421 4.5701 -93.495 
9.15576 0 0 50.9675 6.32487 -94.8351 
12.9697 0 0 49.9725 7.71471 -95.8515 
16.4273 0 0 49.2837 8.70149 -96.5883 
19.0773 0 0 48.8177 9.2963 -97.0313 
20.5002 0 0 48.6346 9.58552 -97.2193 
20.4924 0 0 48.695 9.63175 -97.1834 
18.5985 0 0 48.9404 9.19529 -96.8948 
16.7205 0 0 49.4331 8.70875 -96.414 
13.8153 0 0 50.2403 7.90513 -95.7233 
10.257 0 0 51.2729 6.67709 -94.7363 
6.62892 0 0 52.5332 5.02401 -93.4761 
3.5695 0 0 53.929 2.98987 -91.8688 
1.56115 0 0 55.1621 0.854653 -89.86 
0.582522 0 0 55.9094 -0.962448 -87.3949 
0.256866 0 0 55.9558 -2.07151 -84.6395 
0.155569 0 0 55.4598 -2.53957 -81.8343 
0.142841 0 0 54.7261 -2.62231 -79.3046 
0.139358 0 0 53.9675 -2.54664 -77.1725 
0.160842 0 0 53.2517 -2.42788 -75.4208 
0.163512 0 0 52.6648 -2.31363 -74.0566 
0.172441 0 0 52.1955 -2.21908 -73.0305 
0.172648 0 0 51.8617 -2.15172 -72.343 
0.184417 0 0 51.5808 -2.10711 -71.9065 
0.16434 0 0 51.4872 -2.08947 -71.8049 
0.167901 0 0 51.4359 -2.09587 -71.9482 
0.15531 0 0 51.5402 -2.12717 -72.4218 
0.13762 0 0 51.7662 -2.18102 -73.1959 
0.121329 0 0 52.0927 -2.25977 -74.298 
0.0988419 0 0 52.554 -2.3549 -75.7832 
0.0799219 0 0 53.1088 -2.44694 -77.67 
0.0750539 0 0 53.7252 -2.47685 -79.9849 
0.0887638 0 0 54.3144 -2.31311 -82.7052 
0.173739 0 0 54.5733 -1.73084 -85.603 
0.500712 0 0 54.304 -0.522983 -88.3771 
1.45093 0 0 53.4753 1.26298 -90.7705 
3.41727 0 0 52.3688 3.29022 -92.7215 
6.33642 0 0 51.1872 5.17042 -94.2407 
9.89909 0 0 50.2135 6.79295 -95.441 
13.4648 0 0 49.4408 7.93794 -96.2629 
16.372 0 0 48.9254 8.77376 -96.8317 
18.4138 0 0 48.6873 9.23429 -97.1143 
19.1716 0 0 48.6719 9.36264 -97.1198 
18.6332 0 0 48.9487 9.20185 -96.9035 
15.6265 0 0 49.3423 8.49989 -96.4227 
13.4397 0 0 50.0392 7.82922 -95.782 
10.3926 0 0 50.9989 6.78997 -94.8959 
7.05738 0 0 52.1728 5.25904 -93.6916 
4.04758 0 0 53.5058 3.39995 -92.2283 
1.83489 0 0 54.7606 1.31104 -90.3759 
0.693038 0 0 55.6132 -0.624404 -88.0398 
0.277655 0 0 55.7509 -1.93601 -85.3109 
0.151342 0 0 55.2799 -2.5369 -82.45 
0.132095 0 0 54.5308 -2.67546 -79.842 
0.135416 0 0 53.7014 -2.61134 -77.5622 
0.127733 0 0 52.9134 -2.48448 -75.6999 
0.138372 0 0 52.2368 -2.35401 -74.2023 
0.156052 0 0 51.6433 -2.24306 -73.0351 
0.144708 0 0 51.1991 -2.15716 -72.1954 
0.150392 0 0 50.8701 -2.09892 -71.6636 
0.153296 0 0 50.6215 -2.0639 -71.3821 
0.139446 0 0 50.5058 -2.05433 -71.4122 
0.130069 0 0 50.5272 -2.06935 -71.7216 
0.121148 0 0 50.6338 -2.10764 -72.3231 
0.101395 0 0 50.8766 -2.17116 -73.246 
0.0894074 0 0 51.1984 -2.25591 -74.4966 
0.0686151 0 0 51.6563 -2.35394 -76.1393 
0.0575002 0 0 52.2661 -2.43956 -78.2432 
0.0558857 0 0 52.8836 -2.43697 -80.758 
0.0726436 0 0 53.4001 -2.18744 -83.6203 
0.146242 0 0 53.5788 -1.44557 -86.6016 
0.532195 0 0 53.2093 -0.0749573 -89.338 
1.59538 0 0 52.3648 1.75361 -91.5883 
3.60321 0 0 51.3719 3.69273 -93.3914 
6.44204 0 0 50.4032 5.43222 -94.7729 
9.75683 0 0 49.6074 6.82748 -95.7856 
12.7857 0 0 49.0623 7.91425 -96.5084 
15.199 0 0 48.7325 8.53163 -96.8595 
16.5375 0 0 48.6807 8.89062 -96.9926 
16.7522 0 0 48.8922 8.84487 -96.8271 
15.6452 0 0 49.3327 8.54078 -96.441 
12.0118 0 0 49.8451 7.47764 -95.7357 
9.66774 0 0 50.7371 6.60903 -94.9426 
6.86518 0 0 51.833 5.30903 -93.856 
4.10385 0 0 53.0638 3.57233 -92.4599 
1.95553 0 0 54.299 1.56951 -90.7081 
0.765713 0 0 55.1293 -0.383205 -88.4832 
0.280755 0 0 55.3641 -1.81592 -85.8354 
0.155969 0 0 54.9339 -2.53375 -82.9816 
0.114209 0 0 54.1512 -2.72941 -80.2939 
0.110451 0 0 53.242 -2.6778 -77.9029 
0.124337 0 0 52.3624 -2.54218 -75.8933 
0.116788 0 0 51.59 -2.39606 -74.2656 
0.115311 0 0 50.9139 -2.26715 -72.9821 
0.123299 0 0 50.3629 -2.16417 -72.0084 
0.123068 0 0 49.8994 -2.0876 -71.3139 
0.12358 0 0 49.5997 -2.03813 -70.9256 
0.113261 0 0 49.3808 -2.01249 -70.7949 
0.117104 0 0 49.2764 -2.00951 -70.9337 
0.0992048 0 0 49.2665 -2.03127 -71.3447 
0.0874819 0 0 49.3768 -2.0765 -72.0671 
0.0742715 0 0 49.6158 -2.14594 -73.1062 
0.060135 0 0 50.0079 -2.23706 -74.5082 
0.046488 0 0 50.4557 -2.33968 -76.2788 
0.0477106 0 0 51.0592 -2.42353 -78.5311 
0.0568881 0 0 51.6924 -2.40454 -81.2131 
0.0693092 0 0 52.2047 -2.10036 -84.2244 
0.12575 0 0 52.3773 -1.28963 -87.2325 
0.458167 0 0 52.0438 0.129831 -89.9475 
1.48083 0 0 51.3449 1.9365 -92.1401 
3.34885 0 0 50.5166 3.80584 -93.8575 
5.92234 0 0 49.7538 5.41787 -95.108 
8.67155 0 0 49.1558 6.65003 -95.9523 
11.2301 0 0 48.8033 7.48199 -96.4491 
13.0143 0 0 48.7127 8.02629 -96.7006 
13.7894 0 0 48.8509 8.20898 -96.6514 
13.416 0 0 49.2317 8.02515 -96.317 
11.999 0 0 49.8514 7.46659 -95.732 
8.13863 0 0 50.4494 6.10281 -94.8184 
6.03581 0 0 51.4552 5.00201 -93.83 
3.78294 0 0 52.5842 3.47193 -92.532 
1.90709 0 0 53.7264 1.63037 -90.8848 
0.745232 0 0 54.5698 -0.247645 -88.7795 
0.283915 0 0 54.8026 -1.71983 -86.2246 
0.141882 0 0 54.4091 -2.53063 -83.388 
0.108144 0 0 53.6113 -2.78242 -80.6357 
0.095758 0 0 52.6593 -2.74566 -78.1727 
0.0925627 0 0 51.7154 -2.60456 -76.0614 
0.0946486 0 0 50.8442 -2.44282 -74.3147 
0.0925837 0 0 50.0687 -2.29501 -72.8989 
0.101159 0 0 49.4219 -2.17513 -71.8082 
0.103784 0 0 48.8513 -2.08113 -70.9722 
0.0964573 0 0 48.434 -2.01441 -70.431 
0.101071 0 0 48.0851 -1.97285 -70.1439 
0.0925777 0 0 47.8942 -1.95287 -70.1233 
0.0892908 0 0 47.7774 -1.95648 -70.3472 
0.0768085 0 0 47.7746 -1.98291 -70.861 
0.071057 0 0 47.8914 -2.03238 -71.6603 
0.0602588 0 0 48.1542 -2.10697 -72.7995 
0.0532731 0 0 48.5247 -2.20422 -74.3039 
0.0417539 0 0 48.994 -2.31246 -76.1727 
0.0563991 0 0 49.5872 -2.40227 -78.4998 
0.0687795 0 0 50.2264 -2.38957 -81.2574 
0.0701817 0 0 50.8081 -2.0979 -84.3664 
0.0927567 0 0 51.0392 -1.30733 -87.4419 
0.327704 0 0 50.8723 0.0632156 -90.1685 
1.12513 0 0 50.3479 1.76 -92.3202 
2.64512 0 0 49.758 3.48223 -93.9626 
4.75011 0 0 49.228 4.96819 -95.1122 
6.93647 0 0 48.8709 6.07923 -95.8411 
8.86232 0 0 48.7217 6.85139 -96.2387 
10.08 0 0 48.7943 7.17879 -96.2761 
10.3717 0 0 49.1263 7.22515 -96.08 
9.71375 0 0 49.6856 6.84468 -95.5782 
8.15108 0 0 50.4598 6.12737 -94.8389 
4.69862 0 0 51.0887 4.41239 -93.6588 
3.08218 0 0 52.072 3.07461 -92.4142 
1.65268 0 0 53.1032 1.46584 -90.8693 
0.67199 0 0 53.9127 -0.24668 -88.9014 
0.251822 0 0 54.1808 -1.67353 -86.4758 
0.129717 0 0 53.795 -2.53 -83.6846 
0.103524 0 0 53.0111 -2.83001 -80.9453 
0.100096 0 0 52.0253 -2.81473 -78.4298 
0.0863425 0 0 51.027 -2.67077 -76.2339 
0.0845872 0 0 50.0514 -2.49661 -74.378 
0.0936504 0 0 49.1861 -2.3325 -72.8407 
0.0917486 0 0 48.4049 -2.19126 -71.5901 
0.0937888 0 0 47.7602 -2.08162 -70.6404 
0.0791639 0 0 47.2356 -1.99817 -69.9641 
0.0861413 0 0 46.8047 -1.93898 -69.5249 
0.082544 0 0 46.4565 -1.90321 -69.3211 
0.0716281 0 0 46.2709 -1.88937 -69.3868 
0.0734503 0 0 46.1594 -1.8967 -69.6855 
0.0627527 0 0 46.1577 -1.92665 -70.2634 
0.053042 0 0 46.2723 -1.97929 -71.1301 
0.0572589 0 0 46.5149 -2.05629 -72.3132 
0.0580271 0 0 46.8733 -2.15625 -73.8552 
0.0639777 0 0 47.3406 -2.26964 -75.7747 
0.0761942 0 0 47.9357 -2.3729 -78.1252 
0.112464 0 0 48.5919 -2.39026 -80.8973 
0.108771 0 0 49.2472 -2.16824 -84.0172 
0.0954138 0 0 49.6351 -1.49092 -87.1596 
0.17922 0 0 49.6834 -0.273186 -89.937 
0.66985 0 0 49.4378 1.28874 -92.1335 
1.73883 0 0 49.1063 2.86035 -93.7469 
3.24108 0 0 48.7965 4.17997 -94.7969 
4.85646 0 0 48.6615 5.16105 -95.4253 
6.14628 0 0 48.7079 5.76525 -95.6738 
6.89753 0 0 48.9829 6.00474 -95.5994 
6.898 0 0 49.4629 5.82656 -95.202 
6.08297 0 0 50.1743 5.31965 -94.5655 
4.66566 0 0 51.0639 4.39372 -93.6351 
2.15636 0 0 51.5137 2.39077 -92.0759 
1.21119 0 0 52.4268 1.05385 -90.6266 
0.544853 0 0 53.1431 -0.409435 -88.793 
0.214229 0 0 53.4288 -1.70184 -86.5074 
0.123032 0 0 53.1314 -2.53255 -83.8925 
0.100109 0 0 52.3786 -2.86767 -81.1951 
0.0886262 0 0 51.3834 -2.87872 -78.6545 
0.095281 0 0 50.351 -2.74071 -76.419 
0.0828128 0 0 49.3241 -2.55836 -74.4689 
0.0869373 0 0 48.3503 -2.37986 -72.832 
0.0743551 0 0 47.5072 -2.22403 -71.4932 
0.0804206 0 0 46.7329 -2.09509 -70.4036 
0.0696517 0 0 46.0745 -1.9932 -69.5657 
0.075268 0 0 45.5602 -1.91792 -68.9841 
0.0770237 0 0 45.0897 -1.86528 -68.6061 
0.0670937 0 0 44.79 -1.83414 -68.4941 
0.0634495 0 0 44.5714 -1.8246 -68.61 
0.060507 0 0 44.4547 -1.83383 -68.9574 
0.0549339 0 0 44.4765 -1.86565 -69.5948 
0.0679223 0 0 44.5509 -1.91784 -70.4603 
0.0610142 0 0 44.7918 -1.99441 -71.6657 
0.070161 0 0 45.1235 -2.09468 -73.1859 
0.0761282 0 0 45.6021 -2.21307 -75.0906 
0.117744 0 0 46.1798 -2.32939 -77.3928 
0.142559 0 0 46.8375 -2.39024 -80.0907 
0.163525 0 0 47.5524 -2.27482 -83.1436 
0.141728 0 0 48.1366 -1.79396 -86.2962 
0.106784 0 0 48.4774 -0.832965 -89.1479 
0.292277 0 0 48.5101 0.487828 -91.4155 
0.864912 0 0 48.4517 1.86352 -93.0412 
1.79573 0 0 48.4464 3.07098 -94.1115 
2.82585 0 0 48.531 3.92599 -94.6708 
3.59007 0 0 48.7802 4.41678 -94.8251 
4.00324 0 0 49.2144 4.47291 -94.5862 
3.78125 0 0 49.8282 4.14727 -94.0391 
3.15291 0 0 50.6069 3.42524 -93.1823 
2.1657 0 0 51.5187 2.3755 -92.0617 
0.745118 0 0 51.6688 0.441252 -90.1477 
0.384578 0 0 52.3032 -0.718487 -88.4591 
0.168278 0 0 52.5901 -1.80652 -86.3434 
0.109264 0 0 52.3862 -2.54946 -83.9397 
0.113726 0 0 51.744 -2.89552 -81.3797 
0.0908201 0 0 50.7983 -2.93469 -78.8943 
0.0892133 0 0 49.752 -2.81195 -76.6493 
0.0785519 0 0 48.6717 -2.62925 -74.6371 
0.075584 0 0 47.6503 -2.43967 -72.9242 
0.0752138 0 0 46.6723 -2.26865 -71.4584 
0.0797447 0 0 45.8368 -2.12295 -70.2647 
0.0737842 0 0 45.0589 -2.00393 -69.2871 
0.0675841 0 0 44.4138 -1.91225 -68.5644 
0.0675505 0 0 43.888 -1.84307 -68.0489 
0.074681 0 0 43.4501 -1.79585 -67.7473 
0.0632108 0 0 43.1148 -1.76823 -67.6741 
0.0564905 0 0 42.8859 -1.75978 -67.8188 
0.063944 0 0 42.7778 -1.77083 -68.1986 
0.0573062 0 0 42.7583 -1.8007 -68.8176 
0.0635019 0 0 42.8683 -1.85334 -69.719 
0.0699409 0 0 43.0897 -1.92785 -70.899 
0.0752456 0 0 43.4184 -2.02467 -72.3779 
0.0899277 0 0 43.8614 -2.14346 -74.205 
0.140473 0 0 44.3979 -2.26903 -76.3699 
0.194541 0 0 45.092 -2.37005 -78.9452 
0.217536 0 0 45.8249 -2.36464 -81.7998 
0.229726 0 0 46.5446 -2.11181 -84.83 
0.157701 0 0 47.1423 -1.47526 -87.7151 
0.133734 0 0 47.5325 -0.481224 -90.0885 
0.307416 0 0 47.8037 0.655195 -91.8415 
0.711819 0 0 48.0517 1.66877 -92.927 
1.21606 0 0 48.3482 2.36146 -93.4369 
1.65526 0 0 48.77 2.68417 -93.4811 
1.79799 0 0 49.3589 2.64484 -93.1579 
1.62472 0 0 50.069 2.2561 -92.5032 
1.22967 0 0 50.8709 1.47989 -91.4916 
0.763822 0 0 51.6581 0.449124 -90.158 
0.208382 0 0 51.3751 -1.1631 -87.8569 
0.126771 0 0 51.6884 -1.9827 -85.9726 
0.108144 0 0 51.5886 -2.59459 -83.7977 
0.101108 0 0 51.0715 -2.91648 -81.4391 
0.100398 0 0 50.2402 -2.97873 -79.088 
0.0956615 0 0 49.2551 -2.87855 -76.9002 
0.0924695 0 0 48.16 -2.70641 -74.8895 
0.0871609 0 0 47.0634 -2.51236 -73.0982 
0.0821131 0 0 46.0324 -2.33026 -71.5636 
0.0791671 0 0 45.0844 -2.17014 -70.2653 
0.0752758 0 0 44.2472 -2.03484 -69.1902 
0.0787388 0 0 43.4782 -1.92424 -68.3036 
0.0736125 0 0 42.836 -1.83935 -67.6452 
0.0702515 0 0 42.2767 -1.77558 -67.1824 
0.0725314 0 0 41.8488 -1.73128 -66.9266 
0.061886 0 0 41.5083 -1.70692 -66.8818 
0.0700426 0 0 41.2917 -1.69914 -67.0414 
0.0708226 0 0 41.1805 -1.70967 -67.4409 
0.0668198 0 0 41.1438 -1.7385 -68.0459 
0.0671019 0 0 41.2487 -1.78738 -68.9154 
0.0785966 0 0 41.4171 -1.85707 -70.0172 
0.0935884 0 0 41.7377 -1.94914 -71.4316 
0.110783 0 0 42.1698 -2.06365 -73.129 
0.143315 0 0 42.7023 -2.19447 -75.1394 
0.20432 0 0 43.3544 -2.32056 -77.4732 
0.255327 0 0 44.1184 -2.39917 -80.1096 
0.282722 0 0 44.9302 -2.33752 -82.9213 
0.278353 0 0 45.753 -2.02406 -85.7253 
0.185126 0 0 46.43 -1.4261 -88.1194 
0.143846 0 0 47.0182 -0.626566 -89.9757 
0.199444 0 0 47.5304 0.130318 -91.1381 
0.345766 0 0 48.0721 0.659348 -91.6806 
0.505008 0 0 48.6651 0.905865 -91.7282 
0.560234 0 0 49.3315 0.790537 -91.3129 
0.501099 0 0 50.0771 0.35669 -90.5199 
0.346201 0 0 50.8166 -0.321374 -89.3888 
0.202307 0 0 51.3925 -1.16582 -87.8493 
0.105869 0 0 50.6871 -2.23416 -85.3089 
0.119056 0 0 50.7033 -2.67588 -83.4215 
0.121824 0 0 50.381 -2.93523 -81.3644 
0.120951 0 0 49.7118 -3.00692 -79.2199 
0.117476 0 0 48.8047 -2.93644 -77.1346 
0.109572 0 0 47.768 -2.78211 -75.1813 
0.0956782 0 0 46.6865 -2.59551 -73.4052 
0.0920651 0 0 45.5967 -2.40823 -71.8169 
0.0860325 0 0 44.5682 -2.23563 -70.4247 
0.0865134 0 0 43.6243 -2.08578 -69.2469 
0.0780708 0 0 42.7676 -1.95975 -68.251 
0.0753757 0 0 42.01 -1.85779 -67.4527 
0.0716297 0 0 41.3685 -1.77729 -66.8519 
0.07561 0 0 40.8052 -1.71756 -66.4196 
0.0774106 0 0 40.3695 -1.67629 -66.1899 
0.0671812 0 0 40.0418 -1.65193 -66.1609 
0.0732963 0 0 39.8101 -1.6441 -66.3207 
0.0793809 0 0 39.6585 -1.65286 -66.6766 
0.0776583 0 0 39.6516 -1.67901 -67.2734 
0.0798298 0 0 39.7253 -1.72387 -68.0815 
0.0945952 0 0 39.9042 -1.78791 -69.116 
0.105369 0 0 40.1949 -1.87367 -70.4126 
0.125682 0 0 40.6033 -1.9812 -71.9675 
0.14123 0 0 41.1269 -2.10827 -73.7898 
0.194207 0 0 41.7622 -2.24505 -75.8824 
0.25978 0 0 42.5162 -2.36945 -78.2128 
0.318963 0 0 43.3746 -2.43409 -80.7375 
0.339345 0 0 44.2924 -2.36959 -83.2753 
0.307564 0 0 45.1766 -2.12178 -85.5837 
0.245798 0 0 46.0236 -1.70051 -87.4742 
0.16131 0 0 46.8012 -1.24494 -88.722 
0.132576 0 0 47.5626 -0.884048 -89.3738 
0.149676 0 0 48.3151 -0.736297 -89.4561 
0.147337 0 0 49.034 -0.871761 -88.9814 
0.135647 0 0 49.7557 -1.20579 -88.1442 
0.10864 0 0 50.3408 -1.70192 -86.9055 
0.114003 0 0 50.6812 -2.233 -85.3123 
0.13603 0 0 49.7196 -2.78516 -82.7566 
0.132832 0 0 49.6086 -2.96039 -81.0477 
0.135494 0 0 49.1344 -3.02487 -79.1847 
0.134627 0 0 48.399 -2.97604 -77.3077 
0.114698 0 0 47.4849 -2.85003 -75.4895 
0.103182 0 0 46.4524 -2.68191 -73.7755 
0.100881 0 0 45.3433 -2.49866 -72.1867 
0.088398 0 0 44.2739 -2.32085 -70.7675 
0.0927091 0 0 43.2629 -2.15922 -69.5128 
0.0733074 0 0 42.3067 -2.01784 -68.4167 
0.080444 0 0 41.4429 -1.89942 -67.4963 
0.0761266 0 0 40.668 -1.80243 -66.7336 
0.0800869 0 0 40.0255 -1.72614 -66.1697 
0.0840852 0 0 39.469 -1.66902 -65.7679 
0.0770388 0 0 39.0355 -1.62904 -65.5473 
0.0732617 0 0 38.7038 -1.60459 -65.5124 
0.0822148 0 0 38.4745 -1.59664 -65.667 
0.0840272 0 0 38.3212 -1.60307 -65.9899 
0.0828738 0 0 38.2965 -1.62578 -66.5293 
0.0862023 0 0 38.3578 -1.66545 -67.2549 
0.0892467 0 0 38.5503 -1.72294 -68.2181 
0.113335 0 0 38.8034 -1.79985 -69.375 
0.122647 0 0 39.1936 -1.89791 -70.7677 
0.147413 0 0 39.716 -2.01782 -72.4033 
0.198998 0 0 40.3419 -2.15308 -74.2529 
0.252498 0 0 41.0759 -2.29659 -76.2853 
0.301475 0 0 41.9208 -2.42253 -78.445 
0.370499 0 0 42.8561 -2.49906 -80.6618 
0.402763 0 0 43.873 -2.4849 -82.7592 
0.377887 0 0 44.8721 -2.36503 -84.544 
0.332515 0 0 45.8627 -2.1745 -85.8633 
0.259437 0 0 46.7766 -2.01127 -86.5637 
0.195897 0 0 47.6714 -1.94541 -86.7306 
0.155053 0 0 48.437 -2.03067 -86.3365 
0.142618 0 0 49.0782 -2.24488 -85.4852 
0.148006 0 0 49.5442 -2.51687 -84.2937 
0.136963 0 0 49.7262 -2.78396 -82.7648 
0.157979 0 0 48.6952 -2.99122 -80.4471 
0.14112 0 0 48.4827 -3.03063 -78.94 
0.132944 0 0 47.9855 -2.99885 -77.3602 
0.129117 0 0 47.2413 -2.90271 -75.7547 
0.127177 0 0 46.3301 -2.76152 -74.1844 
0.12029 0 0 45.2891 -2.59508 -72.6727 
0.094169 0 0 44.209 -2.42125 -71.2562 
0.0960881 0 0 43.1294 -2.25349 -69.9644 
0.0929166 0 0 42.1032 -2.10048 -68.802 
0.0866719 0 0 41.1512 -1.96606 -67.7775 
0.0940368 0 0 40.2768 -1.85313 -66.9087 
0.0867939 0 0 39.5166 -1.76003 -66.1886 
0.0775458 0 0 38.8711 -1.68608 -65.6457 
0.0774364 0 0 38.3198 -1.6295 -65.2495 
0.0831853 0 0 37.8694 -1.58976 -65.0198 
0.0872777 0 0 37.5305 -1.56569 -64.9641 
0.0865031 0 0 37.2885 -1.55581 -65.0808 
0.0809398 0 0 37.1403 -1.56008 -65.3671 
0.0814144 0 0 37.1268 -1.57843 -65.8418 
0.106953 0 0 37.1616 -1.61252 -66.491 
0.104277 0 0 37.3539 -1.66449 -67.3524 
0.116035 0 0 37.6109 -1.73307 -68.3909 
0.136559 0 0 37.9842 -1.82076 -69.6142 
0.155266 0 0 38.4767 -1.92822 -71.0374 
0.189045 0 0 39.0729 -2.05674 -72.6319 
0.217117 0 0 39.808 -2.19941 -74.3824 
0.287893 0 0 40.6285 -2.34679 -76.2367 
0.32761 0 0 41.5947 -2.48309 -78.139 
0.386335 0 0 42.6253 -2.58402 -79.9604 
0.417931 0 0 43.7043 -2.63387 -81.5683 
0.386298 0 0 44.781 -2.63363 -82.8005 
0.345643 0 0 45.8153 -2.61469 -83.5494 
0.286318 0 0 46.7756 -2.61729 -83.7895 
0.241007 0 0 47.5887 -2.67315 -83.5165 
0.210908 0 0 48.1967 -2.77566 -82.8085 
0.170556 0 0 48.6067 -2.89484 -81.7678 
0.155553 0 0 48.6923 -2.99187 -80.4401 
0.160453 0 0 47.7118 -3.02609 -78.4445 
0.150569 0 0 47.4971 -3.00306 -77.2297 
0.141753 0 0 47.0027 -2.93621 -75.9159 
0.12467 0 0 46.245 -2.82747 -74.5425 
0.124211 0 0 45.3382 -2.68617 -73.1821 
0.120837 0 0 44.2956 -2.52656 -71.8427 
0.110927 0 0 43.2271 -2.36341 -70.5722 
0.109316 0 0 42.1325 -2.20368 -69.3738 
0.0944769 0 0 41.1104 -2.05749 -68.2962 
0.101584 0 0 40.1586 -1.9286 -67.3296 
0.0954045 0 0 39.2945 -1.81967 -66.5031 
0.0956744 0 0 38.5249 -1.72902 -65.8138 
0.0966183 0 0 37.869 -1.65675 -65.2572 
0.0852303 0 0 37.3122 -1.60055 -64.8588 
0.0903561 0 0 36.873 -1.56054 -64.6157 
0.0949251 0 0 36.5313 -1.53456 -64.5349 
0.0904311 0 0 36.2722 -1.52177 -64.5864 
0.0927873 0 0 36.1366 -1.52347 -64.826 
0.099942 0 0 36.0952 -1.53851 -65.2323 
0.0975728 0 0 36.164 -1.56816 -65.7923 
0.103959 0 0 36.3255 -1.6119 -66.5306 
0.119205 0 0 36.5683 -1.67241 -67.4321 
0.137443 0 0 36.9601 -1.75117 -68.5196 
0.14303 0 0 37.4296 -1.84754 -69.7411 
0.160981 0 0 38.0299 -1.96334 -71.1183 
0.188512 0 0 38.7352 -2.09776 -72.619 
0.243266 0 0 39.5592 -2.24413 -74.1992 
0.273832 0 0 40.4914 -2.39629 -75.8071 
0.318701 0 0 41.5272 -2.54103 -77.3654 
0.362145 0 0 42.6183 -2.66416 -78.7847 
0.375658 0 0 43.7315 -2.75659 -79.9087 
0.361477 0 0 44.8477 -2.82097 -80.6927 
0.333117 0 0 45.8258 -2.86988 -80.9895 
0.273339 0 0 46.6421 -2.9182 -80.846 
0.237587 0 0 47.2842 -2.96753 -80.3636 
0.187502 0 0 47.6647 -3.00803 -79.5376 
0.173419 0 0 47.7172 -3.02584 -78.4471 
0.158348 0 0 46.9129 -2.98854 -76.8666 
0.144665 0 0 46.6815 -2.94669 -75.8812 
0.134539 0 0 46.1725 -2.87143 -74.8008 
0.123336 0 0 45.4565 -2.76357 -73.6731 
0.136624 0 0 44.5491 -2.63115 -72.4997 
0.129591 0 0 43.5043 -2.48118 -71.3047 
0.134536 0 0 42.4229 -2.32516 -70.1449 
0.11932 0 0 41.3384 -2.17332 -69.0483 
0.114549 0 0 40.3129 -2.03196 -68.0256 
0.105021 0 0 39.361 -1.90728 -67.1059 
0.101152 0 0 38.4988 -1.79989 -66.2966 
0.0925601 0 0 37.7322 -1.71049 -65.6139 
0.0944702 0 0 37.0427 -1.63713 -65.0336 
0.095306 0 0 36.51 -1.58081 -64.6334 
0.0971187 0 0 36.0479 -1.53892 -64.3385 
0.100987 0 0 35.7079 -1.51213 -64.2188 
0.101403 0 0 35.4681 -1.49741 -64.2334 
0.102301 0 0 35.3143 -1.4951 -64.3876 
0.105293 0 0 35.2854 -1.50646 -64.7175 
0.114668 0 0 35.3283 -1.53 -65.185 
0.113436 0 0 35.4779 -1.56815 -65.8059 
0.112053 0 0 35.7497 -1.62096 -66.5785 
0.138795 0 0 36.0874 -1.68943 -67.4897 
0.153954 0 0 36.5845 -1.77527 -68.5614 
0.148983 0 0 37.1647 -1.8789 -69.7345 
0.171584 0 0 37.8621 -2.00109 -71.0204 
0.20797 0 0 38.6797 -2.13876 -72.3849 
0.241677 0 0 39.5986 -2.28936 -73.7663 
0.29467 0 0 40.604 -2.4439 -75.1156 
0.314828 0 0 41.6993 -2.59071 -76.3474 
0.324435 0 0 42.8233 -2.72039 -77.3825 
0.324822 0 0 43.9245 -2.82404 -78.128 
0.307283 0 0 44.939 -2.90146 -78.5181 
0.257809 0 0 45.8036 -2.95415 -78.5539 
0.226218 0 0 46.4437 -2.98728 -78.2473 
0.186852 0 0 46.8087 -3.00086 -77.6526 
0.162946 0 0 46.8841 -2.98847 -76.8422 
0.164504 0 0 46.2413 -2.93294 -75.6365 
0.146109 0 0 46.0366 -2.8912 -74.9043 
0.142028 0 0 45.5499 -2.82003 -74.051 
0.129532 0 0 44.8305 -2.72035 -73.1043 
0.145259 0 0 43.9156 -2.59712 -72.1008 
0.128341 0 0 42.9005 -2.45611 -71.053 
0.129625 0 0 41.8141 -2.30864 -69.9935 
0.121926 0 0 40.7331 -2.16148 -68.9701 
0.114114 0 0 39.7033 -2.02418 -67.9962 
0.110446 0 0 38.734 -1.89912 -67.0815 
0.111465 0 0 37.8685 -1.79214 -66.2791 
0.112306 0 0 37.0841 -1.70227 -65.576 
0.110881 0 0 36.4338 -1.62796 -64.9952 
0.101223 0 0 35.8545 -1.57022 -64.5328 
0.105716 0 0 35.4252 -1.5268 -64.2215 
0.10332 0 0 35.0772 -1.49744 -64.0386 
0.107033 0 0 34.8337 -1.48022 -63.9901 
0.105272 0 0 34.6873 -1.47424 -64.077 
0.103912 0 0 34.6412 -1.48068 -64.2991 
0.114061 0 0 34.682 -1.50027 -64.6615 
0.11697 0 0 34.8464 -1.53289 -65.1828 
0.125486 0 0 35.0919 -1.57827 -65.8237 
0.13907 0 0 35.4453 -1.63805 -66.603 
0.133086 0 0 35.9094 -1.71387 -67.4979 
0.149469 0 0 36.4999 -1.80739 -68.5207 
0.158064 0 0 37.1865 -1.91729 -69.6169 
0.193421 0 0 37.9833 -2.04432 -70.7933 
0.205638 0 0 38.8957 -2.18578 -72.0014 
0.245123 0 0 39.8993 -2.33481 -73.1849 
0.260702 0 0 40.9783 -2.4854 -74.2914 
0.29022 0 0 42.1104 -2.62847 -75.2797 
0.269373 0 0 43.2152 -2.74822 -76.0194 
0.269653 0 0 44.2324 -2.84214 -76.4955 
0.235509 0 0 45.105 -2.90565 -76.6615 
0.204446 0 0 45.7569 -2.9405 -76.5567 
0.185306 0 0 46.1286 -2.9505 -76.1883 
0.164196 0 0 46.2469 -2.93389 -75.639 
0.149665 0 0 45.7669 -2.88573 -74.7659 
0.145599 0 0 45.5651 -2.85052 -74.25 
0.150947 0 0 45.1167 -2.78781 -73.6261 
0.146986 0 0 44.4026 -2.69903 -72.8671 
0.145523 0 0 43.5049 -2.58564 -72.0158 
0.147513 0 0 42.4656 -2.45323 -71.0729 
0.154041 0 0 41.3929 -2.31141 -70.1143 
0.13293 0 0 40.3025 -2.16802 -69.1332 
0.124701 0 0 39.2902 -2.03157 -68.1933 
0.114702 0 0 38.3035 -1.90631 -67.2903 
0.124939 0 0 37.4231 -1.7989 -66.4703 
0.108103 0 0 36.6591 -1.7059 -65.7483 
0.106931 0 0 35.9819 -1.63011 -65.1237 
0.112018 0 0 35.414 -1.56946 -64.6161 
0.103927 0 0 34.9766 -1.52315 -64.2457 
0.119593 0 0 34.6041 -1.49006 -63.9804 
0.108062 0 0 34.3783 -1.46944 -63.8627 
0.119872 0 0 34.2151 -1.4607 -63.8622 
0.117046 0 0 34.1838 -1.46405 -64.0115 
0.123436 0 0 34.2191 -1.478 -64.2644 
0.118687 0 0 34.3785 -1.50438 -64.6619 
0.126209 0 0 34.628 -1.54395 -65.1947 
0.130275 0 0 34.9833 -1.59632 -65.8403 
0.130557 0 0 35.4318 -1.66393 -66.5837 
0.15234 0 0 36.0125 -1.74682 -67.4599 
0.150924 0 0 36.7007 -1.84713 -68.4257 
0.156569 0 0 37.4921 -1.96373 -69.4544 
0.187541 0 0 38.3884 -2.09465 -70.5172 
0.219911 0 0 39.3903 -2.23824 -71.6045 
0.213753 0 0 40.4683 -2.38715 -72.6364 
0.224646 0 0 41.57 -2.52908 -73.5466 
0.237533 0 0 42.6654 -2.65745 -74.3042 
0.226854 0 0 43.6812 -2.76089 -74.8417 
0.201941 0 0 44.5855 -2.8352 -75.1786 
0.178452 0 0 45.2535 -2.87934 -75.2478 
0.168843 0 0 45.6426 -2.89425 -75.098 
0.145065 0 0 45.7716 -2.88595 -74.7647 
0.146455 0 0 45.4801 -2.85373 -74.2574 
0.158651 0 0 45.3179 -2.82962 -73.9748 
0.148824 0 0 44.8538 -2.77921 -73.5268 
0.163554 0 0 44.1641 -2.70231 -72.9486 
0.160152 0 0 43.2579 -2.59807 -72.2219 
0.167686 0 0 42.2362 -2.47254 -71.3985 
0.152556 0 0 41.1579 -2.33452 -70.5006 
0.151621 0 0 40.0701 -2.19308 -69.569 
0.140911 0 0 39.0068 -2.05536 -68.6209 
0.133359 0 0 38.0468 -1.92972 -67.7269 
0.120284 0 0 37.1774 -1.81795 -66.8815 
0.118615 0 0 36.3814 -1.72217 -66.1129 
0.118441 0 0 35.7206 -1.64246 -65.434 
0.106218 0 0 35.1733 -1.57809 -64.876 
0.114046 0 0 34.7092 -1.5279 -64.4203 
0.118542 0 0 34.3391 -1.49182 -64.0784 
0.109749 0 0 34.0972 -1.46656 -63.8656 
0.11081 0 0 33.9545 -1.4542 -63.7779 
0.112644 0 0 33.8954 -1.45221 -63.8086 
0.110955 0 0 33.9507 -1.46296 -63.9773 
0.113882 0 0 34.1132 -1.48458 -64.2744 
0.119765 0 0 34.3472 -1.51754 -64.6783 
0.11931 0 0 34.7041 -1.56437 -65.2176 
0.123078 0 0 35.1748 -1.62466 -65.8578 
0.128061 0 0 35.729 -1.69983 -66.5941 
0.141196 0 0 36.4062 -1.79187 -67.4428 
0.151273 0 0 37.1995 -1.899 -68.3535 
0.162107 0 0 38.0847 -2.02244 -69.3248 
0.178976 0 0 39.0628 -2.15804 -70.3066 
0.197056 0 0 40.1369 -2.30103 -71.2871 
0.204933 0 0 41.2242 -2.44329 -72.188 
0.209175 0 0 42.3348 -2.57585 -72.995 
0.196226 0 0 43.3683 -2.68662 -73.6311 
0.188735 0 0 44.2376 -2.77154 -74.0694 
0.163369 0 0 44.9133 -2.82588 -74.3124 
0.158262 0 0 45.3392 -2.85212 -74.3709 
0.145044 0 0 45.4836 -2.85422 -74.261 
0.153846 0 0 45.3886 -2.84327 -74.0868 
0.1539 0 0 45.2279 -2.83039 -74.0023 
0.153142 0 0 44.784 -2.79159 -73.7433 
0.171358 0 0 44.1011 -2.72596 -73.3367 
0.177145 0 0 43.2252 -2.63268 -72.7659 
0.175068 0 0 42.2107 -2.51361 -72.0413 
0.184301 0 0 41.1153 -2.37909 -71.2041 
0.163027 0 0 40.0241 -2.23718 -70.2894 
0.158203 0 0 38.9402 -2.09782 -69.3245 
0.141819 0 0 37.9758 -1.96689 -68.3951 
0.143159 0 0 37.0966 -1.85117 -67.5082 
0.130209 0 0 36.2955 -1.75031 -66.6645 
0.127128 0 0 35.6246 -1.66577 -65.9245 
0.126807 0 0 35.0799 -1.59649 -65.2877 
0.125204 0 0 34.6142 -1.54199 -64.7374 
0.116503 0 0 34.2824 -1.5012 -64.3275 
0.112192 0 0 34.013 -1.47214 -64.0089 
0.113694 0 0 33.8806 -1.45522 -63.8317 
0.12081 0 0 33.8029 -1.44967 -63.7517 
0.123831 0 0 33.863 -1.45537 -63.8222 
0.126388 0 0 34.007 -1.4719 -64.0047 
0.112521 0 0 34.2558 -1.50068 -64.3085 
0.118124 0 0 34.6014 -1.54186 -64.7294 
0.117168 0 0 35.074 -1.59683 -65.2849 
0.113401 0 0 35.6413 -1.66554 -65.9244 
0.115387 0 0 36.3191 -1.75002 -66.6792 
0.137781 0 0 37.0887 -1.8513 -67.501 
0.144456 0 0 37.9773 -1.9664 -68.3959 
0.15955 0 0 38.9655 -2.09716 -69.3342 
0.173882 0 0 40.0064 -2.23689 -70.2825 
0.175541 0 0 41.1052 -2.37773 -71.1946 
0.185259 0 0 42.1825 -2.51284 -72.0261 
0.170564 0 0 43.2207 -2.63164 -72.7562 
0.162767 0 0 44.0994 -2.7247 -73.3342 
0.151426 0 0 44.7785 -2.79032 -73.7407 
0.149393 0 0 45.2195 -2.82913 -73.9889 
0.147967 0 0 45.3803 -2.84206 -74.0834 
