15.1402 0 0 -168.802 0.465546 146.541 
14.5174 0 0 -168.959 0.395325 146.431 
12.6083 0 0 -169.543 0.219602 146.192 
9.79695 0 0 -170.426 -0.106609 145.69 
6.67598 0 0 -171.593 -0.594781 144.826 
3.72941 0 0 -172.894 -1.1975 143.501 
1.6307 0 0 -174.07 -1.83361 141.5 
0.505788 0 0 -174.719 -2.32549 138.693 
0.120893 0 0 -174.692 -2.53303 135.305 
0.0431816 0 0 -174.009 -2.48516 131.656 
0.0675738 0 0 -172.996 -2.30564 128.227 
0.112278 0 0 -171.938 -2.08945 125.215 
0.14253 0 0 -170.911 -1.88291 122.657 
0.167822 0 0 -169.95 -1.71628 120.527 
0.194386 0 0 -169.167 -1.58243 118.834 
0.195893 0 0 -168.55 -1.48185 117.558 
0.220928 0 0 -168.134 -1.41064 116.682 
0.202912 0 0 -167.837 -1.37218 116.146 
0.204907 0 0 -167.76 -1.35865 115.976 
0.211179 0 0 -167.846 -1.3696 116.151 
0.204596 0 0 -168.117 -1.41056 116.682 
0.198749 0 0 -168.545 -1.47931 117.564 
0.183009 0 0 -169.192 -1.58032 118.857 
0.1551 0 0 -169.97 -1.71451 120.533 
0.148729 0 0 -170.897 -1.88531 122.632 
0.100874 0 0 -171.923 -2.0897 125.197 
0.0765338 0 0 -173.003 -2.30466 128.22 
0.0399318 0 0 -174.02 -2.48722 131.665 
0.116401 0 0 -174.682 -2.534 135.282 
0.507225 0 0 -174.719 -2.32672 138.683 
1.60743 0 0 -174.09 -1.83203 141.511 
3.74952 0 0 -172.906 -1.20123 143.493 
6.63027 0 0 -171.583 -0.586044 144.839 
9.83447 0 0 -170.411 -0.123145 145.653 
12.6131 0 0 -169.532 0.213503 146.18 
14.4388 0 0 -168.979 0.407256 146.456 
15.1657 0 0 -168.814 0.46479 146.544 
14.4986 0 0 -168.992 0.407699 146.466 
13.1571 0 0 -169.541 0.303284 146.302 
10.7657 0 0 -170.437 0.0522789 145.922 
7.71339 0 0 -171.727 -0.32159 145.339 
4.6419 0 0 -173.211 -0.870988 144.314 
2.15818 0 0 -174.673 -1.52459 142.676 
0.704594 0 0 -175.728 -2.12706 140.249 
0.151434 0 0 -176.03 -2.48673 137.046 
0.052066 0 0 -175.491 -2.54904 133.411 
0.0740189 0 0 -174.461 -2.41316 129.807 
0.106729 0 0 -173.203 -2.20366 126.534 
0.161597 0 0 -171.97 -1.98986 123.738 
0.175487 0 0 -170.838 -1.80556 121.397 
0.198956 0 0 -169.835 -1.65215 119.506 
0.197433 0 0 -168.979 -1.53773 118.01 
0.210593 0 0 -168.342 -1.45719 116.941 
0.213044 0 0 -167.86 -1.39843 116.216 
0.211559 0 0 -167.557 -1.37123 115.849 
0.215353 0 0 -167.437 -1.37178 115.827 
0.185404 0 0 -167.476 -1.3994 116.153 
0.176575 0 0 -167.696 -1.45223 116.833 
0.173382 0 0 -168.086 -1.53562 117.875 
0.147025 0 0 -168.696 -1.6465 119.35 
0.117089 0 0 -169.405 -1.80136 121.205 
0.101158 0 0 -170.258 -1.98356 123.509 
0.0599004 0 0 -171.234 -2.19423 126.311 
0.0434723 0 0 -172.155 -2.40026 129.501 
0.0831793 0 0 -172.917 -2.53658 133.02 
0.330165 0 0 -173.311 -2.49183 136.536 
1.07068 0 0 -173.098 -2.17249 139.723 
2.66001 0 0 -172.346 -1.63555 142.163 
5.14344 0 0 -171.315 -1.01802 143.909 
8.12241 0 0 -170.313 -0.458727 145.087 
11.0258 0 0 -169.47 -0.0399801 145.8 
13.3873 0 0 -168.961 0.219237 146.198 
14.5384 0 0 -168.79 0.383923 146.433 
14.4645 0 0 -168.992 0.417958 146.482 
12.6436 0 0 -169.529 0.216527 146.184 
10.7561 0 0 -170.461 0.0647804 145.954 
8.11524 0 0 -171.758 -0.235567 145.485 
5.14412 0 0 -173.328 -0.719134 144.643 
2.5495 0 0 -175.017 -1.30516 143.371 
0.868944 0 0 -176.374 -1.95607 141.252 
0.190063 0 0 -176.945 -2.42772 138.281 
0.054445 0 0 -176.562 -2.59513 134.695 
0.0852544 0 0 -175.519 -2.51608 130.99 
0.14052 0 0 -174.14 -2.32326 127.531 
0.171347 0 0 -172.684 -2.1078 124.521 
0.192901 0 0 -171.303 -1.9148 121.952 
0.202063 0 0 -170.082 -1.75252 119.873 
0.205425 0 0 -169.017 -1.62298 118.202 
0.209646 0 0 -168.13 -1.52782 116.912 
0.195817 0 0 -167.421 -1.45931 115.996 
0.195312 0 0 -166.91 -1.42123 115.44 
0.190431 0 0 -166.586 -1.40426 115.238 
0.182749 0 0 -166.427 -1.41814 115.359 
0.170801 0 0 -166.461 -1.45275 115.838 
0.147586 0 0 -166.664 -1.51607 116.672 
0.141917 0 0 -167.04 -1.60738 117.889 
0.11266 0 0 -167.59 -1.73243 119.5 
0.078645 0 0 -168.263 -1.89075 121.528 
0.0601026 0 0 -169.087 -2.08046 124.011 
0.0397307 0 0 -169.937 -2.29137 126.933 
0.0552314 0 0 -170.776 -2.47959 130.247 
0.180217 0 0 -171.41 -2.5699 133.794 
0.617704 0 0 -171.643 -2.45958 137.2 
1.61527 0 0 -171.401 -2.09418 140.156 
3.45951 0 0 -170.778 -1.5497 142.421 
5.96111 0 0 -170.031 -0.969084 144.021 
8.7823 0 0 -169.339 -0.486043 145.031 
11.1884 0 0 -168.877 -0.125077 145.668 
12.797 0 0 -168.749 0.123719 146.06 
13.3304 0 0 -168.995 0.243767 146.249 
12.6212 0 0 -169.544 0.21743 146.189 
9.84843 0 0 -170.425 -0.112051 145.68 
7.74207 0 0 -171.72 -0.323146 145.337 
5.1382 0 0 -173.32 -0.705343 144.669 
2.70325 0 0 -175.111 -1.23936 143.562 
0.981024 0 0 -176.668 -1.85774 141.742 
0.21 0 0 -177.476 -2.38009 139.011 
0.0417225 0 0 -177.294 -2.62545 135.555 
0.0806728 0 0 -176.207 -2.60377 131.783 
0.140227 0 0 -174.706 -2.43501 128.206 
0.183678 0 0 -173.064 -2.22747 125.012 
0.193862 0 0 -171.482 -2.02858 122.28 
0.214487 0 0 -170.012 -1.85962 120.001 
0.200719 0 0 -168.727 -1.72147 118.155 
0.20589 0 0 -167.616 -1.61645 116.687 
0.197394 0 0 -166.689 -1.53768 115.587 
0.182561 0 0 -165.957 -1.48469 114.839 
0.17167 0 0 -165.417 -1.45743 114.436 
0.170135 0 0 -165.105 -1.45167 114.384 
0.156392 0 0 -164.92 -1.46994 114.631 
0.13855 0 0 -164.95 -1.51071 115.253 
0.122438 0 0 -165.117 -1.58285 116.206 
0.105809 0 0 -165.48 -1.67883 117.555 
0.0737466 0 0 -166.012 -1.80965 119.308 
0.056461 0 0 -166.688 -1.96915 121.477 
0.0369428 0 0 -167.436 -2.16012 124.067 
0.0349362 0 0 -168.272 -2.36416 127.108 
0.0939543 0 0 -169.052 -2.53716 130.463 
0.295558 0 0 -169.686 -2.59679 134.034 
0.838514 0 0 -169.952 -2.45767 137.35 
1.98517 0 0 -169.843 -2.08971 140.178 
3.77209 0 0 -169.432 -1.58396 142.298 
6.08898 0 0 -169.018 -1.0762 143.768 
8.44806 0 0 -168.699 -0.643659 144.733 
10.2367 0 0 -168.639 -0.316427 145.352 
11.1662 0 0 -168.876 -0.108447 145.699 
11.0729 0 0 -169.477 -0.050479 145.781 
9.85023 0 0 -170.404 -0.121596 145.654 
6.66857 0 0 -171.588 -0.589101 144.836 
4.60352 0 0 -173.192 -0.868179 144.313 
2.55714 0 0 -175.01 -1.30696 143.368 
0.986043 0 0 -176.656 -1.85679 141.746 
0.214743 0 0 -177.68 -2.35923 139.278 
0.03945 0 0 -177.641 -2.64159 135.977 
0.0888492 0 0 -176.595 -2.66327 132.238 
0.145056 0 0 -175.033 -2.52299 128.615 
0.189959 0 0 -173.242 -2.32765 125.302 
0.195015 0 0 -171.453 -2.13379 122.44 
0.201402 0 0 -169.73 -1.96385 119.967 
0.2148 0 0 -168.257 -1.82227 117.968 
0.187802 0 0 -166.928 -1.70885 116.338 
0.182084 0 0 -165.805 -1.61782 115.075 
0.177772 0 0 -164.863 -1.55454 114.14 
0.169878 0 0 -164.123 -1.51431 113.549 
0.154072 0 0 -163.588 -1.49328 113.282 
0.132961 0 0 -163.233 -1.49662 113.337 
0.123875 0 0 -163.048 -1.5202 113.713 
0.11074 0 0 -163.081 -1.56554 114.431 
0.0840002 0 0 -163.255 -1.63675 115.513 
0.0733358 0 0 -163.591 -1.736 116.935 
0.0496853 0 0 -164.114 -1.8643 118.791 
0.0331956 0 0 -164.75 -2.02381 121.031 
0.0268879 0 0 -165.53 -2.20881 123.699 
0.0443898 0 0 -166.359 -2.40593 126.784 
0.133536 0 0 -167.192 -2.56803 130.173 
0.366162 0 0 -167.88 -2.62366 133.683 
0.917054 0 0 -168.315 -2.49619 136.982 
2.00627 0 0 -168.429 -2.17437 139.701 
3.57562 0 0 -168.383 -1.72868 141.796 
5.50266 0 0 -168.33 -1.28694 143.229 
7.2059 0 0 -168.364 -0.921051 144.138 
8.45756 0 0 -168.714 -0.634008 144.756 
8.71619 0 0 -169.329 -0.486349 145.031 
8.13165 0 0 -170.294 -0.47155 145.057 
6.62495 0 0 -171.568 -0.590943 144.83 
3.73306 0 0 -172.891 -1.1984 143.5 
2.16526 0 0 -174.671 -1.52851 142.661 
0.880364 0 0 -176.372 -1.95385 141.264 
0.210978 0 0 -177.487 -2.37902 139.021 
0.0390854 0 0 -177.63 -2.64182 135.963 
0.0921262 0 0 -176.727 -2.68509 132.39 
0.155099 0 0 -175.173 -2.57204 128.8 
0.180167 0 0 -173.291 -2.39555 125.447 
0.210193 0 0 -171.358 -2.21229 122.483 
0.196129 0 0 -169.487 -2.04776 119.923 
0.196805 0 0 -167.779 -1.90368 117.762 
0.179056 0 0 -166.221 -1.78753 115.964 
0.175784 0 0 -164.867 -1.69142 114.508 
0.168415 0 0 -163.729 -1.62101 113.412 
0.145125 0 0 -162.813 -1.56883 112.65 
0.146467 0 0 -162.073 -1.53605 112.183 
0.124997 0 0 -161.534 -1.52236 112.028 
0.103715 0 0 -161.126 -1.52925 112.15 
0.097264 0 0 -160.982 -1.55426 112.641 
0.0764776 0 0 -160.995 -1.60076 113.441 
0.056172 0 0 -161.191 -1.67037 114.593 
0.0499346 0 0 -161.544 -1.76777 116.105 
0.0263283 0 0 -162.07 -1.89042 117.992 
0.0181626 0 0 -162.724 -2.04308 120.266 
0.0193457 0 0 -163.51 -2.22194 122.954 
0.053984 0 0 -164.383 -2.40934 126.015 
0.14959 0 0 -165.298 -2.57066 129.382 
0.398012 0 0 -166.096 -2.64477 132.79 
0.876735 0 0 -166.751 -2.56744 136.003 
1.72 0 0 -167.224 -2.31604 138.77 
2.94982 0 0 -167.535 -1.96587 140.823 
4.29811 0 0 -167.843 -1.60021 142.265 
5.4391 0 0 -168.33 -1.27883 143.249 
6.1025 0 0 -169.018 -1.07527 143.768 
6.01073 0 0 -170.036 -0.977058 144.002 
5.1246 0 0 -171.303 -1.01187 143.919 
3.74316 0 0 -172.893 -1.20229 143.491 
1.64031 0 0 -174.08 -1.83527 141.494 
0.726119 0 0 -175.719 -2.12734 140.245 
0.182238 0 0 -176.947 -2.42764 138.279 
0.0482513 0 0 -177.292 -2.62599 135.552 
0.0819181 0 0 -176.618 -2.66189 132.26 
0.138019 0 0 -175.186 -2.57017 128.801 
0.183435 0 0 -173.314 -2.41959 125.498 
0.203219 0 0 -171.268 -2.25604 122.484 
0.19647 0 0 -169.256 -2.10049 119.837 
0.191529 0 0 -167.354 -1.96336 117.549 
0.181551 0 0 -165.622 -1.84774 115.625 
0.162168 0 0 -164.058 -1.74972 114.023 
0.154874 0 0 -162.714 -1.67238 112.755 
0.133204 0 0 -161.592 -1.61291 111.805 
0.121202 0 0 -160.65 -1.57045 111.146 
0.106392 0 0 -159.884 -1.54448 110.767 
0.102857 0 0 -159.361 -1.5343 110.709 
0.0937217 0 0 -159.019 -1.54245 110.942 
0.0663843 0 0 -158.816 -1.56864 111.453 
0.0546892 0 0 -158.841 -1.61395 112.314 
0.0455446 0 0 -159.038 -1.68058 113.499 
0.0244834 0 0 -159.409 -1.77062 115.034 
0.0181876 0 0 -159.944 -1.88738 116.941 
0.0136484 0 0 -160.629 -2.03101 119.211 
0.0220268 0 0 -161.44 -2.19914 121.848 
0.0554909 0 0 -162.419 -2.37867 124.859 
0.136645 0 0 -163.412 -2.54297 128.104 
0.326752 0 0 -164.393 -2.64381 131.409 
0.708139 0 0 -165.308 -2.6302 134.559 
1.30231 0 0 -166.085 -2.48258 137.239 
2.08085 0 0 -166.803 -2.23442 139.352 
2.93873 0 0 -167.551 -1.96067 140.852 
3.57792 0 0 -168.383 -1.72973 141.796 
3.79212 0 0 -169.438 -1.58972 142.282 
3.46858 0 0 -170.771 -1.5496 142.417 
2.64947 0 0 -172.361 -1.62953 142.191 
1.62159 0 0 -174.081 -1.83207 141.507 
0.511379 0 0 -174.736 -2.32361 138.705 
0.155876 0 0 -176.024 -2.48675 137.052 
0.0429319 0 0 -176.578 -2.5947 134.69 
0.0827074 0 0 -176.203 -2.6022 131.767 
0.145351 0 0 -175.024 -2.52169 128.604 
0.17782 0 0 -173.274 -2.39523 125.436 
0.209197 0 0 -171.287 -2.25507 122.487 
0.196901 0 0 -169.185 -2.11922 119.808 
0.179916 0 0 -167.154 -1.99498 117.459 
0.169352 0 0 -165.204 -1.88529 115.392 
0.156459 0 0 -163.46 -1.78998 113.664 
0.140997 0 0 -161.912 -1.70988 112.24 
0.131113 0 0 -160.561 -1.64425 111.104 
0.118052 0 0 -159.395 -1.59345 110.234 
0.103224 0 0 -158.496 -1.55797 109.692 
0.0926332 0 0 -157.732 -1.53567 109.387 
0.0705546 0 0 -157.205 -1.52893 109.383 
0.0722631 0 0 -156.873 -1.53716 109.673 
0.0535723 0 0 -156.693 -1.5619 110.236 
0.0359397 0 0 -156.73 -1.60419 111.114 
0.0305911 0 0 -156.948 -1.66612 112.32 
0.0242434 0 0 -157.332 -1.74973 113.847 
0.0110365 0 0 -157.898 -1.85778 115.715 
0.00948912 0 0 -158.603 -1.98933 117.905 
0.0197442 0 0 -159.482 -2.14538 120.477 
0.0431738 0 0 -160.504 -2.31474 123.341 
0.11206 0 0 -161.569 -2.47927 126.376 
0.250259 0 0 -162.751 -2.60719 129.529 
0.482721 0 0 -163.88 -2.6586 132.507 
0.860176 0 0 -165 -2.6117 135.148 
1.2659 0 0 -166.077 -2.4825 137.239 
1.73731 0 0 -167.214 -2.32095 138.735 
2.01449 0 0 -168.436 -2.17677 139.696 
1.96054 0 0 -169.828 -2.09286 140.162 
1.62204 0 0 -171.39 -2.09244 140.162 
1.05307 0 0 -173.09 -2.17453 139.71 
0.504295 0 0 -174.749 -2.32228 138.72 
0.12046 0 0 -174.694 -2.53143 135.298 
0.0460627 0 0 -175.493 -2.55002 133.407 
0.0710831 0 0 -175.474 -2.51609 130.966 
0.139484 0 0 -174.708 -2.43401 128.212 
0.175195 0 0 -173.233 -2.32848 125.308 
0.207147 0 0 -171.371 -2.21163 122.492 
0.187197 0 0 -169.248 -2.10057 119.828 
0.182263 0 0 -167.127 -1.99542 117.442 
0.167677 0 0 -165.054 -1.89784 115.306 
0.147009 0 0 -163.179 -1.80979 113.491 
0.130525 0 0 -161.388 -1.73133 111.894 
0.110245 0 0 -159.84 -1.66425 110.602 
0.0973963 0 0 -158.479 -1.60866 109.572 
0.0972198 0 0 -157.351 -1.56474 108.818 
0.0883309 0 0 -156.431 -1.53272 108.324 
0.0700923 0 0 -155.684 -1.51396 108.085 
0.0664793 0 0 -155.175 -1.50842 108.128 
0.0515684 0 0 -154.81 -1.51632 108.42 
0.0409063 0 0 -154.685 -1.53916 109.014 
0.0344282 0 0 -154.712 -1.57736 109.879 
0.0178317 0 0 -154.944 -1.63347 111.058 
0.0134711 0 0 -155.344 -1.70954 112.538 
0.0068978 0 0 -155.929 -1.80718 114.334 
0.00656063 0 0 -156.666 -1.92615 116.436 
0.012917 0 0 -157.598 -2.06735 118.86 
0.0343315 0 0 -158.668 -2.22345 121.515 
0.0814723 0 0 -159.853 -2.38327 124.345 
0.162373 0 0 -161.153 -2.52564 127.253 
0.290288 0 0 -162.5 -2.62369 130.034 
0.486715 0 0 -163.897 -2.65803 132.54 
0.695811 0 0 -165.299 -2.6305 134.543 
0.860641 0 0 -166.756 -2.565 136.03 
0.9346 0 0 -168.314 -2.49749 136.964 
0.835808 0 0 -169.945 -2.45875 137.336 
0.596108 0 0 -171.666 -2.45588 137.236 
0.330903 0 0 -173.294 -2.4917 136.537 
0.118156 0 0 -174.675 -2.53336 135.283 
0.0496586 0 0 -174.027 -2.48667 131.686 
0.0659816 0 0 -174.465 -2.41085 129.802 
0.136196 0 0 -174.125 -2.32265 127.532 
0.165419 0 0 -173.026 -2.22824 124.993 
0.201313 0 0 -171.436 -2.1338 122.419 
0.202803 0 0 -169.477 -2.04657 119.911 
0.181847 0 0 -167.359 -1.96453 117.557 
0.169027 0 0 -165.211 -1.88547 115.399 
0.151089 0 0 -163.13 -1.80987 113.461 
0.13202 0 0 -161.229 -1.73855 111.796 
0.114188 0 0 -159.454 -1.67334 110.338 
0.11306 0 0 -157.927 -1.61592 109.163 
0.0896482 0 0 -156.581 -1.56687 108.217 
0.0867654 0 0 -155.462 -1.52844 107.531 
0.0715002 0 0 -154.535 -1.49993 107.081 
0.0605487 0 0 -153.786 -1.48238 106.868 
0.0523142 0 0 -153.283 -1.47722 106.933 
0.0447787 0 0 -152.962 -1.48425 107.254 
0.0354771 0 0 -152.805 -1.50432 107.817 
0.0304089 0 0 -152.852 -1.53909 108.666 
0.0193932 0 0 -153.106 -1.58979 109.794 
0.0102523 0 0 -153.529 -1.65793 111.207 
0.00784893 0 0 -154.092 -1.74393 112.875 
0.00392355 0 0 -154.893 -1.84974 114.846 
0.00934908 0 0 -155.855 -1.97467 117.076 
0.0176821 0 0 -156.974 -2.11597 119.529 
0.0456685 0 0 -158.247 -2.26439 122.109 
0.0858746 0 0 -159.64 -2.40624 124.73 
0.148494 0 0 -161.142 -2.52607 127.259 
0.246293 0 0 -162.732 -2.60732 129.536 
0.319558 0 0 -164.409 -2.64389 131.43 
0.381519 0 0 -166.113 -2.6449 132.799 
0.362022 0 0 -167.881 -2.62376 133.688 
0.302098 0 0 -169.649 -2.59828 133.995 
0.187626 0 0 -171.411 -2.56986 133.775 
0.0850374 0 0 -172.936 -2.53591 133.004 
0.0445156 0 0 -174.016 -2.487 131.679 
0.0745017 0 0 -173.004 -2.30519 128.23 
0.119993 0 0 -173.218 -2.20276 126.538 
0.176839 0 0 -172.679 -2.10988 124.51 
0.184203 0 0 -171.462 -2.0283 122.284 
0.206536 0 0 -169.793 -1.96276 120.013 
0.194772 0 0 -167.794 -1.90376 117.767 
0.173807 0 0 -165.612 -1.8473 115.629 
0.143293 0 0 -163.453 -1.78968 113.656 
0.125948 0 0 -161.385 -1.73194 111.902 
0.114362 0 0 -159.471 -1.67335 110.348 
0.107495 0 0 -157.728 -1.61798 109.017 
0.0909049 0 0 -156.165 -1.56708 107.895 
0.072707 0 0 -154.841 -1.52375 107.027 
0.0679473 0 0 -153.724 -1.48838 106.382 
0.0595616 0 0 -152.809 -1.46261 105.968 
0.0559405 0 0 -152.104 -1.44627 105.796 
0.0473172 0 0 -151.595 -1.44112 105.855 
0.0384872 0 0 -151.256 -1.44619 106.145 
0.0328278 0 0 -151.099 -1.46359 106.675 
0.0218105 0 0 -151.181 -1.49474 107.487 
0.0184219 0 0 -151.404 -1.53904 108.525 
0.0110448 0 0 -151.847 -1.59883 109.836 
0.00416709 0 0 -152.48 -1.6746 111.407 
0.00326607 0 0 -153.276 -1.7677 113.21 
0.00412771 0 0 -154.257 -1.877 115.234 
0.0112811 0 0 -155.427 -2.00006 117.442 
0.024279 0 0 -156.768 -2.13251 119.769 
0.0494673 0 0 -158.246 -2.26428 122.109 
0.0812315 0 0 -159.845 -2.3836 124.337 
0.111181 0 0 -161.576 -2.47974 126.392 
0.142934 0 0 -163.407 -2.54247 128.098 
0.154812 0 0 -165.299 -2.57124 129.388 
0.131666 0 0 -167.178 -2.56718 130.171 
0.0926797 0 0 -169.076 -2.53656 130.492 
0.0508473 0 0 -170.761 -2.47951 130.24 
0.04407 0 0 -172.151 -2.39985 129.492 
0.0652251 0 0 -173.006 -2.30622 128.238 
0.111571 0 0 -171.976 -2.08696 125.227 
0.155817 0 0 -171.991 -1.98973 123.738 
0.190801 0 0 -171.315 -1.9128 121.966 
0.203792 0 0 -169.998 -1.859 119.991 
0.200893 0 0 -168.277 -1.81941 117.987 
0.1859 0 0 -166.225 -1.78662 115.954 
0.168815 0 0 -164.064 -1.75049 114.027 
0.133088 0 0 -161.904 -1.70998 112.228 
0.113531 0 0 -159.818 -1.66413 110.59 
0.10108 0 0 -157.926 -1.61593 109.159 
0.0837789 0 0 -156.172 -1.56749 107.904 
0.0731725 0 0 -154.646 -1.52216 106.861 
0.0636197 0 0 -153.31 -1.48236 106.028 
0.0577021 0 0 -152.208 -1.44974 105.418 
0.0438692 0 0 -151.29 -1.42466 105.014 
0.045521 0 0 -150.582 -1.40898 104.831 
0.0416491 0 0 -150.061 -1.40267 104.872 
0.0302921 0 0 -149.743 -1.40621 105.134 
0.0270142 0 0 -149.612 -1.42115 105.633 
0.0207125 0 0 -149.689 -1.44811 106.369 
0.0195506 0 0 -149.936 -1.48672 107.326 
0.00920827 0 0 -150.379 -1.5385 108.52 
0.00515802 0 0 -151.02 -1.60515 109.945 
0.00430636 0 0 -151.837 -1.68549 111.581 
0.0023191 0 0 -152.861 -1.78 113.42 
0.00726986 0 0 -154.058 -1.88645 115.386 
0.0128672 0 0 -155.422 -2 117.431 
0.0209064 0 0 -156.965 -2.11566 119.511 
0.0362193 0 0 -158.651 -2.22305 121.495 
0.0520035 0 0 -160.464 -2.31396 123.307 
0.0521475 0 0 -162.426 -2.37933 124.88 
0.0557487 0 0 -164.404 -2.41013 126.039 
0.0439542 0 0 -166.39 -2.40457 126.797 
0.0351006 0 0 -168.285 -2.3632 127.111 
0.0378055 0 0 -169.931 -2.29055 126.917 
0.0657114 0 0 -171.207 -2.1944 126.29 
0.0981425 0 0 -171.939 -2.08613 125.204 
0.142216 0 0 -170.891 -1.8865 122.637 
0.167582 0 0 -170.826 -1.80696 121.394 
0.195557 0 0 -170.07 -1.7506 119.856 
0.20123 0 0 -168.737 -1.72278 118.158 
0.199535 0 0 -166.925 -1.70484 116.341 
0.173915 0 0 -164.883 -1.69196 114.521 
0.144134 0 0 -162.725 -1.67264 112.761 
0.119352 0 0 -160.548 -1.6448 111.097 
0.109763 0 0 -158.504 -1.60827 109.586 
0.09574 0 0 -156.573 -1.56698 108.212 
0.0867103 0 0 -154.852 -1.52398 107.032 
0.0670107 0 0 -153.321 -1.4823 106.037 
0.0525837 0 0 -151.992 -1.445 105.227 
0.048357 0 0 -150.884 -1.41389 104.625 
0.0481201 0 0 -149.965 -1.38941 104.214 
0.04806 0 0 -149.257 -1.37343 104.019 
0.0301412 0 0 -148.753 -1.36615 104.028 
0.0283138 0 0 -148.438 -1.36801 104.248 
0.0261959 0 0 -148.328 -1.38034 104.692 
0.0173998 0 0 -148.395 -1.40235 105.343 
0.0185232 0 0 -148.653 -1.43612 106.206 
0.012401 0 0 -149.117 -1.48161 107.288 
0.00871155 0 0 -149.771 -1.53889 108.57 
0.00369584 0 0 -150.609 -1.60823 110.035 
0.00329166 0 0 -151.636 -1.68905 111.657 
0.00331946 0 0 -152.865 -1.78013 113.42 
0.00503779 0 0 -154.275 -1.87723 115.243 
0.0103323 0 0 -155.848 -1.97528 117.08 
0.0159618 0 0 -157.585 -2.06704 118.842 
0.0169348 0 0 -159.456 -2.14435 120.456 
0.0201349 0 0 -161.474 -2.19859 121.87 
0.0187504 0 0 -163.505 -2.2227 122.948 
0.0207765 0 0 -165.528 -2.20872 123.701 
0.0382157 0 0 -167.437 -2.16038 124.063 
0.0545296 0 0 -169.055 -2.08155 123.998 
0.0890274 0 0 -170.266 -1.98298 123.515 
0.153064 0 0 -170.893 -1.88854 122.641 
0.16421 0 0 -169.961 -1.71436 120.518 
0.195863 0 0 -169.833 -1.65369 119.501 
0.203779 0 0 -168.991 -1.62382 118.176 
0.210426 0 0 -167.622 -1.61673 116.69 
0.184372 0 0 -165.799 -1.619 115.071 
0.165131 0 0 -163.736 -1.62126 113.42 
0.132781 0 0 -161.548 -1.61288 111.783 
0.106079 0 0 -159.411 -1.59365 110.247 
0.0967592 0 0 -157.362 -1.5645 108.826 
0.0824963 0 0 -155.439 -1.52791 107.517 
0.0676478 0 0 -153.724 -1.48845 106.382 
0.0608388 0 0 -152.204 -1.4496 105.417 
0.0536485 0 0 -150.879 -1.41358 104.621 
0.0400975 0 0 -149.747 -1.3823 103.999 
0.036467 0 0 -148.869 -1.35861 103.596 
0.0312346 0 0 -148.158 -1.34191 103.364 
0.0368562 0 0 -147.67 -1.33358 103.347 
0.0314458 0 0 -147.362 -1.33393 103.514 
0.0240399 0 0 -147.244 -1.34303 103.878 
0.0258912 0 0 -147.315 -1.36195 104.437 
0.0206105 0 0 -147.6 -1.39067 105.207 
0.0144221 0 0 -148.058 -1.42974 106.155 
0.0123416 0 0 -148.703 -1.47916 107.284 
0.00815239 0 0 -149.566 -1.53934 108.597 
0.00695677 0 0 -150.607 -1.60841 110.036 
0.00418681 0 0 -151.848 -1.68616 111.598 
0.00297701 0 0 -153.277 -1.76766 113.213 
0.00358716 0 0 -154.893 -1.84986 114.847 
0.00449682 0 0 -156.674 -1.92615 116.433 
0.0093887 0 0 -158.615 -1.98973 117.929 
0.0114262 0 0 -160.637 -2.03143 119.214 
0.017163 0 0 -162.698 -2.04398 120.261 
0.0366447 0 0 -164.778 -2.02325 121.038 
0.0478949 0 0 -166.651 -1.97082 121.454 
0.0789953 0 0 -168.259 -1.88878 121.516 
0.118499 0 0 -169.425 -1.79846 121.223 
0.1711 0 0 -169.982 -1.71521 120.538 
0.193241 0 0 -169.19 -1.58214 118.849 
0.208041 0 0 -169.001 -1.53892 118.025 
0.207013 0 0 -168.101 -1.53023 116.894 
0.197442 0 0 -166.685 -1.53675 115.583 
0.189983 0 0 -164.865 -1.55568 114.144 
0.144461 0 0 -162.807 -1.56797 112.641 
0.123967 0 0 -160.643 -1.56974 111.145 
0.0972518 0 0 -158.481 -1.55835 109.686 
0.0928993 0 0 -156.425 -1.53273 108.32 
0.076469 0 0 -154.526 -1.49976 107.08 
0.0596119 0 0 -152.813 -1.46281 105.975 
0.0549877 0 0 -151.294 -1.42463 105.02 
0.0523601 0 0 -149.985 -1.38981 104.229 
0.0436722 0 0 -148.868 -1.35876 103.6 
0.0338124 0 0 -147.979 -1.3343 103.16 
0.0368275 0 0 -147.273 -1.31634 102.888 
0.0316269 0 0 -146.768 -1.3066 102.802 
0.031171 0 0 -146.463 -1.30472 102.9 
0.0266499 0 0 -146.362 -1.31149 103.198 
0.0203934 0 0 -146.436 -1.32651 103.656 
0.0210276 0 0 -146.711 -1.35103 104.31 
0.0169316 0 0 -147.175 -1.38435 105.139 
0.0153242 0 0 -147.836 -1.42712 106.131 
0.00870108 0 0 -148.692 -1.47875 107.279 
0.00897903 0 0 -149.77 -1.53903 108.573 
0.00561772 0 0 -151.031 -1.60538 109.964 
0.00666323 0 0 -152.485 -1.67517 111.414 
0.00808677 0 0 -154.117 -1.7439 112.884 
0.00747684 0 0 -155.925 -1.80691 114.338 
0.0119065 0 0 -157.889 -1.85717 115.703 
0.0175358 0 0 -159.938 -1.88722 116.935 
0.0366136 0 0 -162.051 -1.8911 117.989 
0.0485506 0 0 -164.125 -1.86322 118.786 
0.066025 0 0 -165.996 -1.81023 119.298 
0.114891 0 0 -167.579 -1.73257 119.492 
0.151925 0 0 -168.675 -1.6494 119.341 
0.204589 0 0 -169.188 -1.57893 118.848 
0.200038 0 0 -168.585 -1.47814 117.578 
0.215437 0 0 -168.349 -1.45386 116.939 
0.211859 0 0 -167.45 -1.45996 116.013 
0.182142 0 0 -165.981 -1.48537 114.854 
0.171765 0 0 -164.138 -1.51456 113.548 
0.143865 0 0 -162.064 -1.536 112.171 
0.111015 0 0 -159.893 -1.54396 110.771 
0.0958013 0 0 -157.745 -1.53637 109.397 
0.0672199 0 0 -155.704 -1.51365 108.089 
0.0576371 0 0 -153.811 -1.48271 106.882 
0.0452604 0 0 -152.092 -1.4462 105.786 
0.0424132 0 0 -150.57 -1.40879 104.828 
0.0361041 0 0 -149.269 -1.3734 104.023 
0.0341929 0 0 -148.181 -1.34234 103.378 
0.033709 0 0 -147.259 -1.31658 102.879 
0.031813 0 0 -146.577 -1.2972 102.566 
0.027646 0 0 -146.067 -1.28543 102.411 
0.0296368 0 0 -145.777 -1.28152 102.444 
0.0316717 0 0 -145.663 -1.28537 102.643 
0.021324 0 0 -145.753 -1.29758 103.019 
0.0173252 0 0 -146.037 -1.31825 103.562 
0.0186144 0 0 -146.514 -1.34733 104.277 
0.0197453 0 0 -147.169 -1.38457 105.136 
0.0152623 0 0 -148.056 -1.42972 106.157 
0.0131184 0 0 -149.118 -1.48185 107.292 
0.0102735 0 0 -150.387 -1.53916 108.532 
0.01108 0 0 -151.847 -1.59852 109.838 
0.00986226 0 0 -153.513 -1.65723 111.191 
0.0149117 0 0 -155.34 -1.70974 112.538 
0.0204277 0 0 -157.334 -1.75008 113.84 
0.0271359 0 0 -159.408 -1.77104 115.041 
0.0532748 0 0 -161.529 -1.76644 116.085 
0.0724804 0 0 -163.619 -1.73552 116.95 
0.103953 0 0 -165.499 -1.67794 117.56 
0.131326 0 0 -167.023 -1.60755 117.873 
0.16611 0 0 -168.108 -1.53314 117.889 
0.202092 0 0 -168.565 -1.48136 117.567 
0.210378 0 0 -168.102 -1.40934 116.672 
0.213554 0 0 -167.828 -1.40149 116.193 
0.201358 0 0 -166.939 -1.42083 115.453 
0.182609 0 0 -165.467 -1.45572 114.46 
0.145352 0 0 -163.599 -1.49511 113.283 
0.123764 0 0 -161.523 -1.52488 112.021 
0.10087 0 0 -159.321 -1.53534 110.683 
0.0794556 0 0 -157.21 -1.52855 109.392 
0.0639252 0 0 -155.166 -1.50841 108.123 
0.0513619 0 0 -153.288 -1.47724 106.933 
0.0455658 0 0 -151.578 -1.441 105.848 
0.0415753 0 0 -150.065 -1.4026 104.876 
0.0368221 0 0 -148.764 -1.36629 104.038 
0.0386434 0 0 -147.65 -1.33342 103.335 
0.0274742 0 0 -146.747 -1.30595 102.786 
0.0313254 0 0 -146.067 -1.28523 102.411 
0.02516 0 0 -145.567 -1.27137 102.185 
0.0271673 0 0 -145.283 -1.2658 102.138 
0.0319997 0 0 -145.18 -1.26694 102.252 
0.0268027 0 0 -145.267 -1.27614 102.528 
0.0200682 0 0 -145.562 -1.29336 102.971 
0.0270524 0 0 -146.035 -1.31815 103.565 
0.0175487 0 0 -146.704 -1.35033 104.304 
0.0163535 0 0 -147.581 -1.39052 105.193 
0.0169438 0 0 -148.657 -1.43599 106.208 
0.0170921 0 0 -149.948 -1.48664 107.336 
0.0170733 0 0 -151.415 -1.53928 108.528 
0.0175997 0 0 -153.096 -1.5897 109.783 
0.0236325 0 0 -154.95 -1.63432 111.069 
0.0308112 0 0 -156.948 -1.66648 112.318 
0.0492828 0 0 -159.051 -1.68071 113.509 
0.0542039 0 0 -161.153 -1.67155 114.561 
0.0828573 0 0 -163.237 -1.63817 115.499 
0.115313 0 0 -165.141 -1.58017 116.214 
0.155927 0 0 -166.665 -1.51187 116.671 
0.1789 0 0 -167.721 -1.44977 116.848 
0.207643 0 0 -168.144 -1.40968 116.701 
0.218176 0 0 -167.852 -1.36813 116.162 
0.209886 0 0 -167.562 -1.37166 115.853 
0.205485 0 0 -166.573 -1.40615 115.228 
0.167117 0 0 -165.111 -1.45006 114.388 
0.146962 0 0 -163.23 -1.497 113.337 
0.110927 0 0 -161.136 -1.52964 112.155 
0.0808014 0 0 -158.988 -1.54258 110.92 
0.0687824 0 0 -156.883 -1.5375 109.682 
0.0556274 0 0 -154.831 -1.51608 108.432 
0.0464726 0 0 -152.941 -1.48399 107.244 
0.0367952 0 0 -151.248 -1.4466 106.142 
0.038238 0 0 -149.741 -1.40645 105.136 
0.0301089 0 0 -148.442 -1.36818 104.254 
0.0311914 0 0 -147.359 -1.33396 103.516 
0.0284928 0 0 -146.456 -1.30415 102.895 
0.0375503 0 0 -145.76 -1.28128 102.438 
0.033931 0 0 -145.285 -1.26598 102.143 
0.0284447 0 0 -144.995 -1.25698 101.999 
0.024471 0 0 -144.899 -1.25579 102.02 
0.0260487 0 0 -144.981 -1.26225 102.187 
0.0234831 0 0 -145.279 -1.27612 102.529 
0.0210244 0 0 -145.739 -1.29719 103.006 
0.0256559 0 0 -146.447 -1.32676 103.666 
0.0222958 0 0 -147.311 -1.36169 104.432 
0.0221863 0 0 -148.411 -1.40295 105.355 
0.018668 0 0 -149.687 -1.44762 106.363 
0.0190949 0 0 -151.179 -1.49467 107.481 
0.0253694 0 0 -152.852 -1.53883 108.657 
0.0305276 0 0 -154.716 -1.57736 109.882 
0.0419893 0 0 -156.745 -1.604 111.13 
0.0686597 0 0 -158.838 -1.6134 112.314 
0.0804353 0 0 -160.993 -1.60075 113.44 
0.108691 0 0 -163.1 -1.565 114.456 
0.1292 0 0 -164.953 -1.51219 115.253 
0.168068 0 0 -166.465 -1.45285 115.836 
0.194896 0 0 -167.443 -1.39909 116.133 
0.209852 0 0 -167.858 -1.37176 116.16 
0.208304 0 0 -167.762 -1.35676 115.977 
0.206603 0 0 -167.429 -1.37264 115.831 
0.181673 0 0 -166.416 -1.41674 115.355 
0.14713 0 0 -164.941 -1.47095 114.65 
0.130657 0 0 -163.057 -1.52089 113.707 
0.101613 0 0 -160.976 -1.55411 112.633 
0.0671743 0 0 -158.837 -1.56824 111.469 
0.0538129 0 0 -156.7 -1.56213 110.234 
0.0405048 0 0 -154.674 -1.53926 109.01 
0.0411411 0 0 -152.808 -1.50477 107.825 
0.0326525 0 0 -151.13 -1.46437 106.696 
0.0265653 0 0 -149.624 -1.42153 105.641 
0.0232122 0 0 -148.303 -1.37959 104.676 
0.0283981 0 0 -147.224 -1.34279 103.866 
0.0275319 0 0 -146.357 -1.3113 103.19 
0.0300931 0 0 -145.68 -1.28578 102.654 
0.0293651 0 0 -145.178 -1.267 102.252 
0.0279714 0 0 -144.895 -1.25607 102.017 
0.0273292 0 0 -144.785 -1.25173 101.928 
0.0309088 0 0 -144.872 -1.25548 102.004 
0.0259838 0 0 -145.183 -1.26718 102.25 
0.023092 0 0 -145.672 -1.28553 102.647 
0.0228638 0 0 -146.34 -1.31102 103.177 
0.0275545 0 0 -147.252 -1.34315 103.885 
0.0227699 0 0 -148.333 -1.38026 104.697 
0.025373 0 0 -149.622 -1.42133 105.636 
0.0310599 0 0 -151.123 -1.46402 106.691 
0.0324134 0 0 -152.789 -1.5041 107.8 
0.0409134 0 0 -154.684 -1.53859 109.016 
0.0540632 0 0 -156.713 -1.56208 110.251 
0.0805234 0 0 -158.835 -1.56869 111.465 
0.0906437 0 0 -161.005 -1.55427 112.653 
0.126966 0 0 -163.074 -1.51921 113.718 
0.153474 0 0 -164.967 -1.47017 114.664 
0.179004 0 0 -166.447 -1.41613 115.371 
0.202259 0 0 -167.407 -1.37513 115.814 
0.211384 0 0 -167.764 -1.357 115.977 
