55.358 0 0 -54.7638 17.059 27.6897 
54.2319 0 0 -54.8047 16.9459 27.6784 
51.0342 0 0 -54.9733 16.7497 27.6594 
45.918 0 0 -55.2571 16.3713 27.622 
39.1699 0 0 -55.6373 15.6974 27.5523 
31.4029 0 0 -56.1557 14.745 27.4488 
23.3005 0 0 -56.7742 13.3308 27.2835 
15.644 0 0 -57.4864 11.5142 27.049 
9.21159 0 0 -58.2528 9.32272 26.7257 
4.708 0 0 -58.9473 6.85817 26.2898 
1.96334 0 0 -59.5596 4.54913 25.7751 
0.628711 0 0 -59.9403 2.5589 25.1887 
0.130077 0 0 -60.1308 1.05378 24.5775 
0.0162008 0 0 -60.1664 0.0586787 24.009 
0.0465139 0 0 -60.1018 -0.572958 23.502 
0.105308 0 0 -59.9937 -0.940617 23.0967 
0.151232 0 0 -59.8879 -1.14919 22.7957 
0.188856 0 0 -59.8187 -1.24832 22.62 
0.202618 0 0 -59.7888 -1.28163 22.5547 
0.190366 0 0 -59.8247 -1.25028 22.616 
0.155565 0 0 -59.8854 -1.15054 22.7934 
0.104466 0 0 -60.0012 -0.941651 23.0955 
0.0429704 0 0 -60.1013 -0.574752 23.5006 
0.0151026 0 0 -60.1656 0.0549187 24.0065 
0.126619 0 0 -60.137 1.05827 24.5796 
0.621873 0 0 -59.9434 2.54265 25.1832 
1.9763 0 0 -59.5437 4.52423 25.7688 
4.70901 0 0 -58.9565 6.89118 26.2962 
9.20861 0 0 -58.2595 9.34094 26.7286 
15.6297 0 0 -57.492 11.5035 27.0476 
23.2772 0 0 -56.7837 13.3399 27.2847 
31.3887 0 0 -56.1443 14.6726 27.4405 
39.1819 0 0 -55.6432 15.7087 27.5535 
45.9664 0 0 -55.25 16.3118 27.6156 
50.9983 0 0 -54.9756 16.7975 27.6644 
54.2724 0 0 -54.8151 16.9814 27.6821 
55.2626 0 0 -54.7599 17.0973 27.6936 
54.2146 0 0 -54.8143 17.0133 27.685 
52.1278 0 0 -54.9633 16.8876 27.6731 
48.0018 0 0 -55.2323 16.5804 27.643 
42.0643 0 0 -55.6131 16.0609 27.5905 
34.7562 0 0 -56.1125 15.2456 27.5044 
26.718 0 0 -56.7305 14.0904 27.3747 
18.6061 0 0 -57.4729 12.5926 27.1927 
11.5589 0 0 -58.2713 10.5519 26.9147 
6.17733 0 0 -59.0485 8.14947 26.5316 
2.69709 0 0 -59.7352 5.64577 26.0387 
0.957205 0 0 -60.1727 3.35756 25.4498 
0.214307 0 0 -60.4045 1.58564 24.8232 
0.0205243 0 0 -60.4516 0.385867 24.2245 
0.0318745 0 0 -60.3268 -0.394556 23.6702 
0.0990255 0 0 -60.1462 -0.858612 23.2061 
0.156176 0 0 -59.9606 -1.11503 22.8563 
0.182953 0 0 -59.7995 -1.24829 22.6244 
0.192765 0 0 -59.6846 -1.30486 22.5077 
0.193651 0 0 -59.6242 -1.30093 22.5112 
0.172699 0 0 -59.6193 -1.23411 22.6411 
0.124915 0 0 -59.6471 -1.08962 22.8826 
0.0706756 0 0 -59.7146 -0.812094 23.245 
0.0163287 0 0 -59.7632 -0.332297 23.7089 
0.0549667 0 0 -59.7405 0.450141 24.2511 
0.328225 0 0 -59.596 1.64142 24.8373 
1.21689 0 0 -59.2791 3.31586 25.4302 
3.17824 0 0 -58.8045 5.47178 25.9941 
6.71261 0 0 -58.1802 7.79992 26.4654 
12.0432 0 0 -57.5041 10.1302 26.8491 
19.0576 0 0 -56.8169 12.12 27.1289 
26.8273 0 0 -56.2101 13.7762 27.3358 
34.6845 0 0 -55.686 14.983 27.4739 
41.9205 0 0 -55.2877 15.8449 27.5666 
47.8913 0 0 -55.0053 16.3928 27.6229 
52.0552 0 0 -54.8393 16.7842 27.6622 
54.22 0 0 -54.765 16.9038 27.6737 
54.1725 0 0 -54.8073 17.0243 27.6862 
51.0021 0 0 -54.9743 16.7932 27.6628 
48.0249 0 0 -55.2211 16.5299 27.6367 
42.9972 0 0 -55.5852 16.1967 27.6039 
36.4072 0 0 -56.0821 15.5776 27.5399 
28.8164 0 0 -56.7093 14.6582 27.44 
20.8747 0 0 -57.4422 13.2577 27.2762 
13.4871 0 0 -58.2823 11.4354 27.0409 
7.43043 0 0 -59.1038 9.10993 26.6952 
3.37948 0 0 -59.8473 6.52662 26.229 
1.20109 0 0 -60.3634 4.06785 25.6564 
0.272446 0 0 -60.6021 2.04583 25.0131 
0.0291656 0 0 -60.5934 0.604891 24.358 
0.036207 0 0 -60.4268 -0.295767 23.7614 
0.094362 0 0 -60.1401 -0.839522 23.2377 
0.148326 0 0 -59.8667 -1.13813 22.8297 
0.18674 0 0 -59.6121 -1.29287 22.5437 
0.200239 0 0 -59.3931 -1.36758 22.369 
0.20128 0 0 -59.2527 -1.38367 22.3207 
0.17895 0 0 -59.1683 -1.34931 22.3953 
0.149323 0 0 -59.147 -1.25632 22.5891 
0.106491 0 0 -59.1508 -1.07705 22.8905 
0.0477909 0 0 -59.1767 -0.749194 23.3072 
0.0160108 0 0 -59.176 -0.18457 23.8205 
0.120307 0 0 -59.0955 0.708109 24.3911 
0.576764 0 0 -58.8941 2.07411 25.0061 
1.79269 0 0 -58.5506 3.88095 25.5917 
4.2733 0 0 -58.0564 6.10021 26.1305 
8.29549 0 0 -57.4685 8.4414 26.5765 
14.19 0 0 -56.8473 10.5769 26.9136 
21.2016 0 0 -56.2676 12.4707 27.1728 
28.74 0 0 -55.7552 13.9579 27.3555 
36.3218 0 0 -55.3559 15.035 27.478 
42.8199 0 0 -55.0538 15.7696 27.5568 
47.7506 0 0 -54.8798 16.3616 27.6185 
50.9309 0 0 -54.804 16.6513 27.6478 
52.06 0 0 -54.831 16.7691 27.6596 
51.073 0 0 -54.9731 16.7332 27.6565 
45.8862 0 0 -55.2455 16.372 27.6193 
41.976 0 0 -55.6058 16.1269 27.5953 
36.378 0 0 -56.0983 15.6681 27.5486 
29.5549 0 0 -56.6954 14.8004 27.4549 
22.0271 0 0 -57.45 13.6869 27.328 
14.6259 0 0 -58.2726 11.9844 27.1153 
8.34203 0 0 -59.1441 9.7988 26.8052 
3.89321 0 0 -59.9296 7.27378 26.3777 
1.35251 0 0 -60.4862 4.62104 25.8046 
0.314901 0 0 -60.7307 2.38392 25.1431 
0.0266766 0 0 -60.6747 0.755095 24.4467 
0.0269466 0 0 -60.3976 -0.281167 23.783 
0.0969056 0 0 -60.0327 -0.871892 23.2103 
0.156219 0 0 -59.6291 -1.20198 22.7358 
0.197792 0 0 -59.2782 -1.3656 22.3933 
0.207308 0 0 -58.9532 -1.44767 22.1599 
0.210966 0 0 -58.7126 -1.47601 22.0524 
0.208206 0 0 -58.5532 -1.46651 22.0651 
0.172366 0 0 -58.4433 -1.42114 22.194 
0.148311 0 0 -58.4155 -1.3123 22.4549 
0.0913617 0 0 -58.4239 -1.11306 22.8204 
0.0394797 0 0 -58.4435 -0.75961 23.2853 
0.0244073 0 0 -58.4433 -0.139685 23.8473 
0.183948 0 0 -58.3535 0.843929 24.4577 
0.77106 0 0 -58.1454 2.28613 25.0815 
2.23101 0 0 -57.8122 4.19506 25.6752 
4.9875 0 0 -57.3469 6.38126 26.1875 
9.31231 0 0 -56.8262 8.66759 26.6131 
15.2385 0 0 -56.3104 10.8032 26.9446 
22.1008 0 0 -55.8292 12.5009 27.1747 
29.2761 0 0 -55.4174 13.8484 27.3405 
35.9922 0 0 -55.1309 14.882 27.4588 
41.6117 0 0 -54.9338 15.5991 27.5368 
45.6241 0 0 -54.853 16.0687 27.5863 
47.7073 0 0 -54.8711 16.3432 27.6149 
47.9221 0 0 -55.0012 16.3994 27.621 
45.9401 0 0 -55.2483 16.3685 27.619 
39.1962 0 0 -55.6402 15.7477 27.5533 
34.6863 0 0 -56.1141 15.3624 27.5135 
28.8273 0 0 -56.715 14.6644 27.438 
21.9021 0 0 -57.4437 13.7031 27.3286 
15.0112 0 0 -58.2731 12.1839 27.1411 
8.80682 0 0 -59.1621 10.2039 26.8671 
4.19341 0 0 -59.979 7.73242 26.4644 
1.45917 0 0 -60.5689 5.01413 25.9044 
0.320616 0 0 -60.8164 2.60743 25.2266 
0.0219998 0 0 -60.7022 0.83089 24.4942 
0.0266921 0 0 -60.323 -0.303265 23.7759 
0.102295 0 0 -59.832 -0.946342 23.1338 
0.16134 0 0 -59.3184 -1.28255 22.6015 
0.192478 0 0 -58.8297 -1.44819 22.1897 
0.214306 0 0 -58.4103 -1.52499 21.9003 
0.211777 0 0 -58.0769 -1.55287 21.7382 
0.221179 0 0 -57.823 -1.55554 21.6897 
0.190741 0 0 -57.6358 -1.53598 21.7559 
0.162193 0 0 -57.5396 -1.48724 21.9421 
0.12608 0 0 -57.5117 -1.38679 22.2468 
0.0773505 0 0 -57.5243 -1.19518 22.6608 
0.0325447 0 0 -57.5782 -0.836282 23.1823 
0.0355891 0 0 -57.5964 -0.20999 23.7832 
0.219123 0 0 -57.5451 0.807511 24.4328 
0.839088 0 0 -57.3744 2.2924 25.0801 
2.34128 0 0 -57.0994 4.22618 25.6806 
5.1703 0 0 -56.7181 6.42895 26.1951 
9.46969 0 0 -56.2906 8.65245 26.6084 
15.1094 0 0 -55.8579 10.608 26.914 
21.6166 0 0 -55.4894 12.2484 27.1396 
27.9857 0 0 -55.201 13.5889 27.3071 
33.9283 0 0 -55.0124 14.5521 27.4195 
38.4843 0 0 -54.918 15.2397 27.496 
41.6106 0 0 -54.9355 15.6163 27.5366 
42.767 0 0 -55.0631 15.8332 27.5601 
41.8377 0 0 -55.2869 15.8804 27.5659 
39.1323 0 0 -55.6414 15.7267 27.551 
31.3656 0 0 -56.1562 14.7815 27.4468 
26.614 0 0 -56.7428 14.2299 27.3861 
20.8548 0 0 -57.4618 13.3453 27.2835 
14.6302 0 0 -58.2687 12.0271 27.1191 
8.82874 0 0 -59.1561 10.2541 26.8742 
4.27919 0 0 -60.0015 7.87956 26.4917 
1.50241 0 0 -60.6191 5.22826 25.9575 
0.305829 0 0 -60.8495 2.73772 25.2751 
0.0109857 0 0 -60.6885 0.849676 24.5114 
0.0359552 0 0 -60.2326 -0.35372 23.746 
0.101686 0 0 -59.6137 -1.02175 23.0483 
0.168642 0 0 -58.9814 -1.3608 22.4558 
0.187151 0 0 -58.3661 -1.51858 21.9826 
0.196591 0 0 -57.843 -1.58372 21.635 
0.216283 0 0 -57.4036 -1.60563 21.4039 
0.190517 0 0 -57.0478 -1.6072 21.2934 
0.185351 0 0 -56.7772 -1.59943 21.2929 
0.170063 0 0 -56.6065 -1.58012 21.4091 
0.141965 0 0 -56.5021 -1.54178 21.636 
0.116792 0 0 -56.4925 -1.46022 21.9813 
0.0751978 0 0 -56.5408 -1.29127 22.4398 
0.0274858 0 0 -56.6206 -0.965503 22.9976 
0.0370628 0 0 -56.6918 -0.374198 23.6349 
0.206624 0 0 -56.6941 0.603792 24.3141 
0.794051 0 0 -56.6281 2.06285 24.9894 
2.2162 0 0 -56.4279 3.95949 25.6049 
4.79176 0 0 -56.1526 6.12375 26.1284 
8.81431 0 0 -55.825 8.24046 26.5353 
13.9884 0 0 -55.5208 10.168 26.8465 
19.6526 0 0 -55.2572 11.7781 27.0747 
25.3783 0 0 -55.0815 13.007 27.2333 
30.1578 0 0 -54.9973 13.9178 27.3434 
33.8996 0 0 -55.0091 14.5622 27.418 
35.9795 0 0 -55.1245 14.8839 27.4544 
36.3561 0 0 -55.3542 15.0654 27.4753 
34.6782 0 0 -55.6949 15.0281 27.4726 
31.4665 0 0 -56.1552 14.7669 27.4452 
23.2969 0 0 -56.7877 13.4218 27.2875 
18.6338 0 0 -57.4761 12.637 27.1927 
13.3851 0 0 -58.283 11.521 27.0493 
8.37403 0 0 -59.1408 9.84498 26.8113 
4.19198 0 0 -59.9802 7.74285 26.4671 
1.50082 0 0 -60.6144 5.22467 25.9582 
0.301334 0 0 -60.8699 2.78702 25.2952 
0.00949972 0 0 -60.6874 0.844924 24.516 
0.0422835 0 0 -60.1521 -0.406693 23.713 
0.112667 0 0 -59.433 -1.0913 22.9693 
0.160376 0 0 -58.6891 -1.42394 22.3289 
0.191105 0 0 -57.9635 -1.57062 21.7975 
0.200608 0 0 -57.3289 -1.62263 21.3889 
0.190841 0 0 -56.7617 -1.63268 21.0946 
0.184717 0 0 -56.3227 -1.62681 20.919 
0.185553 0 0 -55.9593 -1.61744 20.8528 
0.17271 0 0 -55.6982 -1.60869 20.8908 
0.155063 0 0 -55.5147 -1.59631 21.0425 
0.137016 0 0 -55.4308 -1.57299 21.2997 
0.104461 0 0 -55.4228 -1.51661 21.6727 
0.0711786 0 0 -55.4953 -1.3882 22.1536 
0.0363921 0 0 -55.6157 -1.12157 22.7335 
0.0347452 0 0 -55.7467 -0.609667 23.3982 
0.149768 0 0 -55.8443 0.270257 24.1032 
0.596635 0 0 -55.8748 1.63186 24.8089 
1.82585 0 0 -55.7966 3.41499 25.4434 
4.02597 0 0 -55.6484 5.48966 25.9856 
7.4716 0 0 -55.4544 7.56149 26.4103 
11.8669 0 0 -55.2671 9.43844 26.7311 
16.7992 0 0 -55.139 10.9841 26.9624 
21.435 0 0 -55.0641 12.171 27.1238 
25.4365 0 0 -55.0863 13.0457 27.2353 
28.0198 0 0 -55.2015 13.6529 27.3097 
29.3037 0 0 -55.4285 13.9768 27.3487 
28.7991 0 0 -55.7543 14.0114 27.3538 
26.7576 0 0 -56.2103 13.8511 27.3366 
23.3002 0 0 -56.7816 13.4219 27.2875 
15.555 0 0 -57.5067 11.6565 27.0615 
11.5127 0 0 -58.2715 10.5933 26.9163 
7.38931 0 0 -59.1222 9.1666 26.7031 
3.80283 0 0 -59.9471 7.30577 26.3858 
1.45919 0 0 -60.5916 5.04351 25.9163 
0.305388 0 0 -60.8661 2.73621 25.2808 
0.00505109 0 0 -60.6989 0.850473 24.5237 
0.0412737 0 0 -60.1365 -0.416638 23.7147 
0.116104 0 0 -59.3452 -1.12823 22.9325 
0.156975 0 0 -58.4854 -1.46869 22.2393 
0.181679 0 0 -57.6721 -1.60669 21.6615 
0.182252 0 0 -56.917 -1.64689 21.1987 
0.178243 0 0 -56.2531 -1.64445 20.8448 
0.174231 0 0 -55.6907 -1.6281 20.5984 
0.153993 0 0 -55.2223 -1.60973 20.4623 
0.143336 0 0 -54.8693 -1.59724 20.4311 
0.147091 0 0 -54.6044 -1.59109 20.5003 
0.12659 0 0 -54.4444 -1.58901 20.6752 
0.11553 0 0 -54.3605 -1.58041 20.9533 
0.0927351 0 0 -54.376 -1.55078 21.335 
0.0708725 0 0 -54.4692 -1.46519 21.827 
0.0436715 0 0 -54.6274 -1.26937 22.4125 
0.0354148 0 0 -54.8199 -0.864827 23.0859 
0.102026 0 0 -54.9956 -0.140822 23.8007 
0.401483 0 0 -55.1518 1.05001 24.534 
1.20344 0 0 -55.2263 2.68366 25.2038 
2.89249 0 0 -55.21 4.59967 25.767 
5.62761 0 0 -55.1519 6.53685 26.208 
9.20776 0 0 -55.0965 8.34735 26.5475 
13.0821 0 0 -55.0834 9.82479 26.7883 
16.6831 0 0 -55.1371 11.031 26.966 
19.686 0 0 -55.2648 11.8342 27.0766 
21.5343 0 0 -55.486 12.3695 27.1477 
22.1478 0 0 -55.8147 12.568 27.1742 
21.1589 0 0 -56.2552 12.5591 27.1747 
18.9856 0 0 -56.8202 12.2499 27.1371 
15.5318 0 0 -57.4951 11.6389 27.059 
9.1171 0 0 -58.2561 9.40935 26.7345 
6.13216 0 0 -59.0766 8.23177 26.5449 
3.33232 0 0 -59.8609 6.59229 26.2456 
1.33566 0 0 -60.5093 4.66285 25.823 
0.297193 0 0 -60.8378 2.60818 25.2391 
0.00804793 0 0 -60.7096 0.836807 24.5209 
0.0419385 0 0 -60.1585 -0.421715 23.7198 
0.12005 0 0 -59.3495 -1.14337 22.9296 
0.168124 0 0 -58.4324 -1.49089 22.2133 
0.175915 0 0 -57.5071 -1.63082 21.5895 
0.182165 0 0 -56.6608 -1.66449 21.0746 
0.172384 0 0 -55.8873 -1.65169 20.6637 
0.160453 0 0 -55.2169 -1.62382 20.3604 
0.154102 0 0 -54.6523 -1.59466 20.1576 
0.140314 0 0 -54.1904 -1.57211 20.0508 
0.135031 0 0 -53.8245 -1.56015 20.0414 
0.129381 0 0 -53.5695 -1.55861 20.1334 
0.110939 0 0 -53.4025 -1.5635 20.3151 
0.0975131 0 0 -53.3309 -1.56888 20.5947 
0.0882799 0 0 -53.366 -1.56226 20.983 
0.0715463 0 0 -53.4718 -1.51821 21.4615 
0.0527986 0 0 -53.6523 -1.39302 22.0369 
0.0327417 0 0 -53.8901 -1.1109 22.6954 
0.0582796 0 0 -54.1676 -0.561155 23.4146 
0.230922 0 0 -54.4268 0.367657 24.1456 
0.735689 0 0 -54.6461 1.7462 24.8444 
1.88214 0 0 -54.7929 3.43343 25.4399 
3.77345 0 0 -54.8921 5.20571 25.9124 
6.26262 0 0 -54.9803 6.93749 26.285 
9.0747 0 0 -55.1057 8.39076 26.5522 
11.9226 0 0 -55.2717 9.45531 26.7281 
13.9945 0 0 -55.5289 10.2661 26.8533 
15.1716 0 0 -55.8621 10.7175 26.9204 
15.1981 0 0 -56.3115 10.8613 26.9427 
14.0728 0 0 -56.8512 10.721 26.925 
11.9922 0 0 -57.5099 10.2387 26.8576 
9.16384 0 0 -58.2644 9.39467 26.7323 
4.63889 0 0 -58.9854 6.96698 26.3107 
2.65208 0 0 -59.7465 5.66537 26.0485 
1.14076 0 0 -60.3923 4.0872 25.6731 
0.29783 0 0 -60.7531 2.3739 25.1578 
0.0119038 0 0 -60.7218 0.794587 24.5017 
0.0394527 0 0 -60.2444 -0.389843 23.753 
0.115577 0 0 -59.4453 -1.12223 22.9777 
0.173021 0 0 -58.5168 -1.49175 22.2496 
0.177281 0 0 -57.5155 -1.64467 21.5909 
0.173284 0 0 -56.5549 -1.67969 21.028 
0.167838 0 0 -55.6933 -1.66118 20.569 
0.144139 0 0 -54.915 -1.62327 20.2077 
0.146272 0 0 -54.2546 -1.58326 19.9426 
0.124771 0 0 -53.6681 -1.54961 19.7658 
0.119119 0 0 -53.2225 -1.52772 19.6884 
0.101142 0 0 -52.8573 -1.51644 19.6951 
0.0983446 0 0 -52.6027 -1.51762 19.7903 
0.106215 0 0 -52.4367 -1.52741 19.9732 
0.0801279 0 0 -52.3796 -1.54316 20.2535 
0.0774477 0 0 -52.4143 -1.55377 20.6205 
0.0673971 0 0 -52.537 -1.54246 21.0801 
0.0504718 0 0 -52.7413 -1.47699 21.6315 
0.0458933 0 0 -53.02 -1.30268 22.2606 
0.0487971 0 0 -53.364 -0.930598 22.9578 
0.115069 0 0 -53.7215 -0.261996 23.6789 
0.370023 0 0 -54.0766 0.780776 24.38 
0.977848 0 0 -54.3833 2.15376 25.0029 
2.10748 0 0 -54.6429 3.71419 25.52 
3.7378 0 0 -54.8999 5.25771 25.9223 
5.58137 0 0 -55.1501 6.57916 26.2115 
7.41191 0 0 -55.4682 7.61653 26.4132 
8.84955 0 0 -55.8331 8.33174 26.5419 
9.49739 0 0 -56.2901 8.72179 26.6101 
9.26073 0 0 -56.8231 8.74343 26.6161 
8.24473 0 0 -57.4724 8.48751 26.5767 
6.65016 0 0 -58.2052 7.93045 26.4841 
4.60208 0 0 -58.9736 6.9446 26.3065 
1.88926 0 0 -59.5806 4.6021 25.7963 
0.905099 0 0 -60.218 3.37846 25.4716 
0.253223 0 0 -60.6361 2.02875 25.031 
0.0172231 0 0 -60.7089 0.715028 24.4614 
0.0332461 0 0 -60.3589 -0.35168 23.789 
0.115729 0 0 -59.6512 -1.07257 23.0606 
0.181977 0 0 -58.7165 -1.4721 22.3373 
0.182248 0 0 -57.6708 -1.64784 21.6651 
0.175201 0 0 -56.6564 -1.69397 21.072 
0.162432 0 0 -55.6984 -1.67555 20.575 
0.156786 0 0 -54.8222 -1.63222 20.1586 
0.136384 0 0 -54.0439 -1.58309 19.8361 
0.114757 0 0 -53.3684 -1.53889 19.5954 
0.104726 0 0 -52.815 -1.5049 19.4478 
0.105235 0 0 -52.3594 -1.48255 19.3811 
0.099815 0 0 -51.9854 -1.47213 19.3903 
0.0914667 0 0 -51.7402 -1.47467 19.4869 
0.0833241 0 0 -51.5731 -1.4876 19.6661 
0.072911 0 0 -51.5121 -1.50795 19.9256 
0.0647166 0 0 -51.5532 -1.5303 20.272 
0.05992 0 0 -51.6894 -1.54191 20.699 
0.0530764 0 0 -51.8993 -1.52112 21.2109 
0.0475155 0 0 -52.218 -1.43108 21.8018 
0.0476352 0 0 -52.5972 -1.21481 22.4467 
0.0678613 0 0 -53.0311 -0.786679 23.1368 
0.16129 0 0 -53.4883 -0.080804 23.8191 
0.4207 0 0 -53.9419 0.938455 24.4611 
0.977203 0 0 -54.3828 2.16883 25.0073 
1.83688 0 0 -54.7903 3.45209 25.442 
2.93566 0 0 -55.212 4.6296 25.7687 
3.97317 0 0 -55.6575 5.55254 25.9922 
4.76714 0 0 -56.1537 6.16978 26.1295 
5.13193 0 0 -56.7295 6.52716 26.2068 
4.90859 0 0 -57.3701 6.49957 26.2052 
4.17507 0 0 -58.0702 6.15541 26.1389 
3.08717 0 0 -58.8357 5.54137 26.0114 
1.86392 0 0 -59.5846 4.60455 25.7968 
0.587222 0 0 -59.9771 2.55375 25.2071 
0.18841 0 0 -60.4594 1.5888 24.8551 
0.0187079 0 0 -60.6335 0.565389 24.3811 
0.0334627 0 0 -60.4404 -0.342212 23.8004 
0.110231 0 0 -59.8659 -1.01554 23.1468 
0.179697 0 0 -59.0028 -1.43116 22.4647 
0.187597 0 0 -57.9821 -1.63611 21.8046 
0.199232 0 0 -56.9385 -1.70284 21.2054 
0.178188 0 0 -55.8914 -1.69513 20.6641 
0.147994 0 0 -54.9241 -1.65159 20.2132 
0.136007 0 0 -54.0463 -1.59697 19.8368 
0.118816 0 0 -53.2734 -1.54422 19.544 
0.114464 0 0 -52.5994 -1.49822 19.3251 
0.100324 0 0 -52.037 -1.464 19.1862 
0.0925934 0 0 -51.5712 -1.44116 19.1185 
0.083408 0 0 -51.2128 -1.43109 19.1305 
0.0704295 0 0 -50.9699 -1.43394 19.2262 
0.0701915 0 0 -50.8113 -1.44745 19.3853 
0.0681278 0 0 -50.7612 -1.47053 19.6262 
0.0601941 0 0 -50.8035 -1.49854 19.944 
0.0566389 0 0 -50.9353 -1.52353 20.3319 
0.0648408 0 0 -51.1678 -1.53274 20.7969 
0.0490832 0 0 -51.4958 -1.5017 21.3341 
0.0464888 0 0 -51.9037 -1.3942 21.9253 
0.0489617 0 0 -52.3832 -1.15914 22.5545 
0.0738969 0 0 -52.9227 -0.735016 23.1988 
0.151675 0 0 -53.4888 -0.0752643 23.8248 
0.363138 0 0 -54.0661 0.786615 24.3825 
0.737048 0 0 -54.6487 1.75692 24.8462 
1.24759 0 0 -55.2137 2.68103 25.1981 
1.75603 0 0 -55.8137 3.45902 25.4508 
2.14908 0 0 -56.4333 3.99165 25.6081 
2.30375 0 0 -57.1135 4.28003 25.6908 
2.15449 0 0 -57.8287 4.24108 25.6866 
1.71975 0 0 -58.5801 3.93438 25.611 
1.16276 0 0 -59.301 3.33803 25.4483 
0.574119 0 0 -59.9891 2.55903 25.209 
0.102645 0 0 -60.1931 1.031 24.6054 
0.0127594 0 0 -60.4913 0.328351 24.245 
0.0323429 0 0 -60.4533 -0.372184 23.7777 
0.0964977 0 0 -60.0646 -0.957814 23.224 
0.167907 0 0 -59.3415 -1.36966 22.6137 
0.195416 0 0 -58.3975 -1.605 21.9917 
0.196491 0 0 -57.3427 -1.70344 21.3938 
0.180731 0 0 -56.265 -1.71399 20.8489 
0.156649 0 0 -55.2236 -1.67979 20.3623 
0.136082 0 0 -54.2587 -1.62514 19.9465 
0.127091 0 0 -53.3751 -1.56579 19.6016 
0.112118 0 0 -52.5973 -1.5112 19.3263 
0.0910458 0 0 -51.9286 -1.46561 19.1219 
0.0818075 0 0 -51.3694 -1.43072 18.9888 
0.0752418 0 0 -50.9092 -1.40827 18.9244 
0.0795887 0 0 -50.5609 -1.39729 18.9292 
0.0765101 0 0 -50.309 -1.39848 19.0028 
0.0664832 0 0 -50.1505 -1.41065 19.1462 
0.0632291 0 0 -50.0966 -1.43285 19.3579 
0.0556168 0 0 -50.1409 -1.46275 19.64 
0.0610642 0 0 -50.2823 -1.49441 19.9867 
0.0587621 0 0 -50.5191 -1.52068 20.3988 
0.0584587 0 0 -50.8583 -1.52816 20.8716 
0.0489186 0 0 -51.2801 -1.49376 21.3978 
0.0481037 0 0 -51.7899 -1.38526 21.9648 
0.0492407 0 0 -52.373 -1.16436 22.5528 
0.062241 0 0 -53.0322 -0.789482 23.1413 
0.108684 0 0 -53.732 -0.261131 23.685 
0.228573 0 0 -54.4256 0.380978 24.1558 
0.385692 0 0 -55.1515 1.05853 24.5387 
0.614124 0 0 -55.8952 1.65362 24.8184 
0.75848 0 0 -56.6304 2.08615 24.9994 
0.806881 0 0 -57.4009 2.31101 25.0913 
0.733705 0 0 -58.1687 2.30268 25.0974 
0.549666 0 0 -58.9396 2.06588 25.02 
0.299499 0 0 -59.6301 1.62904 24.859 
0.103611 0 0 -60.1747 1.02894 24.6043 
0.0113236 0 0 -60.2101 -0.0134045 24.0271 
0.036821 0 0 -60.3555 -0.48568 23.6844 
0.104525 0 0 -60.1871 -0.936734 23.2538 
0.167767 0 0 -59.6718 -1.30341 22.7503 
0.20917 0 0 -58.8632 -1.55053 22.2036 
0.208162 0 0 -57.8633 -1.68274 21.6423 
0.190881 0 0 -56.7908 -1.72492 21.1038 
0.175015 0 0 -55.698 -1.70892 20.6059 
0.156724 0 0 -54.6522 -1.66161 20.1559 
0.131366 0 0 -53.6911 -1.60224 19.7721 
0.112989 0 0 -52.8127 -1.54232 19.447 
0.0991227 0 0 -52.0338 -1.48703 19.1857 
0.0884446 0 0 -51.3692 -1.44146 18.989 
0.0813145 0 0 -50.8063 -1.40675 18.8544 
0.0692239 0 0 -50.3545 -1.38307 18.7851 
0.0687601 0 0 -49.9968 -1.36975 18.7744 
0.0709418 0 0 -49.7521 -1.36945 18.8296 
0.0552169 0 0 -49.6016 -1.37914 18.9476 
0.0609558 0 0 -49.5454 -1.39847 19.1244 
0.0590057 0 0 -49.5919 -1.42678 19.3675 
0.0631751 0 0 -49.7312 -1.46039 19.6654 
0.0559083 0 0 -49.9799 -1.49492 20.0257 
0.0566542 0 0 -50.3148 -1.5229 20.4391 
0.050315 0 0 -50.7461 -1.52995 20.8991 
0.0553481 0 0 -51.2784 -1.49922 21.3978 
0.0488887 0 0 -51.9081 -1.40486 21.927 
0.0414842 0 0 -52.5945 -1.2256 22.4537 
0.045715 0 0 -53.371 -0.943088 22.9634 
0.0583089 0 0 -54.1818 -0.566668 23.4258 
0.0944174 0 0 -55.0097 -0.145063 23.8115 
0.139917 0 0 -55.8549 0.264065 24.1124 
0.183937 0 0 -56.7197 0.598215 24.3259 
0.190504 0 0 -57.5726 0.798981 24.4481 
0.152052 0 0 -58.397 0.838707 24.4819 
0.102706 0 0 -59.1492 0.688737 24.4178 
0.0378505 0 0 -59.7803 0.394942 24.2686 
0.0103706 0 0 -60.223 -0.00237741 24.0344 
0.0488543 0 0 -60.1372 -0.671263 23.5173 
0.103705 0 0 -60.1914 -0.959406 23.2293 
0.155841 0 0 -59.8935 -1.25159 22.844 
0.204235 0 0 -59.2987 -1.48447 22.3995 
0.226416 0 0 -58.4424 -1.63865 21.9152 
0.223571 0 0 -57.42 -1.71434 21.416 
0.197578 0 0 -56.321 -1.72825 20.9237 
0.158949 0 0 -55.2453 -1.69906 20.4703 
0.148083 0 0 -54.1982 -1.64798 20.057 
0.122909 0 0 -53.2347 -1.58792 19.6924 
0.112042 0 0 -52.3489 -1.52788 19.3786 
0.0863576 0 0 -51.5842 -1.47336 19.1259 
0.0793651 0 0 -50.912 -1.42767 18.9258 
0.0732792 0 0 -50.3499 -1.39114 18.7823 
0.066131 0 0 -49.9008 -1.36623 18.7001 
0.0637443 0 0 -49.5491 -1.35103 18.6722 
0.0576138 0 0 -49.3008 -1.34728 18.7042 
0.0503724 0 0 -49.1441 -1.35283 18.7874 
0.0527463 0 0 -49.0937 -1.36937 18.9335 
0.0522098 0 0 -49.1428 -1.39449 19.1326 
0.0481163 0 0 -49.294 -1.42646 19.3868 
0.0620808 0 0 -49.5338 -1.46308 19.6908 
0.0565749 0 0 -49.8764 -1.49951 20.0423 
0.0516602 0 0 -50.3101 -1.52831 20.4373 
0.0531727 0 0 -50.85 -1.54016 20.873 
0.0538326 0 0 -51.499 -1.52075 21.3347 
0.0446664 0 0 -52.2171 -1.45383 21.8032 
0.0452683 0 0 -53.0331 -1.32762 22.2678 
0.0345256 0 0 -53.9113 -1.13668 22.7049 
0.0272411 0 0 -54.8223 -0.895614 23.0925 
0.0245914 0 0 -55.7591 -0.638341 23.4102 
0.0276748 0 0 -56.7034 -0.412451 23.6447 
0.0268101 0 0 -57.6178 -0.248186 23.8008 
0.0174821 0 0 -58.4636 -0.193366 23.862 
0.0137346 0 0 -59.2234 -0.250365 23.8383 
0.0200965 0 0 -59.8056 -0.411697 23.7292 
0.0506672 0 0 -60.136 -0.669801 23.5186 
0.117406 0 0 -60.0386 -1.054 23.1137 
0.164728 0 0 -60.0011 -1.23553 22.8726 
0.199526 0 0 -59.6501 -1.4189 22.5564 
0.237001 0 0 -58.9874 -1.57241 22.1741 
0.241592 0 0 -58.1179 -1.67484 21.7498 
0.212467 0 0 -57.0685 -1.72346 21.3002 
0.179984 0 0 -55.9728 -1.7236 20.8581 
0.163192 0 0 -54.8726 -1.69136 20.4342 
0.130585 0 0 -53.8402 -1.64031 20.0495 
0.122183 0 0 -52.87 -1.58316 19.698 
0.0868973 0 0 -51.9934 -1.5235 19.3918 
0.0910942 0 0 -51.2232 -1.46981 19.1361 
0.074151 0 0 -50.5625 -1.42317 18.9308 
0.0601831 0 0 -49.9979 -1.38562 18.7756 
0.0653451 0 0 -49.5532 -1.35779 18.6732 
0.0527727 0 0 -49.1926 -1.33984 18.619 
0.0533809 0 0 -48.9508 -1.33246 18.6236 
0.0613944 0 0 -48.8038 -1.33459 18.6751 
0.0487803 0 0 -48.7535 -1.34602 18.779 
0.0498259 0 0 -48.8033 -1.36647 18.9368 
0.058614 0 0 -48.9506 -1.39514 19.1416 
0.0529944 0 0 -49.1842 -1.42975 19.3912 
0.051934 0 0 -49.5306 -1.46815 19.6882 
0.056501 0 0 -49.9736 -1.50724 20.0254 
0.0599864 0 0 -50.5191 -1.53996 20.399 
0.0537094 0 0 -51.1652 -1.5586 20.7988 
0.0660636 0 0 -51.9201 -1.55285 21.2197 
0.0549172 0 0 -52.7467 -1.51571 21.6341 
0.0530894 0 0 -53.6564 -1.43568 22.0456 
0.0483998 0 0 -54.6317 -1.32063 22.4161 
0.0393484 0 0 -55.636 -1.1741 22.7458 
0.0290338 0 0 -56.6319 -1.02277 23.0121 
0.0300246 0 0 -57.6016 -0.902713 23.1986 
0.0341107 0 0 -58.469 -0.83537 23.3036 
0.0447293 0 0 -59.2091 -0.839112 23.3246 
0.0788001 0 0 -59.7632 -0.908742 23.2702 
0.124881 0 0 -60.0508 -1.05071 23.1178 
0.166559 0 0 -59.9342 -1.27127 22.8182 
0.200863 0 0 -59.841 -1.38081 22.6363 
0.21906 0 0 -59.4334 -1.49918 22.3841 
0.240026 0 0 -58.7551 -1.60574 22.0665 
0.235783 0 0 -57.8513 -1.67979 21.7015 
0.206584 0 0 -56.8015 -1.71723 21.3007 
0.175048 0 0 -55.7103 -1.71573 20.8997 
0.144983 0 0 -54.6215 -1.68686 20.5099 
0.124454 0 0 -53.5722 -1.64039 20.1345 
0.102143 0 0 -52.604 -1.58564 19.7922 
0.0807033 0 0 -51.7366 -1.52925 19.4897 
0.0766545 0 0 -50.9708 -1.4757 19.225 
0.0717363 0 0 -50.3088 -1.42837 19.0064 
0.0649477 0 0 -49.7463 -1.38872 18.8288 
0.0523783 0 0 -49.3025 -1.35842 18.7063 
0.0579121 0 0 -48.9506 -1.33707 18.6241 
0.0576693 0 0 -48.6938 -1.32486 18.5887 
0.0554249 0 0 -48.5504 -1.3221 18.6051 
0.0526488 0 0 -48.5025 -1.32857 18.6706 
0.046662 0 0 -48.5503 -1.34434 18.7815 
0.0553914 0 0 -48.6979 -1.36757 18.9393 
0.053546 0 0 -48.9333 -1.39797 19.1367 
0.0578834 0 0 -49.2865 -1.43593 19.3833 
0.053562 0 0 -49.7326 -1.47721 19.6668 
0.0652098 0 0 -50.29 -1.51899 19.9888 
0.0722901 0 0 -50.9379 -1.5564 20.3376 
0.0683052 0 0 -51.6924 -1.58276 20.7029 
0.0702104 0 0 -52.5412 -1.59173 21.0845 
0.0755237 0 0 -53.4823 -1.57625 21.4668 
0.0729096 0 0 -54.4825 -1.53164 21.8319 
0.0710712 0 0 -55.5248 -1.46026 22.1665 
0.0807408 0 0 -56.551 -1.37251 22.4501 
0.0802704 0 0 -57.5524 -1.28601 22.6726 
0.0983981 0 0 -58.4496 -1.2132 22.833 
0.115912 0 0 -59.1819 -1.18419 22.9099 
0.14061 0 0 -59.701 -1.20394 22.9051 
0.170621 0 0 -59.9385 -1.27384 22.814 
0.21045 0 0 -59.8637 -1.38269 22.6355 
0.224011 0 0 -59.747 -1.43713 22.5288 
0.231706 0 0 -59.3055 -1.51567 22.3395 
0.215398 0 0 -58.5776 -1.59812 22.0755 
0.195571 0 0 -57.6637 -1.65959 21.7668 
0.191203 0 0 -56.6228 -1.69509 21.4203 
0.166441 0 0 -55.532 -1.70167 21.0491 
0.133377 0 0 -54.4535 -1.68229 20.6806 
0.113345 0 0 -53.4184 -1.64368 20.3225 
0.0906091 0 0 -52.4536 -1.59549 19.9825 
0.0809213 0 0 -51.5892 -1.54274 19.6685 
0.079526 0 0 -50.8231 -1.49062 19.3918 
0.0667255 0 0 -50.1654 -1.44263 19.1498 
0.0619913 0 0 -49.5984 -1.40075 18.9478 
0.0523486 0 0 -49.1484 -1.36722 18.7915 
0.0519992 0 0 -48.8045 -1.34153 18.6762 
0.0505108 0 0 -48.5538 -1.32524 18.6081 
0.0449509 0 0 -48.4005 -1.31713 18.583 
0.054988 0 0 -48.3574 -1.31864 18.6047 
0.0587926 0 0 -48.4047 -1.3287 18.6709 
0.0519558 0 0 -48.5517 -1.34674 18.7833 
0.0552205 0 0 -48.7945 -1.37324 18.935 
0.0564965 0 0 -49.1408 -1.40721 19.1322 
0.0554748 0 0 -49.5979 -1.44692 19.3682 
0.0617434 0 0 -50.1402 -1.49084 19.6402 
0.0631923 0 0 -50.8049 -1.53648 19.9427 
0.0699005 0 0 -51.5614 -1.57842 20.2748 
0.0797396 0 0 -52.4188 -1.61135 20.6246 
0.0946166 0 0 -53.3588 -1.6306 20.9826 
0.097328 0 0 -54.3871 -1.62894 21.3425 
0.117292 0 0 -55.4495 -1.60395 21.6842 
0.124693 0 0 -56.5188 -1.55594 21.9933 
0.131077 0 0 -57.53 -1.49297 22.2581 
0.152285 0 0 -58.4497 -1.42782 22.467 
0.169212 0 0 -59.1816 -1.38002 22.602 
0.19531 0 0 -59.6697 -1.36221 22.6588 
0.210666 0 0 -59.8606 -1.38563 22.6305 
0.216075 0 0 -59.8248 -1.41878 22.5694 
0.224999 0 0 -59.6788 -1.43259 22.5345 
0.206728 0 0 -59.1978 -1.48163 22.4088 
0.189043 0 0 -58.488 -1.54382 22.2128 
0.169787 0 0 -57.5623 -1.60544 21.953 
0.154896 0 0 -56.5319 -1.64971 21.6485 
0.135057 0 0 -55.4532 -1.67139 21.3121 
0.127746 0 0 -54.3779 -1.66867 20.9607 
0.106856 0 0 -53.3478 -1.64518 20.6049 
0.0938171 0 0 -52.3867 -1.60683 20.2573 
0.0796484 0 0 -51.5225 -1.5607 19.929 
0.0692125 0 0 -50.7661 -1.51154 19.6322 
0.0663747 0 0 -50.1053 -1.46426 19.3628 
0.0571089 0 0 -49.5497 -1.4204 19.1278 
0.0543703 0 0 -49.091 -1.38291 18.9303 
0.0528541 0 0 -48.7476 -1.35365 18.7792 
0.0502658 0 0 -48.4951 -1.33184 18.668 
0.0564383 0 0 -48.3492 -1.31941 18.6039 
0.0523645 0 0 -48.3036 -1.31475 18.5826 
0.0480268 0 0 -48.3522 -1.31943 18.603 
0.0468892 0 0 -48.505 -1.33287 18.6721 
0.0517421 0 0 -48.7412 -1.35344 18.778 
0.0643326 0 0 -49.0933 -1.38358 18.9314 
0.0523685 0 0 -49.5491 -1.42063 19.1274 
0.0679592 0 0 -50.1032 -1.4641 19.3612 
0.0650669 0 0 -50.7529 -1.51156 19.6267 
0.0752146 0 0 -51.5278 -1.56103 19.9314 
0.0895574 0 0 -52.3878 -1.60699 20.2557 
0.109631 0 0 -53.3488 -1.64482 20.6041 
0.119279 0 0 -54.38 -1.66881 20.9594 
0.138504 0 0 -55.4511 -1.67101 21.3131 
0.166021 0 0 -56.5402 -1.64927 21.6505 
0.16802 0 0 -57.545 -1.60615 21.9488 
0.189074 0 0 -58.4755 -1.54387 22.2113 
0.21383 0 0 -59.216 -1.47924 22.4117 
0.225674 0 0 -59.6744 -1.43526 22.5299 
0.209388 0 0 -59.8317 -1.41676 22.5735 
