51.2722 0 0 141.451 13.3797 -111.324 
50.2007 0 0 141.522 13.3902 -111.439 
47.0638 0 0 141.672 13.182 -111.764 
42.1032 0 0 141.934 12.7975 -112.316 
35.6321 0 0 142.328 12.1924 -113.1 
28.104 0 0 142.867 11.275 -114.121 
20.2939 0 0 143.517 9.91997 -115.337 
13.0671 0 0 144.258 8.12016 -116.666 
7.34564 0 0 145.044 5.88708 -118.005 
3.56242 0 0 145.769 3.53059 -119.202 
1.4929 0 0 146.315 1.36507 -120.1 
0.547759 0 0 146.612 -0.265406 -120.646 
0.218089 0 0 146.722 -1.33521 -120.934 
0.124216 0 0 146.705 -1.93873 -121.031 
0.0907851 0 0 146.633 -2.2503 -121.021 
0.0897785 0 0 146.535 -2.40179 -120.965 
0.0925758 0 0 146.463 -2.46871 -120.917 
0.0941325 0 0 146.422 -2.49517 -120.885 
0.0942589 0 0 146.39 -2.50335 -120.862 
0.095454 0 0 146.408 -2.4959 -120.879 
0.0953259 0 0 146.464 -2.47023 -120.919 
0.0825416 0 0 146.543 -2.40159 -120.966 
0.0967384 0 0 146.627 -2.25279 -121.018 
0.11829 0 0 146.707 -1.94266 -121.027 
0.213195 0 0 146.724 -1.33526 -120.934 
0.564184 0 0 146.609 -0.286363 -120.655 
1.46382 0 0 146.289 1.34784 -120.081 
3.54404 0 0 145.776 3.52017 -119.197 
7.333 0 0 145.066 5.90964 -118.021 
13.1279 0 0 144.272 8.1022 -116.676 
20.2495 0 0 143.502 9.948 -115.323 
28.1395 0 0 142.861 11.2701 -114.122 
35.6292 0 0 142.315 12.1597 -113.093 
42.1286 0 0 141.945 12.7934 -112.327 
47.1027 0 0 141.681 13.1806 -111.77 
50.0833 0 0 141.498 13.3983 -111.421 
51.3009 0 0 141.461 13.3941 -111.328 
50.1564 0 0 141.516 13.3904 -111.436 
48.055 0 0 141.635 13.2921 -111.691 
44.0652 0 0 141.883 13.0556 -112.187 
38.3508 0 0 142.251 12.5507 -112.918 
31.3349 0 0 142.747 11.7594 -113.878 
23.4732 0 0 143.381 10.7202 -115.042 
15.8209 0 0 144.124 9.09788 -116.378 
9.31571 0 0 144.948 7.03331 -117.79 
4.6928 0 0 145.735 4.5769 -119.095 
1.97638 0 0 146.353 2.20891 -120.115 
0.7619 0 0 146.72 0.252819 -120.776 
0.270436 0 0 146.873 -1.03923 -121.111 
0.132812 0 0 146.86 -1.79707 -121.212 
0.0922433 0 0 146.76 -2.19343 -121.194 
0.0927395 0 0 146.629 -2.38296 -121.1 
0.0881739 0 0 146.504 -2.46504 -120.991 
0.0985292 0 0 146.413 -2.49785 -120.91 
0.0870821 0 0 146.35 -2.50436 -120.836 
0.0903 0 0 146.315 -2.50077 -120.799 
0.0977806 0 0 146.319 -2.48241 -120.786 
0.0887221 0 0 146.38 -2.43534 -120.81 
0.0887194 0 0 146.427 -2.3289 -120.813 
0.109879 0 0 146.483 -2.10912 -120.809 
0.16661 0 0 146.511 -1.66245 -120.726 
0.359306 0 0 146.442 -0.858471 -120.506 
0.962454 0 0 146.209 0.456114 -120.049 
2.44225 0 0 145.777 2.28104 -119.307 
5.29335 0 0 145.166 4.53505 -118.269 
9.91267 0 0 144.426 6.82874 -117.019 
16.3973 0 0 143.679 8.77977 -115.714 
23.8097 0 0 143.017 10.3916 -114.485 
31.3638 0 0 142.47 11.5028 -113.427 
38.3587 0 0 142.043 12.2918 -112.576 
44.0432 0 0 141.739 12.8299 -111.951 
48.0647 0 0 141.558 13.1834 -111.555 
50.0959 0 0 141.487 13.3615 -111.384 
50.1913 0 0 141.513 13.3643 -111.433 
47.1053 0 0 141.668 13.1393 -111.76 
44.0543 0 0 141.882 13.0256 -112.181 
39.1742 0 0 142.226 12.706 -112.845 
32.88 0 0 142.689 12.0896 -113.738 
25.4839 0 0 143.296 11.1418 -114.87 
17.8316 0 0 144.031 9.81984 -116.184 
10.9479 0 0 144.866 7.86674 -117.614 
5.59958 0 0 145.704 5.47857 -118.999 
2.39841 0 0 146.387 2.92946 -120.14 
0.872515 0 0 146.832 0.741837 -120.904 
0.302167 0 0 146.986 -0.791724 -121.272 
0.126251 0 0 146.97 -1.68956 -121.377 
0.0866331 0 0 146.83 -2.16379 -121.321 
0.0822299 0 0 146.638 -2.38091 -121.172 
0.0861017 0 0 146.463 -2.47316 -121.023 
0.0858431 0 0 146.326 -2.50325 -120.882 
0.0914829 0 0 146.219 -2.50993 -120.768 
0.0902232 0 0 146.147 -2.50509 -120.683 
0.0931842 0 0 146.113 -2.49289 -120.625 
0.0901211 0 0 146.107 -2.46484 -120.58 
0.083249 0 0 146.147 -2.40233 -120.572 
0.0887242 0 0 146.199 -2.26772 -120.558 
0.109144 0 0 146.218 -1.98087 -120.482 
0.212766 0 0 146.186 -1.41947 -120.306 
0.53017 0 0 146.059 -0.449287 -119.98 
1.41126 0 0 145.753 1.0417 -119.39 
3.35827 0 0 145.24 3.00205 -118.512 
6.77489 0 0 144.604 5.21213 -117.411 
11.9833 0 0 143.909 7.3392 -116.188 
18.5344 0 0 143.247 9.16148 -114.975 
25.9203 0 0 142.658 10.575 -113.861 
33.027 0 0 142.215 11.5916 -112.965 
39.132 0 0 141.873 12.31 -112.268 
44.0621 0 0 141.646 12.767 -111.804 
47.0624 0 0 141.553 13.025 -111.575 
48.1112 0 0 141.559 13.1395 -111.558 
47.1632 0 0 141.663 13.1655 -111.761 
42.1371 0 0 141.937 12.7712 -112.317 
38.3093 0 0 142.252 12.5724 -112.911 
32.8674 0 0 142.69 12.0171 -113.745 
26.0819 0 0 143.263 11.3812 -114.79 
18.8928 0 0 143.984 10.1276 -116.079 
11.9484 0 0 144.808 8.36579 -117.497 
6.2889 0 0 145.659 6.14207 -118.916 
2.69757 0 0 146.404 3.51796 -120.145 
0.953907 0 0 146.899 1.09785 -121.003 
0.300088 0 0 147.069 -0.616989 -121.411 
0.124012 0 0 147.001 -1.65008 -121.498 
0.0809062 0 0 146.819 -2.16375 -121.398 
0.0878684 0 0 146.607 -2.39913 -121.24 
0.0839582 0 0 146.366 -2.48642 -121.021 
0.0895411 0 0 146.18 -2.50993 -120.832 
0.0879282 0 0 146.007 -2.50759 -120.648 
0.0905483 0 0 145.901 -2.49879 -120.52 
0.0953671 0 0 145.81 -2.48728 -120.4 
0.0850727 0 0 145.787 -2.47379 -120.332 
0.0861903 0 0 145.775 -2.44601 -120.279 
0.0869514 0 0 145.799 -2.37826 -120.234 
0.0880283 0 0 145.839 -2.22024 -120.176 
0.116968 0 0 145.856 -1.88722 -120.059 
0.251677 0 0 145.799 -1.25128 -119.828 
0.651739 0 0 145.614 -0.160951 -119.398 
1.74669 0 0 145.279 1.43299 -118.734 
3.95876 0 0 144.748 3.41239 -117.8 
7.72709 0 0 144.141 5.562 -116.705 
13.1322 0 0 143.493 7.55383 -115.536 
19.5542 0 0 142.912 9.22679 -114.432 
26.3364 0 0 142.417 10.5342 -113.47 
32.697 0 0 142.051 11.4723 -112.717 
38.1743 0 0 141.795 12.0402 -112.183 
41.964 0 0 141.685 12.5571 -111.891 
43.9936 0 0 141.651 12.7142 -111.805 
44.058 0 0 141.729 12.841 -111.941 
42.2182 0 0 141.944 12.7684 -112.329 
35.67 0 0 142.323 12.1514 -113.102 
31.3173 0 0 142.745 11.8028 -113.866 
25.3956 0 0 143.299 11.1788 -114.867 
18.8515 0 0 143.971 10.1284 -116.067 
12.2351 0 0 144.784 8.62167 -117.453 
6.66477 0 0 145.654 6.43362 -118.889 
2.88591 0 0 146.418 3.87099 -120.159 
0.97469 0 0 146.937 1.37772 -121.062 
0.286782 0 0 147.12 -0.513833 -121.52 
0.108833 0 0 147.034 -1.62509 -121.6 
0.0723776 0 0 146.794 -2.1826 -121.462 
0.0840028 0 0 146.5 -2.42007 -121.231 
0.0765847 0 0 146.244 -2.50031 -120.999 
0.0850388 0 0 145.977 -2.50912 -120.737 
0.0931182 0 0 145.759 -2.49406 -120.512 
0.0998206 0 0 145.591 -2.47529 -120.324 
0.0899773 0 0 145.484 -2.46087 -120.177 
0.0945141 0 0 145.396 -2.45074 -120.05 
0.0896522 0 0 145.363 -2.44113 -119.96 
0.0863544 0 0 145.369 -2.41866 -119.895 
0.0816041 0 0 145.394 -2.35606 -119.829 
0.0903694 0 0 145.424 -2.20004 -119.745 
0.119188 0 0 145.436 -1.85461 -119.595 
0.254331 0 0 145.378 -1.18202 -119.316 
0.722856 0 0 145.182 -0.0617641 -118.846 
1.83015 0 0 144.833 1.57856 -118.132 
4.18688 0 0 144.349 3.55368 -117.213 
8.00267 0 0 143.772 5.5939 -116.16 
13.1779 0 0 143.209 7.49306 -115.099 
19.0951 0 0 142.701 9.07005 -114.11 
25.3331 0 0 142.31 10.2281 -113.316 
30.8386 0 0 142.016 11.1362 -112.7 
35.2857 0 0 141.865 11.701 -112.345 
38.084 0 0 141.797 12.0882 -112.185 
39.171 0 0 141.871 12.3079 -112.269 
38.3336 0 0 142.036 12.3199 -112.568 
35.6257 0 0 142.33 12.179 -113.106 
28.1222 0 0 142.871 11.279 -114.132 
23.4179 0 0 143.382 10.7489 -115.043 
17.8289 0 0 144.027 9.78426 -116.177 
11.8916 0 0 144.805 8.40848 -117.492 
6.70539 0 0 145.643 6.4296 -118.885 
2.93906 0 0 146.42 4.04076 -120.154 
0.978917 0 0 146.967 1.50804 -121.11 
0.269597 0 0 147.147 -0.4431 -121.586 
0.0933438 0 0 147.042 -1.63588 -121.672 
0.0689193 0 0 146.749 -2.21011 -121.499 
0.072204 0 0 146.414 -2.44101 -121.236 
0.0791253 0 0 146.072 -2.50451 -120.93 
0.0904724 0 0 145.774 -2.49835 -120.643 
0.0876306 0 0 145.503 -2.46739 -120.364 
0.0912982 0 0 145.284 -2.43498 -120.127 
0.0898489 0 0 145.107 -2.40988 -119.916 
0.0902516 0 0 144.989 -2.39566 -119.753 
0.0897643 0 0 144.898 -2.39008 -119.606 
0.0883065 0 0 144.879 -2.39021 -119.519 
0.0906803 0 0 144.864 -2.37943 -119.421 
0.0820585 0 0 144.908 -2.33313 -119.353 
0.0845249 0 0 144.961 -2.19633 -119.256 
0.114306 0 0 144.987 -1.87755 -119.097 
0.239821 0 0 144.942 -1.23665 -118.818 
0.653184 0 0 144.786 -0.131503 -118.346 
1.73798 0 0 144.467 1.44583 -117.66 
3.90927 0 0 144.012 3.3349 -116.783 
7.44815 0 0 143.519 5.33274 -115.816 
12.1295 0 0 143.026 7.1395 -114.858 
17.4626 0 0 142.61 8.60079 -114.025 
22.8132 0 0 142.308 9.71819 -113.38 
27.3681 0 0 142.103 10.5996 -112.927 
30.9432 0 0 142.019 11.0785 -112.71 
32.7862 0 0 142.047 11.4301 -112.718 
32.9921 0 0 142.214 11.5924 -112.967 
31.2599 0 0 142.477 11.5789 -113.424 
28.0417 0 0 142.851 11.2862 -114.111 
20.2492 0 0 143.503 9.94096 -115.326 
15.8543 0 0 144.14 9.15601 -116.393 
10.8541 0 0 144.863 7.91034 -117.608 
6.3145 0 0 145.663 6.11485 -118.923 
2.88896 0 0 146.425 3.87897 -120.163 
0.969571 0 0 146.971 1.50413 -121.118 
0.269296 0 0 147.17 -0.437613 -121.623 
0.0940531 0 0 147.025 -1.64067 -121.689 
0.0675843 0 0 146.723 -2.22884 -121.527 
0.0702958 0 0 146.331 -2.45525 -121.223 
0.0780949 0 0 145.946 -2.50463 -120.888 
0.0849495 0 0 145.588 -2.48165 -120.556 
0.0928665 0 0 145.264 -2.43362 -120.232 
0.0858288 0 0 144.989 -2.38427 -119.931 
0.0926108 0 0 144.772 -2.34645 -119.687 
0.100634 0 0 144.585 -2.32192 -119.468 
0.0881786 0 0 144.473 -2.31098 -119.293 
0.0918964 0 0 144.385 -2.3125 -119.139 
0.0932052 0 0 144.347 -2.32174 -119.027 
0.0931574 0 0 144.36 -2.32649 -118.936 
0.0877059 0 0 144.415 -2.30445 -118.867 
0.0822737 0 0 144.474 -2.20306 -118.76 
0.108113 0 0 144.512 -1.94029 -118.599 
0.203817 0 0 144.52 -1.37832 -118.347 
0.522978 0 0 144.406 -0.383358 -117.917 
1.44293 0 0 144.155 1.08231 -117.301 
3.23104 0 0 143.794 2.88112 -116.519 
6.2927 0 0 143.376 4.77857 -115.664 
10.1958 0 0 142.969 6.47647 -114.851 
14.7172 0 0 142.632 7.83507 -114.158 
19.1666 0 0 142.412 8.95597 -113.656 
22.7033 0 0 142.302 9.73341 -113.374 
25.2721 0 0 142.313 10.2807 -113.316 
26.3686 0 0 142.424 10.5205 -113.477 
25.7926 0 0 142.659 10.5227 -113.869 
23.7149 0 0 143.012 10.3771 -114.485 
20.3418 0 0 143.517 9.92154 -115.338 
13.0401 0 0 144.271 8.14426 -116.671 
9.35097 0 0 144.956 7.02058 -117.793 
5.63194 0 0 145.705 5.48536 -119.001 
2.70494 0 0 146.407 3.50456 -120.153 
0.990087 0 0 146.934 1.35902 -121.07 
0.265516 0 0 147.142 -0.455724 -121.582 
0.0932565 0 0 147.018 -1.64188 -121.688 
0.0664142 0 0 146.703 -2.23564 -121.525 
0.0675377 0 0 146.298 -2.46063 -121.217 
0.0835281 0 0 145.85 -2.50194 -120.847 
0.0828881 0 0 145.449 -2.46383 -120.48 
0.0897849 0 0 145.07 -2.40056 -120.118 
0.0886909 0 0 144.743 -2.33655 -119.785 
0.0896767 0 0 144.469 -2.28291 -119.489 
0.0910779 0 0 144.249 -2.24397 -119.227 
0.0952153 0 0 144.067 -2.2215 -118.993 
0.087354 0 0 143.947 -2.21458 -118.807 
0.0900616 0 0 143.871 -2.22293 -118.66 
0.0918254 0 0 143.829 -2.24027 -118.534 
0.0883598 0 0 143.851 -2.25983 -118.438 
0.082698 0 0 143.919 -2.26054 -118.367 
0.0827222 0 0 143.977 -2.20295 -118.255 
0.104563 0 0 144.042 -2.01628 -118.123 
0.160043 0 0 144.092 -1.58138 -117.908 
0.376667 0 0 144.057 -0.754033 -117.562 
1.00035 0 0 143.902 0.522504 -117.053 
2.34178 0 0 143.644 2.14054 -116.41 
4.63587 0 0 143.328 3.88835 -115.706 
7.88349 0 0 143.01 5.48761 -115.035 
11.38 0 0 142.79 6.85161 -114.515 
14.7145 0 0 142.645 7.88602 -114.163 
17.4877 0 0 142.607 8.55831 -114.029 
19.0988 0 0 142.7 9.089 -114.107 
19.5854 0 0 142.912 9.26528 -114.431 
18.5577 0 0 143.244 9.18119 -114.97 
16.3618 0 0 143.692 8.79435 -115.721 
13.0452 0 0 144.271 8.13771 -116.673 
7.33356 0 0 145.065 5.91771 -118.023 
4.71176 0 0 145.729 4.56196 -119.085 
2.38576 0 0 146.389 2.92538 -120.134 
0.959944 0 0 146.894 1.10643 -121 
0.293418 0 0 147.121 -0.513818 -121.522 
0.0980912 0 0 147.019 -1.63608 -121.657 
0.0647134 0 0 146.721 -2.22829 -121.521 
0.0773485 0 0 146.268 -2.46177 -121.203 
0.081554 0 0 145.814 -2.50085 -120.834 
0.0869915 0 0 145.356 -2.45279 -120.429 
0.0792729 0 0 144.945 -2.37663 -120.043 
0.0847122 0 0 144.567 -2.29739 -119.668 
0.0888133 0 0 144.243 -2.22876 -119.334 
0.0895944 0 0 143.965 -2.17511 -119.022 
0.0881718 0 0 143.749 -2.13866 -118.758 
0.0893758 0 0 143.551 -2.11843 -118.518 
0.0846351 0 0 143.449 -2.11621 -118.335 
0.0900242 0 0 143.368 -2.1282 -118.175 
0.0885072 0 0 143.326 -2.15167 -118.04 
0.0915155 0 0 143.353 -2.18193 -117.951 
0.091981 0 0 143.398 -2.20272 -117.856 
0.0954054 0 0 143.478 -2.18672 -117.77 
0.0960094 0 0 143.6 -2.07729 -117.674 
0.137298 0 0 143.69 -1.7819 -117.523 
0.240174 0 0 143.732 -1.17656 -117.274 
0.60925 0 0 143.69 -0.158577 -116.907 
1.50015 0 0 143.566 1.21064 -116.438 
3.04597 0 0 143.358 2.77062 -115.897 
5.21502 0 0 143.164 4.25832 -115.411 
7.78329 0 0 143.04 5.5107 -115.058 
10.187 0 0 142.97 6.4757 -114.845 
12.1819 0 0 143.028 7.13198 -114.866 
13.1371 0 0 143.203 7.50841 -115.092 
13.0706 0 0 143.494 7.57492 -115.54 
11.9865 0 0 143.89 7.31799 -116.176 
10.0024 0 0 144.446 6.81151 -117.037 
7.34652 0 0 145.049 5.8952 -118.006 
3.56984 0 0 145.77 3.49923 -119.201 
1.9845 0 0 146.343 2.20147 -120.109 
0.882385 0 0 146.832 0.728824 -120.906 
0.311049 0 0 147.068 -0.625361 -121.413 
0.101913 0 0 147.042 -1.63264 -121.608 
0.0707724 0 0 146.751 -2.21016 -121.501 
0.0730898 0 0 146.33 -2.45444 -121.219 
0.0784407 0 0 145.848 -2.50249 -120.847 
0.0862446 0 0 145.361 -2.45344 -120.434 
0.0871653 0 0 144.888 -2.36738 -120.007 
0.0906384 0 0 144.468 -2.27612 -119.607 
0.0855841 0 0 144.103 -2.19355 -119.239 
0.0873053 0 0 143.765 -2.12546 -118.884 
0.0876 0 0 143.493 -2.07334 -118.578 
0.0879646 0 0 143.274 -2.03892 -118.301 
0.0879078 0 0 143.092 -2.02111 -118.064 
0.0880697 0 0 142.963 -2.01971 -117.86 
0.0923719 0 0 142.892 -2.03443 -117.71 
0.0859042 0 0 142.861 -2.06124 -117.572 
0.0850281 0 0 142.879 -2.09755 -117.475 
0.0904703 0 0 142.932 -2.13377 -117.394 
0.0926313 0 0 143.027 -2.1502 -117.328 
0.0938364 0 0 143.176 -2.10873 -117.274 
0.11464 0 0 143.301 -1.94261 -117.178 
0.168103 0 0 143.422 -1.55304 -117.041 
0.360509 0 0 143.49 -0.846063 -116.827 
0.811695 0 0 143.482 0.200795 -116.533 
1.70163 0 0 143.435 1.46939 -116.211 
3.04746 0 0 143.358 2.75125 -115.904 
4.64661 0 0 143.316 3.89705 -115.695 
6.32787 0 0 143.376 4.75536 -115.667 
7.44658 0 0 143.517 5.33511 -115.817 
7.93661 0 0 143.779 5.62495 -116.163 
7.75649 0 0 144.135 5.57753 -116.697 
6.80594 0 0 144.604 5.20422 -117.414 
5.27519 0 0 145.161 4.53645 -118.267 
3.53845 0 0 145.757 3.53228 -119.187 
1.51215 0 0 146.302 1.34349 -120.096 
0.739763 0 0 146.735 0.273118 -120.776 
0.297782 0 0 147.007 -0.786169 -121.286 
0.114996 0 0 147.007 -1.64025 -121.496 
0.0734468 0 0 146.8 -2.18464 -121.468 
0.0753246 0 0 146.421 -2.44186 -121.241 
0.0790874 0 0 145.958 -2.50624 -120.902 
0.0892435 0 0 145.437 -2.46351 -120.472 
0.0827411 0 0 144.946 -2.37665 -120.043 
0.0854836 0 0 144.475 -2.27674 -119.61 
0.0859904 0 0 144.053 -2.18165 -119.204 
0.0832061 0 0 143.664 -2.09851 -118.811 
0.0920673 0 0 143.337 -2.0319 -118.461 
0.0841189 0 0 143.053 -1.98184 -118.138 
0.0854613 0 0 142.834 -1.94918 -117.864 
0.0848763 0 0 142.652 -1.93258 -117.622 
0.0853271 0 0 142.53 -1.93196 -117.424 
0.0890118 0 0 142.452 -1.94605 -117.263 
0.0861248 0 0 142.43 -1.97449 -117.138 
0.0829643 0 0 142.459 -2.01402 -117.05 
0.0911892 0 0 142.513 -2.05883 -116.982 
0.0870124 0 0 142.631 -2.09702 -116.945 
0.0935283 0 0 142.773 -2.10424 -116.913 
0.103523 0 0 142.939 -2.0388 -116.884 
0.129881 0 0 143.105 -1.83127 -116.831 
0.183441 0 0 143.285 -1.40743 -116.771 
0.397206 0 0 143.414 -0.719532 -116.671 
0.828907 0 0 143.493 0.199303 -116.538 
1.46854 0 0 143.542 1.20941 -116.421 
2.35751 0 0 143.627 2.15138 -116.39 
3.25098 0 0 143.792 2.88053 -116.518 
3.92783 0 0 144.026 3.33538 -116.789 
4.20922 0 0 144.348 3.54952 -117.221 
3.94651 0 0 144.748 3.43991 -117.793 
3.32601 0 0 145.246 3.01347 -118.517 
2.38373 0 0 145.781 2.31905 -119.307 
1.46813 0 0 146.284 1.35967 -120.079 
0.555612 0 0 146.612 -0.275381 -120.656 
0.271627 0 0 146.883 -1.04054 -121.121 
0.136934 0 0 146.953 -1.69778 -121.373 
0.0823292 0 0 146.828 -2.16453 -121.407 
0.0756561 0 0 146.51 -2.42125 -121.241 
0.0853215 0 0 146.081 -2.50563 -120.94 
0.0873452 0 0 145.577 -2.48075 -120.543 
0.0835011 0 0 145.08 -2.40003 -120.118 
0.0845067 0 0 144.573 -2.29768 -119.673 
0.0843852 0 0 144.092 -2.19359 -119.229 
0.0914808 0 0 143.671 -2.09911 -118.818 
0.0832901 0 0 143.282 -2.01749 -118.413 
0.0898333 0 0 142.956 -1.95347 -118.065 
0.0905211 0 0 142.676 -1.90585 -117.749 
0.0886195 0 0 142.44 -1.87247 -117.455 
0.0845052 0 0 142.283 -1.85655 -117.232 
0.0868285 0 0 142.148 -1.85438 -117.029 
0.0836431 0 0 142.086 -1.86779 -116.875 
0.0930034 0 0 142.051 -1.89472 -116.75 
0.0857598 0 0 142.066 -1.93338 -116.662 
0.0924933 0 0 142.132 -1.98167 -116.613 
0.0923195 0 0 142.242 -2.03145 -116.588 
0.0953647 0 0 142.406 -2.06941 -116.599 
0.100031 0 0 142.607 -2.07085 -116.636 
0.107886 0 0 142.82 -1.99518 -116.67 
0.127567 0 0 143.056 -1.78885 -116.721 
0.205156 0 0 143.27 -1.41089 -116.766 
0.348782 0 0 143.493 -0.846225 -116.832 
0.61739 0 0 143.687 -0.163237 -116.911 
1.01146 0 0 143.909 0.525901 -117.055 
1.42671 0 0 144.151 1.08059 -117.294 
1.76185 0 0 144.454 1.44748 -117.655 
1.83778 0 0 144.838 1.58 -118.14 
1.74099 0 0 145.263 1.44308 -118.718 
1.4079 0 0 145.739 1.04954 -119.38 
0.969188 0 0 146.215 0.45898 -120.053 
0.564997 0 0 146.623 -0.27055 -120.662 
0.221796 0 0 146.725 -1.33646 -120.939 
0.120408 0 0 146.87 -1.796 -121.226 
0.0848292 0 0 146.815 -2.16476 -121.307 
0.0789294 0 0 146.611 -2.39829 -121.237 
0.0811633 0 0 146.233 -2.49897 -120.987 
0.0880482 0 0 145.781 -2.49857 -120.651 
0.0930384 0 0 145.269 -2.4332 -120.231 
0.0838817 0 0 144.74 -2.33577 -119.778 
0.0816428 0 0 144.233 -2.22809 -119.323 
0.0832384 0 0 143.775 -2.12542 -118.889 
0.0893011 0 0 143.332 -2.0315 -118.456 
0.0873906 0 0 142.957 -1.95331 -118.063 
0.0886297 0 0 142.62 -1.88985 -117.703 
0.0883857 0 0 142.351 -1.8431 -117.386 
0.0896212 0 0 142.113 -1.81046 -117.103 
0.0854812 0 0 141.944 -1.79266 -116.865 
0.0879409 0 0 141.824 -1.78994 -116.673 
0.0914885 0 0 141.732 -1.79953 -116.511 
0.0958744 0 0 141.705 -1.8234 -116.399 
0.0860838 0 0 141.739 -1.86033 -116.328 
0.0923649 0 0 141.816 -1.9083 -116.308 
0.0907457 0 0 141.93 -1.96205 -116.307 
0.0931526 0 0 142.085 -2.01519 -116.342 
0.0923412 0 0 142.295 -2.05414 -116.416 
0.0952916 0 0 142.548 -2.05746 -116.533 
0.109028 0 0 142.82 -1.99511 -116.67 
0.127242 0 0 143.12 -1.83405 -116.845 
0.166393 0 0 143.43 -1.55041 -117.038 
0.254748 0 0 143.727 -1.17904 -117.272 
0.394772 0 0 144.062 -0.757295 -117.561 
0.530704 0 0 144.418 -0.384093 -117.928 
0.672747 0 0 144.794 -0.132324 -118.358 
0.723796 0 0 145.178 -0.0603399 -118.84 
0.668485 0 0 145.625 -0.165541 -119.405 
0.544153 0 0 146.06 -0.435011 -119.977 
0.37453 0 0 146.446 -0.862159 -120.513 
0.222258 0 0 146.712 -1.33795 -120.929 
0.117789 0 0 146.715 -1.93768 -121.036 
0.0836605 0 0 146.756 -2.192 -121.181 
0.0881515 0 0 146.64 -2.38296 -121.184 
0.0820334 0 0 146.374 -2.48536 -121.018 
0.087721 0 0 145.986 -2.50964 -120.746 
0.0889502 0 0 145.521 -2.46814 -120.379 
0.0866881 0 0 144.992 -2.38474 -119.94 
0.089754 0 0 144.475 -2.28282 -119.487 
0.0850191 0 0 143.97 -2.17547 -119.029 
0.0882815 0 0 143.49 -2.07331 -118.569 
0.0854989 0 0 143.059 -1.98185 -118.137 
0.0861202 0 0 142.677 -1.90471 -117.742 
0.0910918 0 0 142.346 -1.84261 -117.384 
0.0877029 0 0 142.073 -1.79522 -117.064 
0.08595 0 0 141.858 -1.76196 -116.793 
0.0879562 0 0 141.665 -1.74242 -116.553 
0.0849106 0 0 141.551 -1.73637 -116.363 
0.0910344 0 0 141.467 -1.74406 -116.218 
0.0897105 0 0 141.449 -1.76395 -116.116 
0.0927379 0 0 141.453 -1.7961 -116.049 
0.0875958 0 0 141.533 -1.84011 -116.04 
0.089156 0 0 141.658 -1.89363 -116.071 
0.0893061 0 0 141.817 -1.95229 -116.138 
0.0934977 0 0 142.035 -2.00987 -116.255 
0.0902537 0 0 142.304 -2.05452 -116.424 
0.0965754 0 0 142.597 -2.07062 -116.625 
0.105493 0 0 142.933 -2.03846 -116.876 
0.110239 0 0 143.305 -1.94259 -117.179 
0.130976 0 0 143.691 -1.78326 -117.518 
0.170715 0 0 144.101 -1.57921 -117.913 
0.188381 0 0 144.518 -1.38067 -118.342 
0.231692 0 0 144.945 -1.23317 -118.811 
0.258958 0 0 145.383 -1.18246 -119.323 
0.257787 0 0 145.803 -1.24906 -119.831 
0.208913 0 0 146.206 -1.4199 -120.326 
0.160767 0 0 146.515 -1.66397 -120.738 
0.121416 0 0 146.714 -1.93915 -121.035 
0.0921559 0 0 146.629 -2.2498 -121.015 
0.0877078 0 0 146.631 -2.38253 -121.099 
0.0880013 0 0 146.464 -2.47355 -121.021 
0.0865939 0 0 146.182 -2.51081 -120.833 
0.0847624 0 0 145.76 -2.49422 -120.51 
0.0917657 0 0 145.284 -2.4346 -120.124 
0.0833947 0 0 144.771 -2.34595 -119.685 
0.0952968 0 0 144.237 -2.24368 -119.219 
0.0861426 0 0 143.741 -2.13878 -118.755 
0.0862937 0 0 143.266 -2.03857 -118.296 
0.0814212 0 0 142.839 -1.94927 -117.869 
0.0897845 0 0 142.449 -1.87306 -117.47 
0.0910488 0 0 142.116 -1.8104 -117.104 
0.0888487 0 0 141.846 -1.76221 -116.79 
0.0852392 0 0 141.624 -1.72722 -116.513 
0.0897998 0 0 141.449 -1.70553 -116.289 
0.0860805 0 0 141.319 -1.69627 -116.097 
0.0923915 0 0 141.25 -1.69992 -115.972 
0.0881747 0 0 141.218 -1.71523 -115.874 
0.091434 0 0 141.239 -1.74246 -115.834 
0.0859473 0 0 141.308 -1.78128 -115.833 
0.0890537 0 0 141.441 -1.83181 -115.897 
0.086134 0 0 141.605 -1.88879 -115.987 
0.090129 0 0 141.821 -1.95269 -116.142 
0.101006 0 0 142.079 -2.01542 -116.339 
0.0949626 0 0 142.416 -2.07017 -116.611 
0.0946772 0 0 142.774 -2.10428 -116.913 
0.083663 0 0 143.181 -2.10847 -117.271 
0.0976849 0 0 143.599 -2.07842 -117.678 
0.093582 0 0 144.043 -2.01394 -118.116 
0.118571 0 0 144.509 -1.94175 -118.6 
0.11345 0 0 144.985 -1.87731 -119.099 
0.118959 0 0 145.451 -1.85518 -119.606 
0.116516 0 0 145.847 -1.88764 -120.053 
0.104837 0 0 146.234 -1.9732 -120.488 
0.108451 0 0 146.493 -2.10587 -120.816 
0.0909564 0 0 146.622 -2.25274 -121.017 
0.0902907 0 0 146.552 -2.40182 -120.984 
0.0833961 0 0 146.497 -2.46474 -120.983 
0.093516 0 0 146.322 -2.50322 -120.88 
0.0886473 0 0 146.022 -2.50822 -120.661 
0.0922037 0 0 145.602 -2.47563 -120.329 
0.0908214 0 0 145.104 -2.40972 -119.917 
0.0918083 0 0 144.601 -2.32239 -119.476 
0.0967888 0 0 144.066 -2.22141 -118.994 
0.0909384 0 0 143.555 -2.11865 -118.52 
0.0906536 0 0 143.082 -2.02064 -118.057 
0.0882419 0 0 142.663 -1.9329 -117.629 
0.0912176 0 0 142.273 -1.85611 -117.223 
0.0891095 0 0 141.957 -1.79304 -116.877 
0.0898583 0 0 141.666 -1.74237 -116.548 
0.0941767 0 0 141.428 -1.70494 -116.272 
0.092786 0 0 141.259 -1.68057 -116.061 
0.0877407 0 0 141.146 -1.66775 -115.883 
0.0905149 0 0 141.072 -1.66727 -115.763 
0.0923763 0 0 141.042 -1.67773 -115.685 
0.0928797 0 0 141.071 -1.70016 -115.671 
0.0889389 0 0 141.13 -1.73271 -115.681 
0.0921342 0 0 141.256 -1.77709 -115.76 
0.0948795 0 0 141.429 -1.83071 -115.888 
0.0901586 0 0 141.645 -1.8933 -116.062 
0.093682 0 0 141.925 -1.96157 -116.302 
0.0906634 0 0 142.257 -2.03172 -116.599 
0.0863646 0 0 142.619 -2.09665 -116.936 
0.0920595 0 0 143.036 -2.15037 -117.333 
0.0897885 0 0 143.495 -2.18707 -117.782 
0.0856411 0 0 143.967 -2.20306 -118.25 
0.0770314 0 0 144.468 -2.20312 -118.756 
0.0847987 0 0 144.958 -2.19649 -119.26 
0.0880491 0 0 145.411 -2.1978 -119.73 
0.0848242 0 0 145.855 -2.22064 -120.187 
0.095836 0 0 146.175 -2.2676 -120.541 
0.086403 0 0 146.433 -2.32794 -120.817 
0.0970592 0 0 146.543 -2.4017 -120.978 
0.0956263 0 0 146.449 -2.46966 -120.91 
0.0953232 0 0 146.412 -2.49737 -120.906 
0.0909906 0 0 146.217 -2.50906 -120.765 
0.0893134 0 0 145.89 -2.49874 -120.511 
0.100747 0 0 145.474 -2.46064 -120.175 
0.09179 0 0 145.002 -2.39636 -119.761 
0.0978891 0 0 144.449 -2.31069 -119.279 
0.0975577 0 0 143.941 -2.21519 -118.813 
0.0897694 0 0 143.434 -2.11588 -118.323 
0.0897989 0 0 142.958 -2.01984 -117.863 
0.0857738 0 0 142.547 -1.93251 -117.439 
0.0881469 0 0 142.161 -1.85522 -117.04 
0.0851664 0 0 141.828 -1.78973 -116.673 
0.0880005 0 0 141.549 -1.73727 -116.366 
0.0907621 0 0 141.326 -1.69624 -116.104 
0.0924974 0 0 141.139 -1.66764 -115.885 
0.0927219 0 0 141.009 -1.65093 -115.717 
0.0923938 0 0 140.948 -1.64587 -115.619 
0.089252 0 0 140.921 -1.65072 -115.553 
0.095623 0 0 140.942 -1.6672 -115.547 
0.0819332 0 0 141.017 -1.69433 -115.585 
0.0889583 0 0 141.145 -1.73292 -115.69 
0.0943487 0 0 141.294 -1.78105 -115.827 
0.0921201 0 0 141.528 -1.84028 -116.037 
0.0901174 0 0 141.81 -1.90784 -116.302 
0.0870705 0 0 142.141 -1.98175 -116.611 
0.0880339 0 0 142.525 -2.05906 -116.99 
0.0874512 0 0 142.933 -2.13416 -117.396 
0.0861555 0 0 143.397 -2.20275 -117.855 
0.0904129 0 0 143.899 -2.2605 -118.356 
0.0850337 0 0 144.413 -2.30285 -118.859 
0.079682 0 0 144.915 -2.3328 -119.352 
0.0820414 0 0 145.382 -2.3574 -119.826 
0.0854085 0 0 145.818 -2.37803 -120.245 
0.0894086 0 0 146.149 -2.40332 -120.573 
0.0890088 0 0 146.384 -2.43606 -120.814 
0.0900464 0 0 146.458 -2.4694 -120.914 
0.091164 0 0 146.406 -2.49543 -120.876 
0.092033 0 0 146.358 -2.50564 -120.85 
0.0928509 0 0 146.153 -2.50439 -120.685 
0.0893311 0 0 145.805 -2.4877 -120.398 
0.0879849 0 0 145.395 -2.45008 -120.046 
0.0968431 0 0 144.902 -2.39127 -119.62 
0.0927434 0 0 144.403 -2.31352 -119.155 
0.0942132 0 0 143.86 -2.22327 -118.659 
0.0876739 0 0 143.369 -2.12815 -118.176 
0.0903136 0 0 142.896 -2.03446 -117.712 
0.0877194 0 0 142.458 -1.94648 -117.264 
0.0843645 0 0 142.082 -1.86757 -116.874 
0.0876042 0 0 141.759 -1.80009 -116.527 
0.0907391 0 0 141.465 -1.7441 -116.218 
0.0898809 0 0 141.246 -1.69986 -115.965 
0.0855607 0 0 141.069 -1.66645 -115.757 
0.0935354 0 0 140.944 -1.64528 -115.614 
0.0888726 0 0 140.862 -1.63435 -115.51 
0.0899968 0 0 140.846 -1.63459 -115.472 
0.090952 0 0 140.858 -1.64538 -115.474 
0.0893869 0 0 140.946 -1.6673 -115.546 
0.0948506 0 0 141.053 -1.69947 -115.66 
0.0900158 0 0 141.234 -1.74272 -115.829 
0.0942097 0 0 141.461 -1.79675 -116.058 
0.085127 0 0 141.75 -1.86039 -116.336 
0.0884895 0 0 142.082 -1.93414 -116.674 
0.0874756 0 0 142.435 -2.01333 -117.039 
0.0828254 0 0 142.886 -2.0983 -117.481 
0.0876159 0 0 143.334 -2.1808 -117.932 
0.0844725 0 0 143.859 -2.25937 -118.443 
0.0899832 0 0 144.362 -2.32693 -118.942 
0.0911969 0 0 144.876 -2.38076 -119.435 
0.083464 0 0 145.357 -2.41837 -119.883 
0.0815682 0 0 145.793 -2.44638 -120.286 
0.0855198 0 0 146.117 -2.46443 -120.587 
0.0865359 0 0 146.33 -2.4816 -120.792 
0.0875655 0 0 146.402 -2.49516 -120.874 
0.0965689 0 0 146.394 -2.50263 -120.863 
0.0889242 0 0 146.324 -2.49894 -120.796 
0.0950682 0 0 146.115 -2.49293 -120.627 
0.0924791 0 0 145.795 -2.47472 -120.346 
0.0923457 0 0 145.353 -2.44068 -119.951 
0.0899899 0 0 144.871 -2.39026 -119.513 
0.0946351 0 0 144.35 -2.32197 -119.028 
0.0907921 0 0 143.841 -2.24162 -118.543 
0.088593 0 0 143.334 -2.15189 -118.046 
0.0886926 0 0 142.869 -2.06207 -117.58 
0.086 0 0 142.426 -1.97437 -117.137 
0.0869089 0 0 142.057 -1.89512 -116.754 
0.0868021 0 0 141.727 -1.82435 -116.414 
0.0889397 0 0 141.455 -1.76446 -116.121 
0.0915902 0 0 141.216 -1.7151 -115.875 
0.0964967 0 0 141.041 -1.67829 -115.692 
0.0908497 0 0 140.908 -1.65053 -115.542 
0.0940406 0 0 140.841 -1.63492 -115.472 
0.0952565 0 0 140.817 -1.62968 -115.446 
0.09292 0 0 140.85 -1.63513 -115.478 
0.089231 0 0 140.919 -1.65053 -115.553 
0.0903245 0 0 141.039 -1.67763 -115.687 
0.0925184 0 0 141.207 -1.71512 -115.87 
0.0863691 0 0 141.43 -1.76378 -116.101 
0.0841661 0 0 141.718 -1.82379 -116.403 
0.0876893 0 0 142.047 -1.89442 -116.749 
0.0874167 0 0 142.428 -1.97408 -117.135 
0.0911705 0 0 142.857 -2.06104 -117.57 
0.0943652 0 0 143.328 -2.15192 -118.046 
0.0879587 0 0 143.839 -2.24108 -118.542 
0.0882064 0 0 144.352 -2.32159 -119.028 
0.0869041 0 0 144.872 -2.38998 -119.515 
0.0865271 0 0 145.367 -2.44121 -119.962 
0.0940484 0 0 145.782 -2.47429 -120.333 
0.0938979 0 0 146.113 -2.49328 -120.625 
0.0966933 0 0 146.318 -2.50113 -120.804 
0.0948863 0 0 146.385 -2.5026 -120.86 
