82.2937
80.0201
73.6407
63.9744
52.3462
40.3125
29.9742
22.644
19.2382
19.3856
21.9408
25.3425
28.359
30.3045
31.0743
30.9171
30.2899
29.6861
29.4496
29.693
30.2953
30.9087
31.0745
30.3191
28.3531
25.3384
21.9452
19.3681
19.2386
22.6324
29.9524
40.3579
52.3692
63.9628
73.6544
80.0567
82.2646
80.6552
77.3412
70.0061
59.481
47.2997
35.2214
25.2439
18.802
16.5103
17.7046
20.9088
24.691
27.8391
29.8642
30.6304
30.4656
29.8379
29.2222
28.9705
29.198
29.7876
30.4059
30.5753
29.8203
27.9432
25.1151
22.1203
20.262
20.9682
25.1715
32.9047
43.2016
54.7627
65.6063
74.3693
79.6238
80.6717
76.0952
71.7533
63.4636
52.3958
39.9733
28.3123
19.3163
14.2765
13.3516
15.467
19.177
23.1709
26.4566
28.5075
29.3196
29.1295
28.4797
27.8546
27.5829
27.8002
28.3843
28.9982
29.1318
28.4369
26.6245
24.0133
21.3917
20.0685
21.3752
25.8928
33.6833
43.5737
54.3827
64.3314
72.0083
76.1493
76.1322
68.8727
63.6219
54.7849
43.411
31.3759
20.6985
13.2021
9.80299
10.0685
12.8874
16.9712
21.0757
24.4183
26.4715
27.2627
27.0657
26.4317
25.7864
25.4799
25.6992
26.2535
26.8406
27.0188
26.3043
24.5771
22.082
19.7402
18.7558
20.2409
24.7912
32.3057
41.6262
51.4694
60.4367
66.789
69.8723
68.8808
59.6672
53.7844
44.5881
33.6145
22.5527
13.5214
7.85374
5.92915
7.05649
10.2556
14.4977
18.6633
22.0291
24.0516
24.8385
24.6251
23.9697
23.3213
23.0184
23.2304
23.761
24.3526
24.5048
23.7949
22.0804
19.6486
17.3774
16.4135
17.8328
22.0718
28.8179
37.2812
46.1528
53.9457
59.5649
61.5932
59.664
49.455
43.3751
34.572
24.4688
15.0731
7.93183
3.92461
2.92149
4.51592
7.88652
12.1775
16.3699
19.7234
21.7429
22.5095
22.3038
21.6183
20.9563
20.6716
20.8562
21.3966
21.9633
22.1067
21.3873
19.6262
17.1253
14.7493
13.5784
14.6154
18.1368
24.1626
31.6549
39.4619
46.2513
50.7858
51.9797
49.4695
39.6217
33.9144
26.0319
17.5131
10.0065
4.52955
1.50484
1.00523
2.78032
6.24757
10.5381
14.7028
18.042
20.0567
20.7975
20.6051
19.9014
19.2401
18.9453
19.1084
19.664
20.2136
20.3471
19.5904
17.743
15.1004
12.4146
10.7859
11.1089
13.9121
18.9867
25.4169
32.2685
37.9375
41.7773
42.3238
39.6901
31.6444
26.7417
20.3235
13.5579
7.61988
3.12029
0.59317
0.281589
2.13003
5.58433
9.90878
14.0628
17.3765
19.3729
20.1202
19.9028
19.2053
18.5382
18.2428
18.4181
18.9569
19.5109
19.6197
18.8236
16.8899
14.0571
10.9718
8.70843
8.2291
10.0442
13.9452
19.4291
25.2832
30.283
33.5624
33.9854
31.5835
26.326
22.7006
17.7947
12.42
7.33831
3.36085
1.03784
0.788709
2.64772
6.1221
10.3719
14.5436
17.8281
19.8502
20.5977
20.3669
19.6698
18.9922
18.6923
18.8815
19.4118
19.9831
20.0817
19.2642
17.2432
14.1952
10.707
7.79103
6.42151
7.14376
10.0943
14.5425
19.6001
24.1933
27.1859
27.9653
26.3201
24.0105
21.5565
17.7463
13.1637
8.56982
4.75038
2.48238
2.23859
4.07123
7.53519
11.7849
15.9475
19.2327
21.2444
21.977
21.7433
21.0489
20.395
20.0856
20.266
20.8207
21.3955
21.4935
20.6735
18.5911
15.3685
11.5718
8.07491
5.87771
5.69532
7.62445
11.3259
15.8026
20.1527
23.2952
24.6736
24.012
23.87
22.1873
18.9989
14.7773
10.326
6.58421
4.35155
4.08945
5.92142
9.38193
13.6118
17.7612
21.0388
23.0448
23.7774
23.5357
22.8493
22.1815
21.8882
22.0886
22.6407
23.2112
23.3251
22.4699
20.4154
17.1025
13.0532
9.1426
6.35656
5.43808
6.66344
9.74116
13.909
18.1638
21.6839
23.6819
23.8733
24.5874
23.3511
20.4326
16.3949
11.9571
8.22844
5.96637
5.72004
7.52619
10.9472
15.1951
19.3213
22.6076
24.6018
25.3304
25.1099
24.4302
23.7628
23.4707
23.6646
24.2403
24.8336
24.9429
24.1165
22.0279
18.6964
14.5556
10.4338
7.24347
5.84023
6.57161
9.25918
13.248
17.625
21.4484
23.8889
24.5829
25.0793
24.0379
21.188
17.1979
12.8102
9.05465
6.78426
6.52456
8.32716
11.7501
15.9782
20.1345
23.3958
25.3943
26.1208
25.8864
25.2102
24.551
24.2597
24.4805
25.0638
25.6441
25.7911
24.9776
22.8935
19.5391
15.3577
11.1275
7.78545
6.14254
6.6106
9.13212
13.0097
17.4224
21.4649
24.1557
25.0886
24.7704
23.7884
20.9666
16.9399
12.636
8.86501
6.55747
6.28471
8.09782
11.499
15.7165
19.8763
23.1309
25.1265
25.8507
25.6361
24.9529
24.2943
24.0254
24.2416
24.8282
25.4428
25.582
24.7834
22.71
19.3704
15.1836
10.9224
7.49741
5.7712
6.14592
8.51901
12.3934
16.8512
20.8976
23.7627
24.7704
23.5737
22.5987
19.803
15.8049
11.4197
7.63799
5.3508
5.05445
6.85737
10.27
14.4846
18.6113
21.8959
23.914
24.6249
24.4079
23.7191
23.0864
22.8082
23.0318
23.6128
24.2577
24.4231
23.6213
21.5669
18.2694
14.0573
9.78119
6.36657
4.59454
4.90379
7.27781
11.0948
15.5784
19.6576
22.5109
23.5856
21.8108
20.8401
18.0271
14.0316
9.62187
5.85459
3.53685
3.26183
5.03679
8.46653
12.6865
16.8157
20.0826
22.0849
22.7972
22.5948
21.9201
21.273
21.0096
21.2345
21.8471
22.48
22.6606
21.8826
19.8412
16.5439
12.3485
8.12219
4.6721
2.88004
3.20498
5.51306
9.36759
13.7879
17.9064
20.7723
21.8199
20.0039
19.0486
16.2154
12.1534
7.76387
3.96746
1.672
1.3747
3.17373
6.57646
10.8065
14.9085
18.2093
20.2247
20.9483
20.7351
20.06
19.4314
19.1805
19.4
20.0234
20.6567
20.8522
20.0862
18.055
14.7704
10.6
6.34447
2.9137
1.13338
1.43963
3.7644
7.54944
12.0345
16.0983
18.9749
20.0127
18.6744
17.6852
14.8308
10.7925
6.38279
2.58221
0.2787
-0.0159513
1.75734
5.16223
9.3814
13.5271
16.821
18.8448
19.5698
19.3555
18.7
18.054
17.8055
18.0483
18.6749
19.3282
19.5276
18.7704
16.7524
13.4628
9.31472
5.04456
1.62973
-0.132486
0.157666
2.46749
6.28645
10.7223
14.7857
17.6576
18.6966
18.2001
17.1679
14.3273
10.2973
5.87124
2.03386
-0.284762
-0.583552
1.21035
4.62652
8.84699
13.0064
16.2887
18.3089
19.0451
18.8476
18.1899
17.5603
17.3057
17.5653
18.1892
18.8408
19.0452
18.3092
16.3023
13.0072
8.87989
4.60331
1.21019
-0.571785
-0.277551
2.04524
5.82667
10.2725
14.3644
17.1735
18.1945
