78.7505
76.339
69.7028
60.0174
48.8643
37.766
28.4512
21.8381
18.6717
18.7869
21.4565
25.4148
29.3107
31.9578
32.6784
31.4947
29.1826
27.0467
26.1832
27.0477
29.1978
31.4805
32.6813
31.9752
29.3065
25.4122
21.4619
18.7699
18.6715
21.8276
28.434
37.8085
48.8876
60.0057
69.7177
76.3752
78.7214
77.4816
74.0246
66.4362
55.8962
44.1951
33.0444
24.0971
18.3654
16.3074
17.4618
20.7823
25.1264
29.1556
31.8833
32.6073
31.4025
29.1068
26.9438
26.0733
26.922
29.054
31.3435
32.5461
31.8379
29.265
25.5575
22.0106
20.034
20.767
24.7175
31.7454
41.0189
51.6396
62.0147
70.8004
76.3093
77.492
73.748
69.265
60.7247
49.6408
37.7016
26.9735
19.0007
14.6627
13.957
16.0367
19.8724
24.4324
28.5995
31.3593
32.1123
30.9013
28.5691
26.416
25.513
26.3561
28.4751
30.7665
31.9366
31.282
28.7789
25.2793
22.1058
20.6703
21.9863
26.2659
33.3323
42.206
52.0948
61.5664
69.2636
73.658
73.7775
67.1984
61.8149
52.7257
41.336
29.784
20.0352
13.5533
10.8449
11.3352
14.1245
18.3362
23.0082
27.2379
29.9933
30.7362
29.5128
27.1953
25.013
24.0847
24.9264
27.0148
29.2842
30.4932
29.8267
27.4011
24.0311
21.1278
20.0193
21.5236
25.827
32.6152
40.9144
49.845
58.3405
64.7225
68.062
67.2049
58.0341
52.0149
42.5659
31.5824
21.0135
12.8961
8.23404
6.9985
8.35491
11.5278
15.9055
20.6352
24.894
27.6163
28.3548
27.1076
24.7812
22.5878
21.6624
22.5016
24.562
26.8386
28.0215
27.3582
24.9446
21.6325
18.8028
17.7103
19.1442
23.1372
29.1725
36.6222
44.5762
51.8951
57.5404
59.8246
58.0317
47.2482
41.031
31.9828
21.866
12.9494
6.72709
3.71202
3.40467
5.24115
8.58619
13.0103
17.7705
22.017
24.7314
25.453
24.2137
21.8563
19.6474
18.7423
19.5526
21.6314
23.8716
25.0509
24.3778
21.9129
18.5282
15.5944
14.2944
15.3477
18.6196
23.9334
30.4141
37.3103
43.6283
48.1909
49.6338
47.2627
36.7341
30.8935
22.763
14.229
7.20215
2.63563
0.611911
0.814906
2.82607
6.27227
10.6974
15.4254
19.6572
22.3716
23.0655
21.8433
19.4668
17.2604
16.3405
17.1184
19.2309
21.4474
22.6121
21.9045
19.3483
15.8221
12.5722
10.8144
11.1518
13.7149
18.0814
23.4965
29.4368
34.6371
38.5042
39.2978
36.8075
28.5758
23.5377
16.8696
10.0903
4.62544
1.04203
-0.480747
-0.0946959
1.98991
5.4232
9.88309
14.6057
18.8078
21.5061
22.2066
20.9541
18.5798
16.368
15.4519
16.2473
18.3397
20.5542
21.7
20.9483
18.3065
14.5956
10.9435
8.54853
8.08701
9.65845
12.8548
17.3257
22.2693
26.8019
30.1026
30.7807
28.515
23.7759
20.0125
14.8595
9.46945
4.86597
1.79693
0.481541
0.932163
3.02399
6.47943
10.8617
15.605
19.7722
22.4966
23.1996
21.9402
19.5591
17.3327
16.4169
17.2303
19.2963
21.5506
22.6763
21.91
19.178
15.245
11.1873
8.14445
6.79032
7.28419
9.51614
12.962
17.1096
21.2278
24.2436
25.2749
23.7713
22.2859
19.6966
15.6382
11.0488
6.92703
4.02039
2.75408
3.21184
5.28325
8.72099
13.1054
17.8368
22.0082
24.7248
25.4116
24.1411
21.7708
19.5755
18.6404
19.4426
21.5374
23.7923
24.9222
24.1534
21.3595
17.2497
12.8857
9.262
7.07955
6.65202
7.88989
10.5764
14.1524
18.027
21.1877
22.8177
22.2891
22.5834
20.7619
17.3298
13.0961
9.12176
6.29247
5.06103
5.49746
7.56678
11.0055
15.3689
20.0835
24.2466
26.9577
27.6439
26.3682
23.9954
21.7942
20.8783
21.697
23.8011
26.0448
27.1859
26.3771
23.6219
19.4189
14.8029
10.7613
7.99615
6.84043
7.36433
9.43605
12.6934
16.481
20.0174
22.2628
22.5866
22.8562
21.4845
18.3191
14.267
10.3109
7.49074
6.23211
6.68567
8.73138
12.1324
16.5119
21.1982
25.3735
28.0721
28.7563
27.4976
25.1461
22.935
22.0135
22.8332
24.9529
27.2145
28.3672
27.5784
24.7915
20.5707
15.8646
11.6085
8.44461
6.80374
6.83734
8.52744
11.6036
15.5047
19.3482
22.0234
22.853
22.222
21.0375
17.9537
13.9445
10.0296
7.19738
5.93658
6.36284
8.40004
11.8065
16.1628
20.8861
25.0398
27.7446
28.4126
27.1445
24.7894
22.5953
21.6781
22.5234
24.6412
26.8984
28.0873
27.3099
24.5259
20.2875
15.5394
11.1776
7.85722
5.97733
5.75752
7.26951
10.2343
14.1758
18.2372
21.1654
22.2292
20.9397
19.8226
16.758
12.7215
8.88591
6.02576
4.73041
5.15619
7.20376
10.5852
14.9303
19.663
23.7959
26.4963
27.1713
25.9298
23.5702
21.3619
20.4729
21.3119
23.4444
25.7288
26.9063
26.1532
23.373
19.1492
14.3951
10.0019
6.60184
4.63844
4.31665
5.69045
8.65166
12.6391
16.6946
19.8048
20.9401
19.9124
18.7997
15.7587
11.7469
7.84252
4.9736
3.68591
4.09377
6.12776
9.52264
13.8648
18.554
22.7311
25.4506
26.1162
24.8684
22.4994
20.3166
19.4184
20.2609
22.3966
24.7142
25.9059
25.155
22.3974
18.2186
13.4402
9.02974
5.63561
3.63078
3.24274
4.61172
7.52619
11.5263
15.622
18.7187
19.9182
19.8722
18.7578
15.6931
11.6894
7.76654
4.9104
3.59211
4.00766
6.02725
9.4297
13.7952
18.4951
22.6442
25.3387
26.0143
24.774
22.4285
20.2292
19.3448
20.1999
22.3515
24.652
25.8712
25.1346
22.3866
18.2136
13.4487
9.09084
5.65736
3.63508
3.25459
4.56682
7.51486
11.4653
15.5851
18.6902
19.8756
20.8134
19.7328
16.6675
12.5688
8.6559
5.77486
4.47758
4.88672
6.92195
10.3002
14.6642
19.3245
23.5009
26.2295
26.9075
25.6497
23.3066
21.1491
20.2495
21.1058
23.269
25.5911
26.8133
26.0942
23.3634
19.1932
14.4578
10.07
6.66619
4.6405
4.24433
5.57635
8.45744
12.4479
16.5419
19.6474
20.83
22.0078
20.8886
17.7817
13.743
9.81029
6.9206
5.61708
6.02621
8.03072
11.4149
15.7646
20.4784
24.6462
27.3707
28.0616
26.8181
24.4719
22.2866
21.4187
22.2844
24.4397
26.7939
28.0198
27.3073
24.5775
20.4129
15.6995
11.3059
7.90179
5.90383
5.49748
6.81074
9.72343
13.6709
17.7457
20.8611
22.0287
22.5545
21.3901
18.3064
14.2646
10.3138
7.3907
6.07727
6.46912
8.50035
11.8948
16.2465
20.9723
25.1417
27.864
28.5517
27.3235
24.9839
22.8137
21.937
22.8183
24.9833
27.3175
28.55
27.8635
25.1556
20.974
16.2819
11.8715
8.50149
6.4845
6.08835
7.39972
10.276
14.2421
18.3456
21.3963
22.5489
133.843
131.201
123.842
112.671
99.2868
84.9457
70.7576
57.8259
47.1514
39.5867
35.2098
33.4692
33.1199
32.8845
31.6613
29.2007
26.1126
23.5473
22.5389
23.5422
26.1123
29.1934
31.6484
32.8726
33.1402
33.4394
35.2041
39.5435
47.2775
57.7874
70.5432
84.8439
99.257
112.765
123.757
131.197
133.825
131.241
127.359
118.637
106.468
91.8984
76.7406
62.1765
49.6087
39.4988
32.9099
29.7424
29.1923
29.8118
30.2294
29.5288
27.4114
24.5889
22.2146
21.4097
22.5866
25.3331
28.6684
31.4653
33.1725
34.0565
35.2054
37.8994
43.1124
51.2704
62.0799
74.6136
87.9596
101.602
113.884
123.745
129.961
131.22
123.862
118.619
108.978
95.6118
80.3212
64.7838
50.2664
38.0356
29.1426
24.0807
22.4084
23.0343
24.7186
25.8263
25.5554
23.7756
21.1616
19.0063
18.3489
19.6909
22.5772
26.0916
29.1615
31.2468
32.6624
34.4015
37.6803
43.3699
51.7783
62.2598
74.1447
86.7476
99.14
110.285
119.082
123.894
123.811
112.61
106.431
95.545
81.4758
65.7191
50.15
36.0337
25.0906
17.884
14.6341
14.5247
16.5585
19.0019
20.7092
20.7879
19.2877
16.906
14.8441
14.2955
15.7036
18.7302
22.3563
25.586
27.8801
29.5539
31.6916
35.2234
40.9337
49.1648
59.0864
70.1935
81.7522
92.9926
102.875
110.349
114.001
112.786
99.1958
91.9426
80.4035
65.7295
49.978
34.8425
22.004
12.8621
7.71348
6.33886
7.7779
10.7477
13.9007
16.0424
16.4179
15.0748
12.7925
10.8489
10.3499
11.8013
14.8453
18.5045
21.7518
24.1222
25.9213
28.0022
31.4422
36.9561
44.6425
53.7987
64.008
74.2442
84.2586
92.9684
99.0459
101.55
99.1136
84.8257
76.7402
64.7243
50.1183
34.7856
20.8096
9.94956
3.03463
0.0945692
0.428262
3.00567
6.6842
10.2839
12.6894
13.2714
12.0478
9.8306
7.91946
7.46325
8.89681
11.9507
15.5098
18.6662
20.8972
22.4802
24.2919
27.433
32.37
39.0835
47.2418
56.3294
65.4809
74.2949
81.9038
86.8226
88.0695
84.843
70.7224
62.2453
50.2451
36.2069
22.0402
9.92216
1.33604
-3.23594
-4.36291
-2.76908
0.559352
4.66978
8.54222
11.147
11.8087
10.6661
8.50918
6.60849
6.13567
7.55308
10.5064
13.9982
16.9278
18.8313
19.9782
21.2125
23.6126
27.6484
33.3807
40.4234
48.2811
56.2628
63.903
70.1804
74.1225
74.6721
70.5796
57.8832
49.4929
38.0328
25.1247
12.8263
3.02616
-3.2859
-6.00854
-5.82792
-3.47975
0.279035
4.69163
8.71534
11.3996
12.1659
11.0656
8.91987
7.02681
6.5398
7.90803
10.7487
14.0604
16.7377
18.2259
18.7687
19.2422
20.6446
23.5496
28.0675
33.8979
40.5246
47.2498
53.8042
59.1065
62.1155
62.012
57.7751
47.1527
39.4987
29.1651
17.9537
7.71468
0.0873126
-4.37247
-5.84768
-4.88768
-2.09552
1.96307
6.50057
10.6055
13.3898
14.1895
13.09
10.9638
9.04775
8.54359
9.8542
12.6039
15.7502
18.1576
19.1903
19.0356
18.5628
18.789
20.4317
23.6822
28.0777
33.4249
39.0961
44.4469
49.2093
51.6625
51.327
47.2025
39.6252
32.9395
24.0513
14.6409
6.35973
0.439435
-2.75545
-3.49212
-2.09664
0.964943
5.17446
9.78057
13.9713
16.7612
17.606
16.5012
14.375
12.4558
11.9346
13.1747
15.8671
18.8563
20.9524
21.5914
20.7765
19.3644
18.3993
18.6925
20.4729
23.5848
27.6949
32.3734
36.9996
41.0283
43.3892
43.1499
39.6213
35.1971
29.702
22.3902
14.5673
7.80841
2.99907
0.585553
0.325953
1.95548
5.16974
9.43096
14.1182
18.3732
21.1709
22.021
20.9037
18.8135
16.8703
16.256
17.5001
20.0912
22.955
24.8473
25.1121
23.7668
21.521
19.4368
18.4045
18.7949
20.642
23.5983
27.3641
31.505
35.1961
37.6938
37.867
35.1928
33.4382
29.1012
23.1233
16.4886
10.7296
6.68405
4.70255
4.67986
6.48733
9.82047
14.1515
18.8818
23.1326
25.9412
26.7712
25.715
23.572
21.6096
20.9919
22.168
24.6641
27.4202
29.1961
29.1411
27.3934
24.4765
21.5334
19.3652
18.567
19.2251
21.2253
24.3073
27.9802
31.7046
34.3773
35.1874
33.4334
33.1319
29.7836
24.6709
18.9764
13.8611
10.2934
8.53518
8.7295
10.6446
13.9747
18.3454
23.1341
27.3935
30.1765
31.0254
29.9376
27.7724
25.7979
25.1556
26.2606
28.7568
31.4033
33.0346
32.8009
30.7197
27.3674
23.7433
20.7877
19.0343
18.761
19.9578
22.4549
25.9059
29.6123
32.675
34.0603
33.1472
32.8879
30.2347
25.8317
20.7084
16.0147
12.7218
11.1301
11.4071
13.3806
16.7725
21.1808
25.9498
30.1971
33.0139
33.8414
32.7488
30.5511
28.5513
27.8771
28.943
31.3431
33.9238
35.4781
35.1133
32.806
29.1653
25.1272
21.5874
19.1822
18.2308
18.8213
20.9099
24.1425
27.8875
31.2465
33.1717
32.8741
31.6438
29.5109
25.5489
20.8417
16.4133
13.2648
11.8055
12.1525
14.1774
17.5826
21.9836
26.7636
31.0228
33.8301
34.6391
33.5255
31.3011
29.2769
28.5672
29.6011
31.9433
34.4854
35.9298
35.4701
33.0315
29.1921
24.8793
20.9718
18.1649
16.7382
16.9258
18.6783
21.7854
25.5858
29.1711
31.4699
31.642
29.1802
27.4135
23.7951
19.286
15.0856
12.0544
10.6638
11.0551
13.1009
16.4934
20.9196
25.7105
29.9421
32.7288
33.5245
32.3869
30.153
28.0914
27.3189
28.325
30.6169
33.0877
34.4811
33.942
31.3965
27.4198
22.9768
18.831
15.7513
14.0823
13.9804
15.5217
18.5246
22.3707
26.0892
28.6786
29.1906
26.0992
24.5963
21.2031
16.8913
12.8133
9.85556
8.52173
8.921
10.9506
14.3886
18.7773
23.5657
27.7793
30.5612
31.3022
30.1441
27.8957
25.7856
24.9818
25.9414
28.195
30.6151
31.9498
31.3456
28.7124
24.6692
20.0701
15.8353
12.6094
10.7588
10.5075
11.9544
14.846
18.7126
22.6027
25.3392
26.122
23.5303
22.2442
19.0074
14.8453
10.8401
7.93324
6.61716
7.02189
9.0716
12.467
16.8693
21.6135
25.8045
28.5578
29.2825
28.0811
25.8023
23.6674
22.8191
23.7283
25.941
28.3113
29.6026
28.9558
26.2628
22.1326
17.4738
13.1865
9.87339
7.88777
7.54372
8.89655
11.8111
15.6805
19.6501
22.5682
23.5473
22.5374
21.3972
18.3379
14.2736
10.3583
7.4499
6.1268
6.5278
8.53655
11.9318
16.2753
20.9845
25.1506
27.8738
28.5605
27.3287
24.9826
22.8113
21.9388
22.8115
24.9854
27.3277
28.5601
27.8724
25.1416
21.0048
16.2856
11.927
8.54361
6.5305
6.13153
7.46435
10.3327
14.2736
18.3289
21.4036
22.5351
