63.7831
62.7225
59.4657
54.372
48.5747
42.5249
37.5258
34.3318
33.4074
34.4881
36.842
39.3055
40.888
41.1371
40.0803
38.1763
36.0954
34.5037
33.9101
34.5117
36.0708
38.199
40.0925
41.1557
40.9002
39.2736
36.8161
34.4849
33.4116
34.3803
37.5447
42.5328
48.5034
54.4366
59.4465
62.7566
63.8681
61.9055
60.2477
56.5882
51.3002
45.2896
39.5174
34.8313
32.1765
31.7676
33.2531
35.8789
38.3863
39.9358
40.0969
38.9153
36.8799
34.6717
32.9736
32.2959
32.7575
34.2305
36.2339
38.0041
38.9675
38.6922
37.0379
34.7577
32.728
32.0863
33.5067
37.0237
42.1567
48.0372
53.7104
58.3226
61.1283
61.7726
56.0598
54.1488
50.2798
44.9772
39.2355
33.7377
29.5842
27.5552
27.5923
29.3706
32.0802
34.613
36.1014
36.1625
34.8706
32.7001
30.3627
28.5602
27.712
28.1448
29.4577
31.3865
33.1255
33.9441
33.5743
32.0528
29.8769
28.2127
27.9885
29.6782
33.1755
38.2539
44.0324
49.2683
53.4347
55.7705
56.0974
47.7667
45.7385
41.8157
36.7973
31.4339
26.5632
22.9827
21.3384
21.7543
23.7349
26.4971
28.8821
30.23
30.1451
28.6971
26.4641
24.016
22.1565
21.2544
21.5531
22.7891
24.6143
26.219
27.0821
26.6579
25.1588
23.2446
21.7715
21.7038
23.552
27.1196
31.7816
37.0408
41.964
45.9367
47.8629
47.7326
38.5379
36.549
33.0009
28.4452
23.668
19.3371
16.3434
14.9753
15.5664
17.5949
20.0991
22.4713
23.6691
23.4892
21.9851
19.5788
17.0944
15.1144
14.1015
14.2593
15.5224
17.1823
18.7765
19.5592
19.1842
17.7485
15.9118
14.5573
14.5802
16.2109
19.6361
24.128
29.0261
33.5433
37.0029
38.7925
38.5328
30.4134
28.7123
25.724
21.6837
17.52
13.6071
10.8275
9.64733
10.1508
12.0659
14.5689
16.7245
17.8604
17.5609
15.8998
13.4355
10.8476
8.83139
7.69811
7.91166
9.03455
10.7008
12.171
12.9721
12.6003
11.2072
9.33865
7.91523
7.80971
9.24053
12.2882
16.4651
21.057
25.3017
28.5516
30.3858
30.4007
24.6943
23.6516
21.1477
17.65
13.7395
10.0729
7.40037
6.24129
6.66922
8.42802
10.7838
12.8479
13.8479
13.4076
11.695
9.16891
6.50722
4.37273
3.28756
3.36492
4.52778
6.14197
7.69114
8.41574
8.03358
6.55952
4.64141
3.09121
2.74355
3.90301
6.6005
10.5425
14.8116
18.902
22.2933
24.2989
24.7254
22.4772
21.9025
19.7703
16.5427
12.8455
9.16035
6.49433
5.18183
5.49886
7.13775
9.34212
11.3166
12.2153
11.7225
9.93571
7.33851
4.62038
2.45781
1.34143
1.4478
2.5577
4.20545
5.73326
6.49772
6.11118
4.61343
2.56668
0.829583
0.11755
0.993023
3.36146
7.08734
11.2881
15.5608
19.1524
21.5686
22.5322
23.5561
23.2463
21.2364
18.2086
14.3471
10.7006
7.8049
6.47046
6.66129
8.14684
10.2718
12.1053
12.9269
12.3558
10.5132
7.88425
5.14268
2.98866
1.84851
1.93953
3.08316
4.76615
6.33498
7.13984
6.78857
5.26049
3.09469
1.14257
0.1439
0.712515
2.98609
6.59606
10.9747
15.3998
19.4651
22.23
23.5037
26.7007
26.4233
24.5525
21.3251
17.549
13.7721
10.7436
9.2816
9.34579
10.7678
12.7756
14.5443
15.2793
14.6703
12.7922
10.1185
7.38337
5.21243
4.10384
4.20771
5.38413
7.11356
8.76819
9.66281
9.32766
7.8222
5.58821
3.4786
2.31559
2.77696
4.8942
8.57804
13.1021
17.9213
22.1248
25.2572
26.6959
30.6215
30.3543
28.4826
25.1707
21.2136
17.3733
14.2722
12.5951
12.5917
13.8881
15.8151
17.489
18.2109
17.5761
15.6841
13.0147
10.2372
8.09413
7.01012
7.16129
8.39478
10.2002
11.9162
12.8933
12.6572
11.2384
9.01686
6.86464
5.65328
5.99852
8.17629
11.8961
16.6928
21.6162
25.9622
29.1175
30.673
34.0447
33.6568
31.5941
28.3302
24.2387
20.2581
17.0717
15.3746
15.2727
16.4721
18.3456
19.9805
20.665
19.993
18.0684
15.3915
12.6446
10.5269
9.47737
9.67314
10.9711
12.8623
14.672
15.756
15.6496
14.3081
12.1705
10.009
8.78007
9.19667
11.3885
15.2095
20.0263
25.0008
29.4199
32.539
34.0345
36.0178
35.6311
33.4576
30.0688
25.8342
21.7743
18.5113
16.6686
16.4821
17.6543
19.4739
21.1007
21.7359
21.0405
19.1296
16.4735
13.778
11.6526
10.6421
10.8995
12.2627
14.2482
16.157
17.3518
17.3556
16.1306
14.0982
12.0007
10.8164
11.2631
13.4654
17.3429
22.1805
27.1443
31.5152
34.5965
36.047
36.2598
35.6839
33.4648
29.9243
25.6564
21.5267
18.2133
16.2497
16.0101
17.1021
18.8569
20.4676
21.1009
20.41
18.5101
15.8811
13.1785
11.1176
10.1564
10.4808
11.9225
13.9726
16.0037
17.301
17.4224
16.3131
14.3759
12.373
11.2788
11.7015
14.0113
17.8769
22.6167
27.5344
31.8679
34.8977
36.2003
34.7689
34.1968
31.9055
28.2821
23.9809
19.6255
16.2247
14.2458
13.9562
14.9933
16.7693
18.3157
18.9545
18.2793
16.3847
13.781
11.1282
9.1054
8.19503
8.60347
10.0897
12.2433
14.3545
15.7791
15.989
14.9977
13.136
11.2476
10.1524
10.6556
12.8958
16.7385
21.4634
26.4369
30.5157
33.5682
34.8267
32.3549
31.6519
29.2823
25.6126
21.2194
16.8241
13.3743
11.2848
10.9479
11.9589
13.7337
15.2736
15.9184
15.2452
13.3967
10.8089
8.20855
6.25374
5.40172
5.84905
7.42238
9.65638
11.8493
13.3704
13.6985
12.7906
10.9795
9.15882
8.12603
8.62332
10.8691
14.6355
19.3958
24.2164
28.3476
31.237
32.419
29.7907
28.9877
26.5424
22.7285
18.2661
13.8161
10.3428
8.25349
7.80041
8.85635
10.542
12.1205
12.7804
12.1627
10.3395
7.80568
5.25056
3.32337
2.559
3.07149
4.72573
7.03348
9.31887
10.8863
11.2988
10.4525
8.77005
6.97448
5.99529
6.44805
8.68148
12.4794
17.1249
21.8457
25.9323
28.7734
29.8099
27.8463
27.0781
24.5173
20.5161
16.0759
11.5516
7.9778
5.84926
5.39388
6.38792
8.0994
9.7022
10.4009
9.81083
8.02575
5.54231
3.03098
1.18045
0.459987
1.05104
2.76219
5.16194
7.50479
9.16615
9.65296
8.87243
7.22051
5.43812
4.45453
4.93342
7.10769
10.8505
15.4657
20.1495
24.1407
26.8727
27.9185
27.1811
26.2903
23.5878
19.6693
14.9775
10.4907
6.86233
4.68236
4.19509
5.19184
6.92507
8.54384
9.26831
8.72397
7.01415
4.58564
2.14019
0.344262
-0.303125
0.356142
2.14005
4.59265
7.0062
8.73315
9.27675
8.5522
6.94298
5.1995
4.20541
4.64753
6.8441
10.5237
15.0265
19.6359
23.6363
26.1853
27.1631
