11.6777, 33.2635, 0, 33.8093
10.5011, 33.2635, 0, 32.5744
7.23588, 33.2635, 0, 29.2034
2.02886, 33.2635, 0, 24.725
-4.65355, 33.2635, 0, 20.2543
-12.1675, 33.2635, 0, 16.67
-19.4696, 33.2635, 0, 14.6572
-25.7466, 33.2635, 0, 14.3212
-30.1926, 33.2635, 0, 15.6008
-32.7169, 33.2635, 0, 18.2403
-33.7725, 33.2635, 0, 21.9655
-33.9451, 33.2635, 0, 26.0964
-33.7239, 33.2635, 0, 29.7711
-33.392, 33.2635, 0, 32.0863
-33.0479, 33.2635, 0, 32.4627
-32.7589, 33.2635, 0, 30.9901
-32.5506, 33.2635, 0, 28.4697
-32.4294, 33.2635, 0, 26.2126
-32.3799, 33.2635, 0, 25.2996
-32.4198, 33.2635, 0, 26.204
-32.5499, 33.2635, 0, 28.4842
-32.7645, 33.2635, 0, 30.9814
-33.0483, 33.2635, 0, 32.4661
-33.3832, 33.2635, 0, 32.0949
-33.7324, 33.2635, 0, 29.7754
-33.9521, 33.2635, 0, 26.1007
-33.7681, 33.2635, 0, 21.9665
-32.723, 33.2635, 0, 18.2293
-30.1776, 33.2635, 0, 15.5856
-25.7589, 33.2635, 0, 14.3229
-19.4893, 33.2635, 0, 14.6598
-12.1376, 33.2635, 0, 16.6826
-4.61827, 33.2635, 0, 20.2423
2.01275, 33.2635, 0, 24.7295
7.22994, 33.2635, 0, 29.2243
10.5434, 33.2635, 0, 32.5683
11.6486, 33.2635, 0, 33.8093
10.5314, 33.2635, 0, 33.6867
8.32232, 33.2635, 0, 32.4388
4.06418, 33.2635, 0, 29.1085
-2.00869, 33.2635, 0, 24.6414
-9.21743, 33.2635, 0, 20.149
-16.8003, 33.2635, 0, 16.5812
-23.7237, 33.2635, 0, 14.5573
-29.1098, 33.2635, 0, 14.2117
-32.4071, 33.2635, 0, 15.451
-33.9246, 33.2635, 0, 18.1229
-34.3061, 33.2635, 0, 21.8249
-34.1257, 33.2635, 0, 25.9885
-33.7563, 33.2635, 0, 29.6483
-33.3521, 33.2635, 0, 31.9718
-32.9995, 33.2635, 0, 32.3432
-32.72, 33.2635, 0, 30.859
-32.5198, 33.2635, 0, 28.3631
-32.4036, 33.2635, 0, 26.0839
-32.3675, 33.2635, 0, 25.1772
-32.4313, 33.2635, 0, 26.0898
-32.5681, 33.2635, 0, 28.3586
-32.7784, 33.2635, 0, 30.8583
-33.0615, 33.2635, 0, 32.344
-33.3904, 33.2635, 0, 31.9647
-33.6492, 33.2635, 0, 29.6507
-33.677, 33.2635, 0, 25.971
-33.0956, 33.2635, 0, 21.8427
-31.3586, 33.2635, 0, 18.1291
-27.9614, 33.2635, 0, 15.4649
-22.7301, 33.2635, 0, 14.1841
-16.0358, 33.2635, 0, 14.5177
-8.77668, 33.2635, 0, 16.5321
-1.7407, 33.2635, 0, 20.1168
4.13314, 33.2635, 0, 24.618
8.41372, 33.2635, 0, 29.1232
10.5988, 33.2635, 0, 32.447
10.5392, 33.2635, 0, 33.6893
7.37797, 33.2635, 0, 33.1066
4.13378, 33.2635, 0, 31.8677
-1.07582, 33.2635, 0, 28.537
-7.67542, 33.2635, 0, 24.0527
-15.0965, 33.2635, 0, 19.5346
-22.3092, 33.2635, 0, 16.0191
-28.2433, 33.2635, 0, 13.9805
-32.214, 33.2635, 0, 13.6132
-34.1673, 33.2635, 0, 14.8607
-34.7446, 33.2635, 0, 17.5177
-34.6114, 33.2635, 0, 21.2203
-34.2014, 33.2635, 0, 25.3702
-33.7241, 33.2635, 0, 29.0601
-33.2847, 33.2635, 0, 31.3804
-32.9209, 33.2635, 0, 31.7697
-32.6526, 33.2635, 0, 30.2905
-32.4688, 33.2635, 0, 27.7744
-32.3638, 33.2635, 0, 25.5163
-32.3469, 33.2635, 0, 24.5965
-32.4176, 33.2635, 0, 25.5102
-32.5646, 33.2635, 0, 27.7762
-32.7951, 33.2635, 0, 30.298
-33.082, 33.2635, 0, 31.755
-33.3728, 33.2635, 0, 31.3913
-33.559, 33.2635, 0, 29.0744
-33.3883, 33.2635, 0, 25.4041
-32.4236, 33.2635, 0, 21.2659
-30.1457, 33.2635, 0, 17.5525
-26.1399, 33.2635, 0, 14.8627
-20.5834, 33.2635, 0, 13.5857
-13.8599, 33.2635, 0, 13.9287
-7.0103, 33.2635, 0, 15.9528
-0.676787, 33.2635, 0, 19.5081
4.27088, 33.2635, 0, 24.032
7.45589, 33.2635, 0, 28.5442
8.50252, 33.2635, 0, 31.892
7.3992, 33.2635, 0, 33.1148
2.28085, 33.2635, 0, 31.654
-1.86502, 33.2635, 0, 30.4164
-7.62947, 33.2635, 0, 27.0916
-14.5248, 33.2635, 0, 22.5973
-21.5898, 33.2635, 0, 18.1103
-27.7933, 33.2635, 0, 14.5649
-32.223, 33.2635, 0, 12.5127
-34.5462, 33.2635, 0, 12.1276
-35.285, 33.2635, 0, 13.3567
-35.1722, 33.2635, 0, 16.0332
-34.7032, 33.2635, 0, 19.7759
-34.1718, 33.2635, 0, 23.9165
-33.6415, 33.2635, 0, 27.6159
-33.195, 33.2635, 0, 29.9248
-32.8409, 33.2635, 0, 30.3136
-32.5808, 33.2635, 0, 28.8301
-32.3915, 33.2635, 0, 26.3233
-32.3005, 33.2635, 0, 24.05
-32.3117, 33.2635, 0, 23.1329
-32.3851, 33.2635, 0, 24.048
-32.5499, 33.2635, 0, 26.3012
-32.8006, 33.2635, 0, 28.8213
-33.0848, 33.2635, 0, 30.3145
-33.3685, 33.2635, 0, 29.9316
-33.4853, 33.2635, 0, 27.6229
-33.167, 33.2635, 0, 23.9346
-31.9495, 33.2635, 0, 19.8138
-29.3269, 33.2635, 0, 16.0827
-25.1346, 33.2635, 0, 13.3947
-19.5484, 33.2635, 0, 12.1119
-13.1126, 33.2635, 0, 12.4643
-6.87817, 33.2635, 0, 14.529
-1.50169, 33.2635, 0, 18.0831
2.45704, 33.2635, 0, 22.62
4.39813, 33.2635, 0, 27.0609
4.40697, 33.2635, 0, 30.3915
2.28004, 33.2635, 0, 31.6613
-4.39947, 33.2635, 0, 29.1701
-9.18458, 33.2635, 0, 27.936
-15.2906, 33.2635, 0, 24.593
-21.7959, 33.2635, 0, 20.1148
-27.871, 33.2635, 0, 15.621
-32.454, 33.2635, 0, 12.0866
-35.041, 33.2635, 0, 10.0115
-35.9032, 33.2635, 0, 9.6382
-35.7939, 33.2635, 0, 10.8853
-35.2916, 33.2635, 0, 13.5559
-34.6663, 33.2635, 0, 17.3082
-34.0567, 33.2635, 0, 21.4283
-33.5271, 33.2635, 0, 25.1575
-33.0941, 33.2635, 0, 27.4469
-32.7491, 33.2635, 0, 27.8404
-32.4978, 33.2635, 0, 26.3419
-32.3393, 33.2635, 0, 23.857
-32.2509, 33.2635, 0, 21.5752
-32.262, 33.2635, 0, 20.6609
-32.3523, 33.2635, 0, 21.5904
-32.5208, 33.2635, 0, 23.8193
-32.7781, 33.2635, 0, 26.3532
-33.0738, 33.2635, 0, 27.8318
-33.3524, 33.2635, 0, 27.4471
-33.4556, 33.2635, 0, 25.1367
-33.0884, 33.2635, 0, 21.4574
-31.7829, 33.2635, 0, 17.3222
-29.1548, 33.2635, 0, 13.6016
-25.0225, 33.2635, 0, 10.9032
-19.7574, 33.2635, 0, 9.63115
-14.0559, 33.2635, 0, 9.96481
-8.63268, 33.2635, 0, 11.9914
-4.24075, 33.2635, 0, 15.5534
-1.43411, 33.2635, 0, 20.0657
-0.356889, 33.2635, 0, 24.6338
-1.39951, 33.2635, 0, 27.9606
-4.40803, 33.2635, 0, 29.1762
-12.1966, 33.2635, 0, 26.1813
-17.1738, 33.2635, 0, 24.9412
-22.8949, 33.2635, 0, 21.6142
-28.518, 33.2635, 0, 17.1205
-32.9535, 33.2635, 0, 12.6394
-35.6122, 33.2635, 0, 9.07574
-36.5624, 33.2635, 0, 7.01093
-36.4804, 33.2635, 0, 6.62151
-35.9273, 33.2635, 0, 7.90496
-35.2443, 33.2635, 0, 10.567
-34.5556, 33.2635, 0, 14.3024
-33.9396, 33.2635, 0, 18.4466
-33.4104, 33.2635, 0, 22.1639
-32.9811, 33.2635, 0, 24.449
-32.6548, 33.2635, 0, 24.8442
-32.4022, 33.2635, 0, 23.3524
-32.2578, 33.2635, 0, 20.8505
-32.1902, 33.2635, 0, 18.5742
-32.1939, 33.2635, 0, 17.6727
-32.2943, 33.2635, 0, 18.5834
-32.4831, 33.2635, 0, 20.851
-32.7432, 33.2635, 0, 23.3513
-33.0582, 33.2635, 0, 24.8456
-33.3491, 33.2635, 0, 24.4633
-33.494, 33.2635, 0, 22.1435
-33.1823, 33.2635, 0, 18.4469
-31.9828, 33.2635, 0, 14.3137
-29.5669, 33.2635, 0, 10.5977
-25.8258, 33.2635, 0, 7.90999
-21.2625, 33.2635, 0, 6.6186
-16.3121, 33.2635, 0, 6.98198
-11.891, 33.2635, 0, 9.04163
-8.52913, 33.2635, 0, 12.5759
-6.74422, 33.2635, 0, 17.1091
-6.71079, 33.2635, 0, 21.6382
-8.56797, 33.2635, 0, 24.9383
-12.1831, 33.2635, 0, 26.1823
-20.2283, 33.2635, 0, 23.6988
-24.8561, 33.2635, 0, 22.486
-29.6513, 33.2635, 0, 19.1508
-33.697, 33.2635, 0, 14.6626
-36.2252, 33.2635, 0, 10.1638
-37.2256, 33.2635, 0, 6.59769
-37.1783, 33.2635, 0, 4.52667
-36.6091, 33.2635, 0, 4.16046
-35.8631, 33.2635, 0, 5.42565
-35.1092, 33.2635, 0, 8.11795
-34.4196, 33.2635, 0, 11.8535
-33.8135, 33.2635, 0, 15.9754
-33.2946, 33.2635, 0, 19.6882
-32.8819, 33.2635, 0, 21.99
-32.5606, 33.2635, 0, 22.3625
-32.314, 33.2635, 0, 20.8938
-32.1862, 33.2635, 0, 18.3895
-32.1209, 33.2635, 0, 16.1178
-32.1323, 33.2635, 0, 15.2092
-32.2408, 33.2635, 0, 16.0956
-32.4343, 33.2635, 0, 18.4017
-32.7049, 33.2635, 0, 20.8888
-33.0209, 33.2635, 0, 22.3695
-33.3571, 33.2635, 0, 21.998
-33.5769, 33.2635, 0, 19.6617
-33.4107, 33.2635, 0, 15.9693
-32.5174, 33.2635, 0, 11.8261
-30.5414, 33.2635, 0, 8.09226
-27.535, 33.2635, 0, 5.42331
-23.7006, 33.2635, 0, 4.15194
-19.7141, 33.2635, 0, 4.53196
-16.342, 33.2635, 0, 6.57507
-13.9947, 33.2635, 0, 10.168
-13.2247, 33.2635, 0, 14.5983
-13.9408, 33.2635, 0, 19.1815
-16.4186, 33.2635, 0, 22.4529
-20.1738, 33.2635, 0, 23.7178
-27.4442, 33.2635, 0, 22.7565
-31.2539, 33.2635, 0, 21.5281
-34.5986, 33.2635, 0, 18.2047
-36.8751, 33.2635, 0, 13.7019
-37.8585, 33.2635, 0, 9.22045
-37.8541, 33.2635, 0, 5.63256
-37.3177, 33.2635, 0, 3.57341
-36.5583, 33.2635, 0, 3.20011
-35.7438, 33.2635, 0, 4.47016
-34.9814, 33.2635, 0, 7.14108
-34.2809, 33.2635, 0, 10.9005
-33.6955, 33.2635, 0, 15.0377
-33.1919, 33.2635, 0, 18.7362
-32.8008, 33.2635, 0, 21.0434
-32.4752, 33.2635, 0, 21.4183
-32.2453, 33.2635, 0, 19.9359
-32.1111, 33.2635, 0, 17.4273
-32.0466, 33.2635, 0, 15.1511
-32.0591, 33.2635, 0, 14.2476
-32.1663, 33.2635, 0, 15.15
-32.3635, 33.2635, 0, 17.4397
-32.6328, 33.2635, 0, 19.9235
-32.9739, 33.2635, 0, 21.4104
-33.3473, 33.2635, 0, 21.032
-33.6531, 33.2635, 0, 18.6961
-33.706, 33.2635, 0, 15.0381
-33.1953, 33.2635, 0, 10.8753
-31.8608, 33.2635, 0, 7.1458
-29.6467, 33.2635, 0, 4.47017
-26.7927, 33.2635, 0, 3.18768
-23.9603, 33.2635, 0, 3.55158
-21.5513, 33.2635, 0, 5.61352
-20.1758, 33.2635, 0, 9.18155
-20.1455, 33.2635, 0, 13.6839
-21.3629, 33.2635, 0, 18.202
-24.0044, 33.2635, 0, 21.5216
-27.505, 33.2635, 0, 22.7565
-33.1538, 33.2635, 0, 23.6661
-35.6831, 33.2635, 0, 22.4322
-37.526, 33.2635, 0, 19.1219
-38.4083, 33.2635, 0, 14.6142
-38.4708, 33.2635, 0, 10.0732
-37.9837, 33.2635, 0, 6.5171
-37.2623, 33.2635, 0, 4.48029
-36.4453, 33.2635, 0, 4.11391
-35.6146, 33.2635, 0, 5.37511
-34.8515, 33.2635, 0, 8.06746
-34.1827, 33.2635, 0, 11.7808
-33.5968, 33.2635, 0, 15.9383
-33.1115, 33.2635, 0, 19.6202
-32.7047, 33.2635, 0, 21.9378
-32.3883, 33.2635, 0, 22.3244
-32.1721, 33.2635, 0, 20.8487
-32.0344, 33.2635, 0, 18.33
-31.9771, 33.2635, 0, 16.0463
-31.9973, 33.2635, 0, 15.1507
-32.0949, 33.2635, 0, 16.0617
-32.2851, 33.2635, 0, 18.3178
-32.5549, 33.2635, 0, 20.842
-32.8989, 33.2635, 0, 22.3116
-33.2986, 33.2635, 0, 21.9451
-33.6915, 33.2635, 0, 19.606
-33.9422, 33.2635, 0, 15.9237
-33.8383, 33.2635, 0, 11.7621
-33.174, 33.2635, 0, 8.05493
-31.8242, 33.2635, 0, 5.35095
-30.0882, 33.2635, 0, 4.10891
-28.2039, 33.2635, 0, 4.45653
-26.8127, 33.2635, 0, 6.51116
-26.2404, 33.2635, 0, 10.0864
-26.6573, 33.2635, 0, 14.6216
-28.112, 33.2635, 0, 19.0921
-30.4187, 33.2635, 0, 22.4301
-33.1616, 33.2635, 0, 23.6694
-36.7868, 33.2635, 0, 25.8092
-38.1448, 33.2635, 0, 24.5779
-38.877, 33.2635, 0, 21.2517
-38.9935, 33.2635, 0, 16.7787
-38.615, 33.2635, 0, 12.2785
-37.935, 33.2635, 0, 8.69186
-37.1461, 33.2635, 0, 6.63661
-36.3156, 33.2635, 0, 6.26391
-35.5066, 33.2635, 0, 7.52634
-34.7466, 33.2635, 0, 10.2041
-34.0938, 33.2635, 0, 13.9356
-33.5167, 33.2635, 0, 18.09
-33.0393, 33.2635, 0, 21.784
-32.6439, 33.2635, 0, 24.1052
-32.3364, 33.2635, 0, 24.4844
-32.1148, 33.2635, 0, 22.9923
-31.984, 33.2635, 0, 20.4912
-31.9076, 33.2635, 0, 18.2196
-31.9289, 33.2635, 0, 17.3058
-32.0315, 33.2635, 0, 18.2105
-32.2071, 33.2635, 0, 20.4809
-32.4615, 33.2635, 0, 22.9903
-32.8179, 33.2635, 0, 24.4766
-33.2228, 33.2635, 0, 24.1127
-33.6771, 33.2635, 0, 21.7731
-34.0862, 33.2635, 0, 18.0724
-34.3131, 33.2635, 0, 13.9352
-34.2185, 33.2635, 0, 10.217
-33.7065, 33.2635, 0, 7.52254
-32.8479, 33.2635, 0, 6.23644
-31.9901, 33.2635, 0, 6.61646
-31.3759, 33.2635, 0, 8.68875
-31.3464, 33.2635, 0, 12.2352
-32.0174, 33.2635, 0, 16.781
-33.3208, 33.2635, 0, 21.2449
-35.0443, 33.2635, 0, 24.5984
-36.7886, 33.2635, 0, 25.8142
-38.6891, 33.2635, 0, 28.009
-39.2454, 33.2635, 0, 26.7438
-39.3724, 33.2635, 0, 23.4387
-39.1281, 33.2635, 0, 18.9607
-38.5716, 33.2635, 0, 14.4298
-37.8505, 33.2635, 0, 10.8795
-37.0259, 33.2635, 0, 8.82341
-36.209, 33.2635, 0, 8.44299
-35.4073, 33.2635, 0, 9.71055
-34.6606, 33.2635, 0, 12.4026
-34.019, 33.2635, 0, 16.1243
-33.4519, 33.2635, 0, 20.2719
-32.9707, 33.2635, 0, 23.9538
-32.5876, 33.2635, 0, 26.2818
-32.2936, 33.2635, 0, 26.674
-32.0664, 33.2635, 0, 25.1711
-31.9152, 33.2635, 0, 22.6471
-31.8642, 33.2635, 0, 20.3948
-31.8747, 33.2635, 0, 19.4895
-31.9628, 33.2635, 0, 20.3963
-32.1351, 33.2635, 0, 22.6727
-32.3926, 33.2635, 0, 25.1739
-32.7274, 33.2635, 0, 26.6498
-33.1491, 33.2635, 0, 26.2627
-33.6084, 33.2635, 0, 23.9668
-34.1062, 33.2635, 0, 20.2617
-34.5556, 33.2635, 0, 16.095
-34.8687, 33.2635, 0, 12.3664
-34.9635, 33.2635, 0, 9.69611
-34.8624, 33.2635, 0, 8.43929
-34.7123, 33.2635, 0, 8.81307
-34.7052, 33.2635, 0, 10.8777
-35.0155, 33.2635, 0, 14.4454
-35.7092, 33.2635, 0, 18.9267
-36.6916, 33.2635, 0, 23.4455
-37.7708, 33.2635, 0, 26.7701
-38.6812, 33.2635, 0, 28.0043
-39.4888, 33.2635, 0, 29.0815
-39.63, 33.2635, 0, 27.851
-39.4909, 33.2635, 0, 24.5465
-39.0924, 33.2635, 0, 20.0959
-38.4838, 33.2635, 0, 15.5312
-37.7393, 33.2635, 0, 11.9665
-36.937, 33.2635, 0, 9.90559
-36.111, 33.2635, 0, 9.53318
-35.3347, 33.2635, 0, 10.8025
-34.609, 33.2635, 0, 13.4779
-33.9536, 33.2635, 0, 17.202
-33.413, 33.2635, 0, 21.3476
-32.9285, 33.2635, 0, 25.0385
-32.5516, 33.2635, 0, 27.3602
-32.2456, 33.2635, 0, 27.7383
-32.0219, 33.2635, 0, 26.256
-31.8744, 33.2635, 0, 23.757
-31.8136, 33.2635, 0, 21.4851
-31.8222, 33.2635, 0, 20.5722
-31.9072, 33.2635, 0, 21.4768
-32.0654, 33.2635, 0, 23.7548
-32.3093, 33.2635, 0, 26.2603
-32.6302, 33.2635, 0, 27.7338
-33.0424, 33.2635, 0, 27.3574
-33.509, 33.2635, 0, 25.037
-34.0458, 33.2635, 0, 21.353
-34.6034, 33.2635, 0, 17.2045
-35.1411, 33.2635, 0, 13.4861
-35.6121, 33.2635, 0, 10.7932
-35.9869, 33.2635, 0, 9.52707
-36.3213, 33.2635, 0, 9.89515
-36.6917, 33.2635, 0, 11.9557
-37.1755, 33.2635, 0, 15.5156
-37.7921, 33.2635, 0, 20.0333
-38.4692, 33.2635, 0, 24.5538
-39.0884, 33.2635, 0, 27.8483
-39.4914, 33.2635, 0, 29.0808
-39.7485, 33.2635, 0, 28.707
-39.7009, 33.2635, 0, 27.4749
-39.4665, 33.2635, 0, 24.1567
-39.005, 33.2635, 0, 19.6859
-38.3991, 33.2635, 0, 15.1651
-37.6572, 33.2635, 0, 11.5911
-36.8611, 33.2635, 0, 9.53418
-36.058, 33.2635, 0, 9.15732
-35.2767, 33.2635, 0, 10.4132
-34.5625, 33.2635, 0, 13.1054
-33.9186, 33.2635, 0, 16.8179
-33.3632, 33.2635, 0, 20.9858
-32.9037, 33.2635, 0, 24.68
-32.5163, 33.2635, 0, 26.9974
-32.2152, 33.2635, 0, 27.3642
-31.9991, 33.2635, 0, 25.8801
-31.8472, 33.2635, 0, 23.373
-31.7728, 33.2635, 0, 21.1045
-31.7816, 33.2635, 0, 20.1962
-31.8474, 33.2635, 0, 21.1073
-31.9914, 33.2635, 0, 23.3692
-32.2403, 33.2635, 0, 25.8751
-32.5431, 33.2635, 0, 27.3669
-32.9322, 33.2635, 0, 26.9786
-33.4045, 33.2635, 0, 24.6668
-33.9542, 33.2635, 0, 20.9781
-34.5519, 33.2635, 0, 16.8278
-35.188, 33.2635, 0, 13.1021
-35.8213, 33.2635, 0, 10.415
-36.4403, 33.2635, 0, 9.15414
-37.0324, 33.2635, 0, 9.52641
-37.6056, 33.2635, 0, 11.6116
-38.1839, 33.2635, 0, 15.1547
-38.7423, 33.2635, 0, 19.6546
-39.2183, 33.2635, 0, 24.192
-39.5774, 33.2635, 0, 27.4793
-39.7397, 33.2635, 0, 28.7053
-39.7719, 33.2635, 0, 27.4481
-39.6667, 33.2635, 0, 26.2258
-39.3891, 33.2635, 0, 22.8836
-38.9347, 33.2635, 0, 18.3927
-38.3093, 33.2635, 0, 13.9317
-37.5981, 33.2635, 0, 10.3604
-36.8131, 33.2635, 0, 8.28002
-36.0171, 33.2635, 0, 7.9098
-35.2361, 33.2635, 0, 9.17638
-34.5405, 33.2635, 0, 11.8621
-33.9071, 33.2635, 0, 15.5739
-33.3442, 33.2635, 0, 19.7437
-32.8771, 33.2635, 0, 23.4095
-32.4988, 33.2635, 0, 25.7315
-32.1967, 33.2635, 0, 26.1045
-31.9689, 33.2635, 0, 24.6351
-31.8212, 33.2635, 0, 22.1279
-31.7442, 33.2635, 0, 19.8426
-31.7326, 33.2635, 0, 18.942
-31.8007, 33.2635, 0, 19.8491
-31.9456, 33.2635, 0, 22.1265
-32.1604, 33.2635, 0, 24.6256
-32.4726, 33.2635, 0, 26.1154
-32.8446, 33.2635, 0, 25.7343
-33.2972, 33.2635, 0, 23.4067
-33.8316, 33.2635, 0, 19.7173
-34.4369, 33.2635, 0, 15.5685
-35.1069, 33.2635, 0, 11.8453
-35.8204, 33.2635, 0, 9.15876
-36.5271, 33.2635, 0, 7.90202
-37.2364, 33.2635, 0, 8.28957
-37.9162, 33.2635, 0, 10.3431
-38.5287, 33.2635, 0, 13.9168
-39.0494, 33.2635, 0, 18.4249
-39.4513, 33.2635, 0, 22.8825
-39.6982, 33.2635, 0, 26.2394
-39.7729, 33.2635, 0, 27.4494
-39.7216, 33.2635, 0, 26.3705
-39.5989, 33.2635, 0, 25.1351
-39.3185, 33.2635, 0, 21.8137
-38.8669, 33.2635, 0, 17.3503
-38.2623, 33.2635, 0, 12.8413
-37.5509, 33.2635, 0, 9.26097
-36.782, 33.2635, 0, 7.20443
-35.9924, 33.2635, 0, 6.82261
-35.2289, 33.2635, 0, 8.09315
-34.5231, 33.2635, 0, 10.7822
-33.8863, 33.2635, 0, 14.4876
-33.3365, 33.2635, 0, 18.627
-32.8689, 33.2635, 0, 22.3365
-32.4765, 33.2635, 0, 24.6636
-32.179, 33.2635, 0, 25.0318
-31.9473, 33.2635, 0, 23.5522
-31.8021, 33.2635, 0, 21.0379
-31.7207, 33.2635, 0, 18.7737
-31.7094, 33.2635, 0, 17.8643
-31.7753, 33.2635, 0, 18.7727
-31.9094, 33.2635, 0, 21.0425
-32.1052, 33.2635, 0, 23.5559
-32.3878, 33.2635, 0, 25.0302
-32.7576, 33.2635, 0, 24.649
-33.1984, 33.2635, 0, 22.3323
-33.7068, 33.2635, 0, 18.6619
-34.3197, 33.2635, 0, 14.4963
-34.9936, 33.2635, 0, 10.7598
-35.7101, 33.2635, 0, 8.08216
-36.4611, 33.2635, 0, 6.8284
-37.2261, 33.2635, 0, 7.20532
-37.9312, 33.2635, 0, 9.27937
-38.5667, 33.2635, 0, 12.8294
-39.0936, 33.2635, 0, 17.3564
-39.4728, 33.2635, 0, 21.8313
-39.6849, 33.2635, 0, 25.14
-39.7201, 33.2635, 0, 26.3747
-39.6675, 33.2635, 0, 26.2762
-39.5448, 33.2635, 0, 25.0391
-39.2688, 33.2635, 0, 21.6984
-38.8287, 33.2635, 0, 17.2546
-38.2359, 33.2635, 0, 12.7389
-37.5339, 33.2635, 0, 9.18079
-36.7744, 33.2635, 0, 7.10299
-35.9858, 33.2635, 0, 6.72995
-35.2308, 33.2635, 0, 7.99452
-34.5136, 33.2635, 0, 10.6798
-33.8834, 33.2635, 0, 14.415
-33.3383, 33.2635, 0, 18.5698
-32.8693, 33.2635, 0, 22.2499
-32.486, 33.2635, 0, 24.5612
-32.1864, 33.2635, 0, 24.9372
-31.9463, 33.2635, 0, 23.4568
-31.7913, 33.2635, 0, 20.9564
-31.7068, 33.2635, 0, 18.6725
-31.6845, 33.2635, 0, 17.7658
-31.7437, 33.2635, 0, 18.6801
-31.8567, 33.2635, 0, 20.9447
-32.0648, 33.2635, 0, 23.4534
-32.3278, 33.2635, 0, 24.9355
-32.6824, 33.2635, 0, 24.5535
-33.1043, 33.2635, 0, 22.2274
-33.6173, 33.2635, 0, 18.5674
-34.2109, 33.2635, 0, 14.396
-34.863, 33.2635, 0, 10.6903
-35.5971, 33.2635, 0, 7.99095
-36.3592, 33.2635, 0, 6.73079
-37.1234, 33.2635, 0, 7.11446
-37.8553, 33.2635, 0, 9.15863
-38.5013, 33.2635, 0, 12.7526
-39.0355, 33.2635, 0, 17.2373
-39.4171, 33.2635, 0, 21.7386
-39.6167, 33.2635, 0, 25.0434
-39.663, 33.2635, 0, 26.275
-39.6196, 33.2635, 0, 27.1695
-39.492, 33.2635, 0, 25.9613
-39.2384, 33.2635, 0, 22.6424
-38.8019, 33.2635, 0, 18.1072
-38.233, 33.2635, 0, 13.6254
-37.5412, 33.2635, 0, 10.0526
-36.7836, 33.2635, 0, 7.99771
-36.0015, 33.2635, 0, 7.62467
-35.2364, 33.2635, 0, 8.89481
-34.5352, 33.2635, 0, 11.5719
-33.9045, 33.2635, 0, 15.3051
-33.3584, 33.2635, 0, 19.4193
-32.8802, 33.2635, 0, 23.1175
-32.4856, 33.2635, 0, 25.4516
-32.1845, 33.2635, 0, 25.8285
-31.9552, 33.2635, 0, 24.3414
-31.7876, 33.2635, 0, 21.8308
-31.6859, 33.2635, 0, 19.5715
-31.6666, 33.2635, 0, 18.6526
-31.7168, 33.2635, 0, 19.559
-31.8272, 33.2635, 0, 21.8327
-32.0216, 33.2635, 0, 24.3491
-32.2798, 33.2635, 0, 25.8296
-32.6174, 33.2635, 0, 25.4482
-33.0381, 33.2635, 0, 23.138
-33.5256, 33.2635, 0, 19.4553
-34.1051, 33.2635, 0, 15.2994
-34.7664, 33.2635, 0, 11.5729
-35.4867, 33.2635, 0, 8.88934
-36.2484, 33.2635, 0, 7.62535
-37.0222, 33.2635, 0, 8.00301
-37.7571, 33.2635, 0, 10.0699
-38.4199, 33.2635, 0, 13.6138
-38.9653, 33.2635, 0, 18.1497
-39.3305, 33.2635, 0, 22.6089
-39.5646, 33.2635, 0, 25.9485
-39.6063, 33.2635, 0, 27.1728
-39.5817, 33.2635, 0, 28.3259
-39.4754, 33.2635, 0, 27.1005
-39.2293, 33.2635, 0, 23.7475
-38.8171, 33.2635, 0, 19.2966
-38.2431, 33.2635, 0, 14.7898
-37.5585, 33.2635, 0, 11.2156
-36.8043, 33.2635, 0, 9.15788
-36.0245, 33.2635, 0, 8.78714
-35.2736, 33.2635, 0, 10.0408
-34.5746, 33.2635, 0, 12.726
-33.9374, 33.2635, 0, 16.4385
-33.3827, 33.2635, 0, 20.5976
-32.9026, 33.2635, 0, 24.2853
-32.5015, 33.2635, 0, 26.6087
-32.1917, 33.2635, 0, 26.9897
-31.9584, 33.2635, 0, 25.5129
-31.7841, 33.2635, 0, 22.9925
-31.6957, 33.2635, 0, 20.7188
-31.6624, 33.2635, 0, 19.8176
-31.7046, 33.2635, 0, 20.7254
-31.8075, 33.2635, 0, 22.9836
-31.9849, 33.2635, 0, 25.5153
-32.2335, 33.2635, 0, 26.9898
-32.5696, 33.2635, 0, 26.6134
-32.9733, 33.2635, 0, 24.2873
-33.4615, 33.2635, 0, 20.611
-34.0316, 33.2635, 0, 16.4676
-34.6814, 33.2635, 0, 12.7238
-35.3944, 33.2635, 0, 10.0327
-36.1427, 33.2635, 0, 8.78301
-36.926, 33.2635, 0, 9.15993
-37.6747, 33.2635, 0, 11.2219
-38.334, 33.2635, 0, 14.7939
-38.9036, 33.2635, 0, 19.311
-39.283, 33.2635, 0, 23.7652
-39.5043, 33.2635, 0, 27.1019
-39.5601, 33.2635, 0, 28.3253
-39.5542, 33.2635, 0, 28.8451
-39.4877, 33.2635, 0, 27.6143
-39.2453, 33.2635, 0, 24.2882
-38.8372, 33.2635, 0, 19.8383
-38.2849, 33.2635, 0, 15.3352
-37.6137, 33.2635, 0, 11.7409
-36.8588, 33.2635, 0, 9.67253
-36.0937, 33.2635, 0, 9.29932
-35.3293, 33.2635, 0, 10.5661
-34.6156, 33.2635, 0, 13.2469
-33.9815, 33.2635, 0, 16.9644
-33.4163, 33.2635, 0, 21.125
-32.9381, 33.2635, 0, 24.8162
-32.5304, 33.2635, 0, 27.1308
-32.2166, 33.2635, 0, 27.5048
-31.9668, 33.2635, 0, 26.0269
-31.7905, 33.2635, 0, 23.5109
-31.6911, 33.2635, 0, 21.2413
-31.6619, 33.2635, 0, 20.3354
-31.686, 33.2635, 0, 21.2408
-31.7913, 33.2635, 0, 23.5111
-31.9739, 33.2635, 0, 26.0279
-32.2161, 33.2635, 0, 27.5025
-32.5281, 33.2635, 0, 27.1281
-32.9245, 33.2635, 0, 24.8166
-33.4154, 33.2635, 0, 21.1258
-33.9701, 33.2635, 0, 16.9885
-34.6275, 33.2635, 0, 13.2355
-35.3257, 33.2635, 0, 10.5637
-36.0829, 33.2635, 0, 9.3039
-36.8473, 33.2635, 0, 9.67214
-37.6108, 33.2635, 0, 11.747
-38.2818, 33.2635, 0, 15.2944
-38.8314, 33.2635, 0, 19.81
-39.2409, 33.2635, 0, 24.3231
-39.4902, 33.2635, 0, 27.6229
-39.5598, 33.2635, 0, 28.8451
63.2249, 33.2635, 0, 37.3547
61.8212, 33.2635, 0, 36.1159
57.7991, 33.2635, 0, 32.7793
51.1828, 33.2635, 0, 28.2247
42.2654, 33.2635, 0, 23.7579
31.4934, 33.2635, 0, 20.1888
19.3838, 33.2635, 0, 18.1103
6.81965, 33.2635, 0, 17.7427
-5.13228, 33.2635, 0, 19.0201
-15.3924, 33.2635, 0, 21.7156
-23.4812, 33.2635, 0, 25.4275
-29.3968, 33.2635, 0, 29.6025
-33.4223, 33.2635, 0, 33.2787
-36.0031, 33.2635, 0, 35.6241
-37.6071, 33.2635, 0, 36.0049
-38.5901, 33.2635, 0, 34.5273
-39.1704, 33.2635, 0, 32.0195
-39.4761, 33.2635, 0, 29.7599
-39.5697, 33.2635, 0, 28.8451
-39.4772, 33.2635, 0, 29.7558
-39.176, 33.2635, 0, 32.0247
-38.5914, 33.2635, 0, 34.5213
-37.6195, 33.2635, 0, 36.0044
-36.0057, 33.2635, 0, 35.6147
-33.4131, 33.2635, 0, 33.2898
-29.4288, 33.2635, 0, 29.6046
-23.501, 33.2635, 0, 25.4416
-15.4355, 33.2635, 0, 21.7155
-4.99157, 33.2635, 0, 19.0055
6.77751, 33.2635, 0, 17.7463
19.1873, 33.2635, 0, 18.0924
31.4126, 33.2635, 0, 20.1677
42.2638, 33.2635, 0, 23.7297
51.1986, 33.2635, 0, 28.3024
57.765, 33.2635, 0, 32.7281
61.8116, 33.2635, 0, 36.1222
63.2064, 33.2635, 0, 37.3547
61.86, 33.2635, 0, 36.1173
59.2178, 33.2635, 0, 34.878
53.8532, 33.2635, 0, 31.5206
46.164, 33.2635, 0, 27.0404
36.1364, 33.2635, 0, 22.4984
24.5553, 33.2635, 0, 18.9217
12.0515, 33.2635, 0, 16.8615
-0.16029, 33.2635, 0, 16.5055
-11.5343, 33.2635, 0, 17.7696
-20.809, 33.2635, 0, 20.4553
-27.6933, 33.2635, 0, 24.1722
-32.455, 33.2635, 0, 28.3838
-35.5341, 33.2635, 0, 32.0824
-37.4181, 33.2635, 0, 34.384
-38.5114, 33.2635, 0, 34.7766
-39.1463, 33.2635, 0, 33.2942
-39.4559, 33.2635, 0, 30.7812
-39.563, 33.2635, 0, 28.514
-39.4684, 33.2635, 0, 27.6145
-39.2014, 33.2635, 0, 28.5245
-38.7146, 33.2635, 0, 30.7842
-37.8839, 33.2635, 0, 33.2888
-36.5705, 33.2635, 0, 34.7723
-34.4784, 33.2635, 0, 34.3873
-31.2576, 33.2635, 0, 32.0506
-26.4293, 33.2635, 0, 28.3712
-19.566, 33.2635, 0, 24.2019
-10.6311, 33.2635, 0, 20.4799
0.231285, 33.2635, 0, 17.7756
12.298, 33.2635, 0, 16.5185
24.4828, 33.2635, 0, 16.8673
35.7995, 33.2635, 0, 18.8966
45.7934, 33.2635, 0, 22.5451
53.5514, 33.2635, 0, 27.0686
58.954, 33.2635, 0, 31.5279
61.8254, 33.2635, 0, 34.872
61.8303, 33.2635, 0, 36.1259
57.8161, 33.2635, 0, 32.7821
53.8361, 33.2635, 0, 31.5196
47.5106, 33.2635, 0, 28.204
38.6609, 33.2635, 0, 23.6873
27.9042, 33.2635, 0, 19.1534
15.9186, 33.2635, 0, 15.6016
3.45818, 33.2635, 0, 13.5446
-8.37031, 33.2635, 0, 13.1424
-18.548, 33.2635, 0, 14.4271
-26.3217, 33.2635, 0, 17.1389
-31.7379, 33.2635, 0, 20.8828
-35.2114, 33.2635, 0, 24.9822
-37.2813, 33.2635, 0, 28.7364
-38.4785, 33.2635, 0, 31.0413
-39.1127, 33.2635, 0, 31.4046
-39.4196, 33.2635, 0, 29.9317
-39.5114, 33.2635, 0, 27.4095
-39.4144, 33.2635, 0, 25.1572
-39.1875, 33.2635, 0, 24.2729
-38.7684, 33.2635, 0, 25.1958
-38.1264, 33.2635, 0, 27.4401
-37.1206, 33.2635, 0, 29.9487
-35.5077, 33.2635, 0, 31.4057
-33.0599, 33.2635, 0, 31.0432
-29.3231, 33.2635, 0, 28.722
-23.9079, 33.2635, 0, 25.0459
-16.4419, 33.2635, 0, 20.8587
-7.03145, 33.2635, 0, 17.1378
4.0747, 33.2635, 0, 14.4401
15.8376, 33.2635, 0, 13.1587
27.3521, 33.2635, 0, 13.5291
37.8896, 33.2635, 0, 15.5945
46.688, 33.2635, 0, 19.1885
53.3345, 33.2635, 0, 23.6872
57.5358, 33.2635, 0, 28.2826
59.0487, 33.2635, 0, 31.5821
57.7747, 33.2635, 0, 32.7725
51.1046, 33.2635, 0, 28.2422
46.1433, 33.2635, 0, 27.0244
38.6069, 33.2635, 0, 23.6746
29.0474, 33.2635, 0, 19.1649
17.8124, 33.2635, 0, 14.6432
5.80491, 33.2635, 0, 11.0816
-6.2231, 33.2635, 0, 8.99326
-16.8428, 33.2635, 0, 8.66987
-25.3025, 33.2635, 0, 9.92292
-31.2605, 33.2635, 0, 12.6311
-35.0643, 33.2635, 0, 16.3255
-37.2584, 33.2635, 0, 20.5533
-38.4821, 33.2635, 0, 24.2205
-39.1014, 33.2635, 0, 26.5471
-39.3595, 33.2635, 0, 26.8838
-39.4078, 33.2635, 0, 25.432
-39.3031, 33.2635, 0, 22.9457
-39.1006, 33.2635, 0, 20.6812
-38.7451, 33.2635, 0, 19.7771
-38.2306, 33.2635, 0, 20.6707
-37.4842, 33.2635, 0, 22.9509
-36.3411, 33.2635, 0, 25.4339
-34.5871, 33.2635, 0, 26.9095
-31.9288, 33.2635, 0, 26.5455
-27.9251, 33.2635, 0, 24.2155
-22.0794, 33.2635, 0, 20.5074
-14.3951, 33.2635, 0, 16.355
-4.93697, 33.2635, 0, 12.6072
5.95095, 33.2635, 0, 9.95037
17.1485, 33.2635, 0, 8.67439
27.9187, 33.2635, 0, 9.01123
37.4235, 33.2635, 0, 11.0652
45.0664, 33.2635, 0, 14.6627
50.4369, 33.2635, 0, 19.1743
53.3405, 33.2635, 0, 23.7449
53.6737, 33.2635, 0, 27.0635
51.227, 33.2635, 0, 28.2955
42.2041, 33.2635, 0, 23.7282
36.1843, 33.2635, 0, 22.4947
27.9734, 33.2635, 0, 19.1666
17.8248, 33.2635, 0, 14.6412
6.58783, 33.2635, 0, 10.1266
-4.97356, 33.2635, 0, 6.55259
-15.7447, 33.2635, 0, 4.48521
-24.5513, 33.2635, 0, 4.14988
-30.9397, 33.2635, 0, 5.3897
-34.9875, 33.2635, 0, 8.06288
-37.2966, 33.2635, 0, 11.811
-38.4994, 33.2635, 0, 15.9835
-39.0586, 33.2635, 0, 19.6958
-39.245, 33.2635, 0, 22.0239
-39.2367, 33.2635, 0, 22.3911
-39.0973, 33.2635, 0, 20.9086
-38.8851, 33.2635, 0, 18.4141
-38.5656, 33.2635, 0, 16.151
-38.158, 33.2635, 0, 15.2443
-37.606, 33.2635, 0, 16.1437
-36.8168, 33.2635, 0, 18.3986
-35.6617, 33.2635, 0, 20.9026
-33.8863, 33.2635, 0, 22.3746
-31.1574, 33.2635, 0, 22.016
-27.0478, 33.2635, 0, 19.7055
-21.2603, 33.2635, 0, 15.999
-13.6597, 33.2635, 0, 11.8383
-4.40907, 33.2635, 0, 8.10169
5.96302, 33.2635, 0, 5.41595
16.4157, 33.2635, 0, 4.11946
26.2243, 33.2635, 0, 4.52023
34.4125, 33.2635, 0, 6.56815
40.8809, 33.2635, 0, 10.1143
45.0532, 33.2635, 0, 14.6516
46.6376, 33.2635, 0, 19.1448
45.7765, 33.2635, 0, 22.5103
42.1366, 33.2635, 0, 23.7135
31.3923, 33.2635, 0, 20.1699
24.5513, 33.2635, 0, 18.9254
15.8935, 33.2635, 0, 15.5673
5.77683, 33.2635, 0, 11.078
-5.04847, 33.2635, 0, 6.57054
-15.4268, 33.2635, 0, 2.97281
-24.2315, 33.2635, 0, 0.917516
-30.785, 33.2635, 0, 0.556108
-34.9844, 33.2635, 0, 1.81542
-37.3499, 33.2635, 0, 4.51462
-38.5101, 33.2635, 0, 8.25225
-38.9822, 33.2635, 0, 12.4028
-39.0861, 33.2635, 0, 16.1065
-39.0021, 33.2635, 0, 18.428
-38.8184, 33.2635, 0, 18.8263
-38.5627, 33.2635, 0, 17.347
-38.2624, 33.2635, 0, 14.8295
-37.8996, 33.2635, 0, 12.5556
-37.4789, 33.2635, 0, 11.6786
-36.9339, 33.2635, 0, 12.5672
-36.1658, 33.2635, 0, 14.853
-35.0782, 33.2635, 0, 17.3244
-33.3998, 33.2635, 0, 18.8025
-30.814, 33.2635, 0, 18.4477
-26.9191, 33.2635, 0, 16.1358
-21.3789, 33.2635, 0, 12.4073
-14.0981, 33.2635, 0, 8.26758
-5.4362, 33.2635, 0, 4.54265
3.98443, 33.2635, 0, 1.83559
13.4247, 33.2635, 0, 0.553558
22.1426, 33.2635, 0, 0.923312
29.2396, 33.2635, 0, 2.97778
34.4822, 33.2635, 0, 6.54923
37.5099, 33.2635, 0, 11.1303
37.9391, 33.2635, 0, 15.62
35.8755, 33.2635, 0, 18.9305
31.4071, 33.2635, 0, 20.1724
19.3458, 33.2635, 0, 18.1131
12.1, 33.2635, 0, 16.8818
3.46063, 33.2635, 0, 13.521
-6.08464, 33.2635, 0, 9.02799
-15.7243, 33.2635, 0, 4.50102
-24.2561, 33.2635, 0, 0.91476
-30.7823, 33.2635, 0, -1.14517
-34.9991, 33.2635, 0, -1.50034
-37.3892, 33.2635, 0, -0.237219
-38.4954, 33.2635, 0, 2.46279
-38.902, 33.2635, 0, 6.19784
-38.9389, 33.2635, 0, 10.3452
-38.7657, 33.2635, 0, 14.0444
-38.5023, 33.2635, 0, 16.3858
-38.2092, 33.2635, 0, 16.7544
-37.879, 33.2635, 0, 15.2816
-37.532, 33.2635, 0, 12.7777
-37.1586, 33.2635, 0, 10.5036
-36.7287, 33.2635, 0, 9.60088
-36.208, 33.2635, 0, 10.4975
-35.5329, 33.2635, 0, 12.7758
-34.562, 33.2635, 0, 15.2967
-33.0981, 33.2635, 0, 16.7624
-30.8115, 33.2635, 0, 16.3792
-27.3338, 33.2635, 0, 14.0485
-22.4084, 33.2635, 0, 10.3574
-15.8354, 33.2635, 0, 6.18451
-8.07701, 33.2635, 0, 2.46188
0.358466, 33.2635, 0, -0.241286
8.66584, 33.2635, 0, -1.50595
16.1537, 33.2635, 0, -1.13609
22.0788, 33.2635, 0, 0.92044
26.1264, 33.2635, 0, 4.51309
27.888, 33.2635, 0, 9.02886
27.3516, 33.2635, 0, 13.5074
24.5307, 33.2635, 0, 16.8779
19.2207, 33.2635, 0, 18.0953
6.88049, 33.2635, 0, 17.7392
-0.267279, 33.2635, 0, 16.4966
-8.39036, 33.2635, 0, 13.1596
-16.8362, 33.2635, 0, 8.69738
-24.5812, 33.2635, 0, 4.14404
-30.7994, 33.2635, 0, 0.561998
-35.0367, 33.2635, 0, -1.5127
-37.3956, 33.2635, 0, -1.87647
-38.4946, 33.2635, 0, -0.596839
-38.8373, 33.2635, 0, 2.09405
-38.7953, 33.2635, 0, 5.81082
-38.559, 33.2635, 0, 9.98713
-38.2127, 33.2635, 0, 13.6645
-37.8702, 33.2635, 0, 16.0063
-37.4869, 33.2635, 0, 16.3893
-37.1125, 33.2635, 0, 14.9146
-36.7571, 33.2635, 0, 12.4135
-36.3741, 33.2635, 0, 10.1374
-35.9578, 33.2635, 0, 9.23409
-35.5, 33.2635, 0, 10.1446
-34.9179, 33.2635, 0, 12.4031
-34.1135, 33.2635, 0, 14.9104
-32.912, 33.2635, 0, 16.3861
-31.0452, 33.2635, 0, 16.0076
-28.1741, 33.2635, 0, 13.6792
-24.0207, 33.2635, 0, 9.99941
-18.4448, 33.2635, 0, 5.82581
-11.8021, 33.2635, 0, 2.08818
-4.59811, 33.2635, 0, -0.597937
2.50667, 33.2635, 0, -1.8723
8.76524, 33.2635, 0, -1.50415
13.4389, 33.2635, 0, 0.547361
16.4021, 33.2635, 0, 4.1386
17.1687, 33.2635, 0, 8.67427
15.7171, 33.2635, 0, 13.1348
12.2284, 33.2635, 0, 16.52
6.7687, 33.2635, 0, 17.7429
-5.12398, 33.2635, 0, 19.0131
-11.5654, 33.2635, 0, 17.8005
-18.5123, 33.2635, 0, 14.4139
-25.2549, 33.2635, 0, 9.94508
-30.9532, 33.2635, 0, 5.40439
-34.9904, 33.2635, 0, 1.81417
-37.3818, 33.2635, 0, -0.25422
-38.4896, 33.2635, 0, -0.621582
-38.818, 33.2635, 0, 0.666756
-38.7132, 33.2635, 0, 3.35413
-38.3989, 33.2635, 0, 7.09847
-38.006, 33.2635, 0, 11.2431
-37.59, 33.2635, 0, 14.932
-37.1582, 33.2635, 0, 17.2845
-36.742, 33.2635, 0, 17.668
-36.3489, 33.2635, 0, 16.1754
-35.986, 33.2635, 0, 13.6862
-35.6174, 33.2635, 0, 11.4016
-35.2234, 33.2635, 0, 10.5035
-34.814, 33.2635, 0, 11.4047
-34.3327, 33.2635, 0, 13.6731
-33.6885, 33.2635, 0, 16.1752
-32.7668, 33.2635, 0, 17.6609
-31.3657, 33.2635, 0, 17.2925
-29.1726, 33.2635, 0, 14.9446
-25.9441, 33.2635, 0, 11.2434
-21.5735, 33.2635, 0, 7.09895
-16.1961, 33.2635, 0, 3.36428
-10.2399, 33.2635, 0, 0.658606
-4.59084, 33.2635, 0, -0.594963
0.398122, 33.2635, 0, -0.236707
3.98978, 33.2635, 0, 1.84278
5.77357, 33.2635, 0, 5.40978
5.99923, 33.2635, 0, 9.94652
3.98233, 33.2635, 0, 14.4167
0.285037, 33.2635, 0, 17.7785
-5.08301, 33.2635, 0, 19.022
-15.3323, 33.2635, 0, 21.694
-20.8112, 33.2635, 0, 20.4871
-26.363, 33.2635, 0, 17.1509
-31.2413, 33.2635, 0, 12.6187
-34.9938, 33.2635, 0, 8.09
-37.3417, 33.2635, 0, 4.5176
-38.4963, 33.2635, 0, 2.47733
-38.8369, 33.2635, 0, 2.08128
-38.7128, 33.2635, 0, 3.35261
-38.3633, 33.2635, 0, 6.06475
-37.8949, 33.2635, 0, 9.80588
-37.4091, 33.2635, 0, 13.9261
-36.9185, 33.2635, 0, 17.6263
-36.4727, 33.2635, 0, 19.9703
-36.0192, 33.2635, 0, 20.3617
-35.6241, 33.2635, 0, 18.8618
-35.2496, 33.2635, 0, 16.3611
-34.886, 33.2635, 0, 14.0782
-34.5362, 33.2635, 0, 13.2073
-34.1783, 33.2635, 0, 14.0895
-33.7728, 33.2635, 0, 16.3763
-33.2928, 33.2635, 0, 18.8856
-32.6369, 33.2635, 0, 20.3258
-31.647, 33.2635, 0, 19.9749
-30.1277, 33.2635, 0, 17.6407
-27.8455, 33.2635, 0, 13.9464
-24.6668, 33.2635, 0, 9.80251
-20.6299, 33.2635, 0, 6.05888
-16.1303, 33.2635, 0, 3.33972
-11.7654, 33.2635, 0, 2.08665
-8.03484, 33.2635, 0, 2.46624
-5.42538, 33.2635, 0, 4.53529
-4.36824, 33.2635, 0, 8.10429
-4.86568, 33.2635, 0, 12.6305
-7.03492, 33.2635, 0, 17.1606
-10.5863, 33.2635, 0, 20.4727
-15.3384, 33.2635, 0, 21.6961
-23.4936, 33.2635, 0, 25.4272
-27.7481, 33.2635, 0, 24.1866
-31.7507, 33.2635, 0, 20.8774
-35.0526, 33.2635, 0, 16.3564
-37.2899, 33.2635, 0, 11.8348
-38.493, 33.2635, 0, 8.22855
-38.8892, 33.2635, 0, 6.21122
-38.78, 33.2635, 0, 5.84246
-38.3954, 33.2635, 0, 7.08731
-37.8934, 33.2635, 0, 9.79962
-37.3427, 33.2635, 0, 13.5101
-36.7968, 33.2635, 0, 17.6515
-36.2811, 33.2635, 0, 21.3908
-35.7922, 33.2635, 0, 23.6996
-35.3534, 33.2635, 0, 24.1109
-34.9499, 33.2635, 0, 22.5901
-34.5708, 33.2635, 0, 20.1208
-34.2315, 33.2635, 0, 17.8383
-33.9172, 33.2635, 0, 16.9097
-33.6038, 33.2635, 0, 17.8404
-33.283, 33.2635, 0, 20.1107
-32.9254, 33.2635, 0, 22.6168
-32.4818, 33.2635, 0, 24.0656
-31.8413, 33.2635, 0, 23.6899
-30.8853, 33.2635, 0, 21.3885
-29.444, 33.2635, 0, 17.7015
-27.364, 33.2635, 0, 13.5372
-24.6601, 33.2635, 0, 9.80106
-21.5866, 33.2635, 0, 7.11797
-18.4442, 33.2635, 0, 5.82272
-15.8699, 33.2635, 0, 6.20462
-14.1791, 33.2635, 0, 8.2797
-13.585, 33.2635, 0, 11.8265
-14.4091, 33.2635, 0, 16.3417
-16.4396, 33.2635, 0, 20.8699
-19.612, 33.2635, 0, 24.2155
-23.5237, 33.2635, 0, 25.4529
-29.4408, 33.2635, 0, 29.6155
-32.5084, 33.2635, 0, 28.3461
-35.1898, 33.2635, 0, 25.0496
-37.2632, 33.2635, 0, 20.4883
-38.4948, 33.2635, 0, 15.9608
-38.9823, 33.2635, 0, 12.4028
-38.9193, 33.2635, 0, 10.3584
-38.5417, 33.2635, 0, 9.95807
-38.0186, 33.2635, 0, 11.2424
-37.4017, 33.2635, 0, 13.9586
-36.7962, 33.2635, 0, 17.6841
-36.2111, 33.2635, 0, 21.8294
-35.671, 33.2635, 0, 25.5401
-35.1814, 33.2635, 0, 27.859
-34.7268, 33.2635, 0, 28.2345
-34.3236, 33.2635, 0, 26.775
-33.9694, 33.2635, 0, 24.2778
-33.6599, 33.2635, 0, 22.006
-33.3593, 33.2635, 0, 21.0876
-33.101, 33.2635, 0, 22.0055
-32.8554, 33.2635, 0, 24.256
-32.6122, 33.2635, 0, 26.7688
-32.3221, 33.2635, 0, 28.2547
-31.9574, 33.2635, 0, 27.835
-31.4162, 33.2635, 0, 25.546
-30.6102, 33.2635, 0, 21.8231
-29.4519, 33.2635, 0, 17.7218
-27.8368, 33.2635, 0, 13.9385
-25.9359, 33.2635, 0, 11.2394
-24.0236, 33.2635, 0, 9.98523
-22.3851, 33.2635, 0, 10.3469
-21.3739, 33.2635, 0, 12.4177
-21.2472, 33.2635, 0, 15.9638
-22.0949, 33.2635, 0, 20.5361
-23.9065, 33.2635, 0, 25.0203
-26.4747, 33.2635, 0, 28.3986
-29.4416, 33.2635, 0, 29.6115
-33.442, 33.2635, 0, 33.3104
-35.5301, 33.2635, 0, 32.0502
-37.2985, 33.2635, 0, 28.7059
-38.4847, 33.2635, 0, 24.1976
-39.0523, 33.2635, 0, 19.6498
-39.0787, 33.2635, 0, 16.1085
-38.7737, 33.2635, 0, 14.0454
-38.2187, 33.2635, 0, 13.6847
-37.5802, 33.2635, 0, 14.9612
-36.9253, 33.2635, 0, 17.6364
-36.2913, 33.2635, 0, 21.3732
-35.6725, 33.2635, 0, 25.5431
-35.1159, 33.2635, 0, 29.2458
-34.6227, 33.2635, 0, 31.5357
-34.1786, 33.2635, 0, 31.9405
-33.79, 33.2635, 0, 30.4641
-33.4577, 33.2635, 0, 27.9666
-33.1465, 33.2635, 0, 25.6809
-32.8894, 33.2635, 0, 24.7814
-32.685, 33.2635, 0, 25.682
-32.4912, 33.2635, 0, 27.9845
-32.3277, 33.2635, 0, 30.4675
-32.1793, 33.2635, 0, 31.9504
-32.01, 33.2635, 0, 31.5474
-31.7733, 33.2635, 0, 29.2295
-31.4202, 33.2635, 0, 25.5241
-30.8841, 33.2635, 0, 21.3639
-30.134, 33.2635, 0, 17.6582
-29.1692, 33.2635, 0, 14.94
-28.1862, 33.2635, 0, 13.6837
-27.3568, 33.2635, 0, 14.0511
-26.9152, 33.2635, 0, 16.1066
-27.0627, 33.2635, 0, 19.7051
-27.8598, 33.2635, 0, 24.2086
-29.3215, 33.2635, 0, 28.733
-31.2555, 33.2635, 0, 32.0523
-33.4225, 33.2635, 0, 33.3062
-35.9939, 33.2635, 0, 35.6183
-37.4006, 33.2635, 0, 34.3718
-38.4846, 33.2635, 0, 31.0528
-39.1027, 33.2635, 0, 26.5476
-39.2416, 33.2635, 0, 21.9928
-39.0103, 33.2635, 0, 18.4686
-38.5108, 33.2635, 0, 16.3774
-37.8638, 33.2635, 0, 16.0074
-37.1621, 33.2635, 0, 17.2792
-36.46, 33.2635, 0, 19.969
-35.797, 33.2635, 0, 23.7143
-35.1832, 33.2635, 0, 27.8695
-34.6275, 33.2635, 0, 31.561
-34.1333, 33.2635, 0, 33.8837
-33.6958, 33.2635, 0, 34.2737
-33.3114, 33.2635, 0, 32.7967
-32.9983, 33.2635, 0, 30.2858
-32.7291, 33.2635, 0, 28.0169
-32.5016, 33.2635, 0, 27.1151
-32.3369, 33.2635, 0, 28.0164
-32.2036, 33.2635, 0, 30.2831
-32.119, 33.2635, 0, 32.7793
-32.0635, 33.2635, 0, 34.2781
-32.0366, 33.2635, 0, 33.8864
-32.0116, 33.2635, 0, 31.5541
-31.9565, 33.2635, 0, 27.8583
-31.8422, 33.2635, 0, 23.7059
-31.6449, 33.2635, 0, 19.9687
-31.3604, 33.2635, 0, 17.2791
-31.0433, 33.2635, 0, 16.0106
-30.8131, 33.2635, 0, 16.3708
-30.7956, 33.2635, 0, 18.442
-31.1605, 33.2635, 0, 22.0395
-31.9091, 33.2635, 0, 26.5332
-33.0394, 33.2635, 0, 31.0224
-34.4801, 33.2635, 0, 34.3883
-36.0045, 33.2635, 0, 35.6151
-37.6221, 33.2635, 0, 36.0025
-38.5212, 33.2635, 0, 34.7687
-39.1162, 33.2635, 0, 31.4015
-39.3626, 33.2635, 0, 26.9408
-39.2405, 33.2635, 0, 22.3903
-38.8219, 33.2635, 0, 18.8232
-38.2143, 33.2635, 0, 16.7563
-37.496, 33.2635, 0, 16.385
-36.7449, 33.2635, 0, 17.6587
-36.0291, 33.2635, 0, 20.3482
-35.3556, 33.2635, 0, 24.0757
-34.7357, 33.2635, 0, 28.2357
-34.1801, 33.2635, 0, 31.9394
-33.7026, 33.2635, 0, 34.2691
-33.2767, 33.2635, 0, 34.6523
-32.9253, 33.2635, 0, 33.1873
-32.6285, 33.2635, 0, 30.6661
-32.3826, 33.2635, 0, 28.3961
-32.1873, 33.2635, 0, 27.4909
-32.0717, 33.2635, 0, 28.4094
-31.9862, 33.2635, 0, 30.666
-31.9597, 33.2635, 0, 33.1816
-31.9847, 33.2635, 0, 34.6509
-32.0696, 33.2635, 0, 34.2762
-32.1725, 33.2635, 0, 31.9405
-32.3196, 33.2635, 0, 28.2482
-32.4775, 33.2635, 0, 24.0933
-32.6343, 33.2635, 0, 20.3426
-32.7665, 33.2635, 0, 17.6678
-32.914, 33.2635, 0, 16.3886
-33.0882, 33.2635, 0, 16.7505
-33.3913, 33.2635, 0, 18.806
-33.8902, 33.2635, 0, 22.4121
-34.5921, 33.2635, 0, 26.9144
-35.5113, 33.2635, 0, 31.4188
-36.563, 33.2635, 0, 34.7694
-37.6235, 33.2635, 0, 36.002
-38.5998, 33.2635, 0, 34.5165
-39.1429, 33.2635, 0, 33.2929
-39.433, 33.2635, 0, 29.9646
-39.4025, 33.2635, 0, 25.425
-39.091, 33.2635, 0, 20.913
-38.5564, 33.2635, 0, 17.3473
-37.879, 33.2635, 0, 15.2793
-37.132, 33.2635, 0, 14.9236
-36.3552, 33.2635, 0, 16.1926
-35.6289, 33.2635, 0, 18.8588
-34.9511, 33.2635, 0, 22.6072
-34.3259, 33.2635, 0, 26.7729
-33.7946, 33.2635, 0, 30.4732
-33.3263, 33.2635, 0, 32.7917
-32.9161, 33.2635, 0, 33.1771
-32.5784, 33.2635, 0, 31.7018
-32.3033, 33.2635, 0, 29.1927
-32.1047, 33.2635, 0, 26.9326
-31.9619, 33.2635, 0, 26.0173
-31.8654, 33.2635, 0, 26.9269
-31.8395, 33.2635, 0, 29.1928
-31.884, 33.2635, 0, 31.7081
-31.9605, 33.2635, 0, 33.1781
-32.1147, 33.2635, 0, 32.7931
-32.3313, 33.2635, 0, 30.4643
-32.6029, 33.2635, 0, 26.7592
-32.932, 33.2635, 0, 22.6452
-33.2993, 33.2635, 0, 18.8668
-33.6881, 33.2635, 0, 16.1759
-34.1073, 33.2635, 0, 14.9261
-34.5647, 33.2635, 0, 15.2816
-35.0835, 33.2635, 0, 17.3417
-35.6638, 33.2635, 0, 20.9249
-36.3497, 33.2635, 0, 25.4569
-37.0981, 33.2635, 0, 29.9238
-37.8819, 33.2635, 0, 33.297
-38.6007, 33.2635, 0, 34.5278
-39.1811, 33.2635, 0, 32.0168
-39.4616, 33.2635, 0, 30.7943
-39.5076, 33.2635, 0, 27.4472
-39.3088, 33.2635, 0, 22.9366
-38.8572, 33.2635, 0, 18.407
-38.2574, 33.2635, 0, 14.8494
-37.5258, 33.2635, 0, 12.784
-36.7543, 33.2635, 0, 12.4118
-35.9862, 33.2635, 0, 13.6733
-35.2496, 33.2635, 0, 16.3746
-34.5734, 33.2635, 0, 20.0872
-33.9699, 33.2635, 0, 24.272
-33.4503, 33.2635, 0, 27.9661
-32.9987, 33.2635, 0, 30.2964
-32.6268, 33.2635, 0, 30.6655
-32.3111, 33.2635, 0, 29.1917
-32.078, 33.2635, 0, 26.7102
-31.9001, 33.2635, 0, 24.4221
-31.7885, 33.2635, 0, 23.5068
-31.7439, 33.2635, 0, 24.4218
-31.7598, 33.2635, 0, 26.6913
-31.8387, 33.2635, 0, 29.1903
-31.9866, 33.2635, 0, 30.6729
-32.2166, 33.2635, 0, 30.2987
-32.5, 33.2635, 0, 27.9489
-32.8602, 33.2635, 0, 24.2659
-33.2923, 33.2635, 0, 20.0989
-33.7835, 33.2635, 0, 16.3552
-34.3336, 33.2635, 0, 13.6795
-34.9198, 33.2635, 0, 12.4151
-35.5368, 33.2635, 0, 12.7808
-36.1716, 33.2635, 0, 14.8625
-36.8228, 33.2635, 0, 18.4052
-37.482, 33.2635, 0, 22.931
-38.121, 33.2635, 0, 27.4601
-38.7144, 33.2635, 0, 30.7901
-39.1759, 33.2635, 0, 32.0344
-39.4799, 33.2635, 0, 29.7467
-39.5553, 33.2635, 0, 28.536
-39.4415, 33.2635, 0, 25.1854
-39.0886, 33.2635, 0, 20.6704
-38.5653, 33.2635, 0, 16.1419
-37.9036, 33.2635, 0, 12.5734
-37.1447, 33.2635, 0, 10.4984
-36.3806, 33.2635, 0, 10.139
-35.6043, 33.2635, 0, 11.4124
-34.8968, 33.2635, 0, 14.1003
-34.232, 33.2635, 0, 17.8378
-33.648, 33.2635, 0, 21.9981
-33.1487, 33.2635, 0, 25.6896
-32.7323, 33.2635, 0, 28.0266
-32.3731, 33.2635, 0, 28.3921
-32.1069, 33.2635, 0, 26.9245
-31.898, 33.2635, 0, 24.4367
-31.7633, 33.2635, 0, 22.1672
-31.6844, 33.2635, 0, 21.24
-31.6829, 33.2635, 0, 22.1476
-31.741, 33.2635, 0, 24.4185
-31.8774, 33.2635, 0, 26.9251
-32.0617, 33.2635, 0, 28.4008
-32.3272, 33.2635, 0, 28.0194
-32.6756, 33.2635, 0, 25.6749
-33.106, 33.2635, 0, 21.975
-33.6125, 33.2635, 0, 17.8228
-34.1786, 33.2635, 0, 14.1015
-34.8079, 33.2635, 0, 11.4178
-35.5078, 33.2635, 0, 10.1321
-36.2156, 33.2635, 0, 10.4958
-36.9297, 33.2635, 0, 12.5627
-37.6125, 33.2635, 0, 16.1601
-38.2283, 33.2635, 0, 20.6453
-38.7827, 33.2635, 0, 25.1692
-39.2024, 33.2635, 0, 28.5071
-39.4759, 33.2635, 0, 29.7598
-39.5712, 33.2635, 0, 28.8451
-39.4757, 33.2635, 0, 27.6094
-39.2006, 33.2635, 0, 24.275
-38.7467, 33.2635, 0, 19.7568
-38.1545, 33.2635, 0, 15.2493
-37.4867, 33.2635, 0, 11.6731
-36.7293, 33.2635, 0, 9.59258
-35.9668, 33.2635, 0, 9.23112
-35.2304, 33.2635, 0, 10.5034
-34.5336, 33.2635, 0, 13.2019
-33.9049, 33.2635, 0, 16.9167
-33.3691, 33.2635, 0, 21.0902
-32.9009, 33.2635, 0, 24.788
-32.509, 33.2635, 0, 27.1192
-32.1955, 33.2635, 0, 27.4924
-31.954, 33.2635, 0, 26.0192
-31.797, 33.2635, 0, 23.5161
-31.6947, 33.2635, 0, 21.2424
-31.6601, 33.2635, 0, 20.3354
-31.6975, 33.2635, 0, 21.2455
-31.794, 33.2635, 0, 23.5158
-31.9582, 33.2635, 0, 26.0224
-32.1963, 33.2635, 0, 27.4929
-32.5072, 33.2635, 0, 27.1161
-32.8997, 33.2635, 0, 24.7778
-33.3686, 33.2635, 0, 21.1099
-33.9152, 33.2635, 0, 16.9373
-34.5359, 33.2635, 0, 13.1994
-35.2278, 33.2635, 0, 10.5079
-35.9646, 33.2635, 0, 9.23155
-36.7311, 33.2635, 0, 9.59915
-37.4816, 33.2635, 0, 11.6824
-38.1564, 33.2635, 0, 15.2255
-38.7482, 33.2635, 0, 19.7582
-39.1839, 33.2635, 0, 24.2493
-39.4597, 33.2635, 0, 27.5998
-39.5735, 33.2635, 0, 28.8451
