atoms
1 0.00 0.375 0.81482
2 0.25 0.395 0.38247
3 -0.50 0.280 0.45730
4 0.25 0.395 0.38247
5 0.00 0.395 0.38247
6 0.00 0.375 0.81482
bonds
1 2 0.154 0.0
2 3 0.141 0.0
3 4 0.141 0.0
4 5 0.154 0.0
5 6 0.154 0.0
angles
1 2 3 112.0 418.21
2 3 4 112.0 502.19
3 4 5 112.0 418.21
4 5 6 114.0 519.65
dihedrals
1 2 3 4 6 -10.0 -10.0 -10.0 -10.0 -10.0 -10.0
2 3 4 5 7 -10.0 -10.0 -10.0 -10.0 -10.0 -10.0
3 4 5 6 2 -10.0 -10.0 -10.0 -10.0 -10.0 -10.0
impropers
lj_pair_fit
1 5 51 0.385000 0.558251
2 6 52 0.385000 0.558251
