atoms
1 0.25 0.375 0.81482
2 -0.50 0.280 0.45730
3 0.50 0.395 0.38247
4 -0.50 0.280 0.45730
5 0.50 0.395 0.38247
6 -0.50 0.280 0.45730
7 0.50 0.395 0.38247
8 -0.50 0.280 0.45730
9 0.25 0.375 0.81482
bonds
1 2 0.141 0.0
2 3 0.141 0.0
3 4 0.141 0.0
4 5 0.141 0.0
5 6 0.141 0.0
6 7 0.141 0.0
7 8 0.141 0.0
8 9 0.141 0.0
angles
1 2 3 112.0 502.19
2 3 4 113.0 502.08
3 4 5 112.0 502.19
4 5 6 113.0 502.08
5 6 7 112.0 502.19
6 7 8 113.0 502.08
7 8 9 112.0 502.19
dihedrals
1 2 3 4 13 0.0 0.0 0.0 0.0 0.0 0.0
2 3 4 5 15 0.0 0.0 0.0 0.0 0.0 0.0
3 4 5 6 15 0.0 0.0 0.0 0.0 0.0 0.0
4 5 6 7 15 0.0 0.0 0.0 0.0 0.0 0.0
5 6 7 8 15 0.0 0.0 0.0 0.0 0.0 0.0
6 7 8 9 13 0.0 0.0 0.0 0.0 0.0 0.0
impropers
lj_pair_fit
