atoms
1 -0.5511 0.305 0.65684
2  0.8457 0.382 0.33258  
3 -0.4099 0.220 1.57975
4 -0.4099 0.220 1.57975
5  0.2626 0.388 0.46810
6  0.2626 0.388 0.46810
bonds
1 2 0.1200 0.0
2 3 0.1360 0.0
2 4 0.1360 0.0
3 5 0.1430 0.0
4 6 0.1430 0.0
5 6 0.1520 0.0
angles
1 2 3 125.0 298.860
1 2 4 125.0 298.860
2 3 5 108.1 448.730
2 4 6 108.1 448.730
3 2 4 110.2 584.670
3 5 6 102.1 498.270
4 6 5 102.1 498.270
dihedrals
1 2 3 5 0 19.113     2.717   -22.834     1.004     0.000    0.000 
1 2 4 6 0 19.113     2.717   -22.834     1.004     0.000    0.000 
2 3 5 6 2 0.0000     13.810   0.831     -12.201   -3.165    2.680
2 4 6 5 2 0.0000     13.810   0.831     -12.201   -3.165    2.680
3 2 4 6 0 10.950     2.949   -24.183    -2.687     4.041    0.377
3 5 6 4 1 0.0000     17.154   10.376    -33.03     1.102    0.898
4 2 3 5 0 10.950     2.949   -24.183    -2.687     4.041    0.377
impropers
1 2 3 4 180.0 188.28
1 2 4 3 180.0 188.28
lj_pair_fit