atoms
1 -0.6214 0.305 0.65684
2  0.9612 0.382 0.33258  
3 -0.4616 0.280 0.45730
4  0.2713 0.395 0.38247
5  0.0204 0.375 0.81482
6 -0.4616 0.280 0.45730
7  0.2713 0.395 0.38247
8  0.0204 0.375 0.81482
bonds
1 2 0.1200 0.0
2 3 0.1344 0.0
2 6 0.1344 0.0
3 4 0.1410 0.0
4 5 0.1540 0.0
6 7 0.1410 0.0
7 8 0.1540 0.0
angles
1 2 3 123.0 335.07
1 2 6 123.0 335.07
2 3 4 115.0 519.65
2 6 7 115.0 519.65
3 2 6 110.2 584.67
3 4 5 112.0 418.21
6 7 8 112.0 418.21
dihedrals
1 2 3 4 0 0.000 2.717 -22.834 1.004 0.000 0.000
1 2 6 7 0 0.000 2.717 -22.834 1.004 0.000 0.000
2 3 4 5 2 0.000 0.000 0.000 0.000 0.000 0.000
2 6 7 8 2 0.000 0.000 0.000 0.000 0.000 0.000
3 2 6 7 1 0.000 0.000 0.000 0.000 0.000 0.000
4 3 2 6 1 0.000 0.000 0.000 0.000 0.000 0.000
impropers
1 2 3 6 180.0 188.28
1 2 6 3 180.0 188.28
lj_pair_fit