atoms
1  0.25 0.375 0.81482
2 -0.50 0.280 0.45730
3  0.25 0.395 0.38247
4  0.25 0.395 0.38247
5 -0.50 0.280 0.45730
6  0.25 0.395 0.38247
7  0.00 0.375 0.81482
bonds
1 2 0.141 0.0
2 3 0.141 0.0
3 4 0.154 0.0
4 5 0.141 0.0
5 6 0.141 0.0
6 7 0.154 0.0
angles
1 2 3 112.0 502.19
2 3 4 112.0 418.21
3 4 5 112.0 418.21 
4 5 6 112.0 502.19
5 6 7 112.0 418.21 
dihedrals
1 2 3 4 0 0.0 9.296 8.845 -27.241 -2.464 6.802
2 3 4 5 0 0.0 19.167 7.616 -34.529 2.641 2.117
3 4 5 6 0 0.0 7.756 12.607 -20.336 -6.162 2.101
4 5 6 7 0 0.0 12.439 8.59 -22.96 -4.032 3.128
impropers
lj_pair_fit
1 5 81 0.321 0.610424
2 6 82 0.335 0.418215
3 7 83 0.352 0.382470
