size
6 6 7 7 1 0
atoms
1 -0.5505 0.305 0.65684
2 0.8447 0.382 0.33258  
3 -0.4096 0.220 1.5797
4 0.2625 0.388 0.46810
5 -0.4096 0.220 1.5797
6 0.2625 0.388 0.46810 
bonds
1 2 0.1200 0.0
2 3 0.1344 0.0
2 5 0.1344 0.0
3 4 0.1446 0.0
4 6 0.1520 0.0
5 6 0.1446 0.0
angles
1 2 3 125.000 298.860 
1 2 5 125.000 298.860 
2 3 4 108.100 448.730 
2 5 6 108.100 448.730 
3 2 5 110.200 584.670 
3 4 6 102.100 498.270 
4 6 5 102.100 498.270 
dihedrals
1 2 3 4 0 19.113 2.717 -22.834 1.004 0.000 0.000 
1 2 5 6 0 19.113 2.717 -22.834 1.004 0.000 0.000 
2 3 4 6 2 0.387 11.014 0.457 -11.774 -2.767 2.683 
2 5 6 4 2 0.387 11.014 0.457 -11.774 -2.767 2.683 
3 4 6 5 1 300.000 18.166 8.846 -33.463 2.072 1.162 
3 2 5 6 0 10.821 3.000 -16.686 -2.807 5.921 -0.248 
4 3 2 5 0 10.821 3.000 -16.686 -2.807 5.921 -0.248 
impropers
1 2 3 5 180.0 188.28
lj_pair_fit