atoms
1  0.25 0.375 0.81482
2 -0.50 0.280 0.45730
3  0.25 0.395 0.38247
4  0.25 0.395 0.38247
5 -0.50 0.280 0.45730
6  0.25 0.395 0.38247
7  0.00 0.375 0.81482
bonds
1 2 0.141 0.0
2 3 0.141 0.0
3 4 0.154 0.0
4 5 0.141 0.0
5 6 0.141 0.0
6 7 0.154 0.0
angles
1 2 3 112.0 502.19
2 3 4 112.0 418.21
3 4 5 112.0 418.21 
4 5 6 112.0 502.19
5 6 7 112.0 418.21 
dihedrals
1 2 3 4 10 0.0 0.0 0.0 0.0 0.0 0.0
2 3 4 5 16 0.0 0.0 0.0 0.0 0.0 0.0
3 4 5 6 11 0.0 0.0 0.0 0.0 0.0 0.0
4 5 6 7 6  0.0 0.0 0.0 0.0 0.0 0.0
impropers
lj_pair_fit
1 5 81 0.32 0.610424
2 6 82 0.32 0.418215
3 7 83 0.35 0.558251
