atoms
1 0.25 0.375 0.81482
2 -0.50 0.280 0.45730
3 0.25 0.395 0.38247
4 0.25 0.395 0.38247
5 -0.50 0.280 0.45730
6 0.25 0.375 0.81482
bonds
1 2 0.141 0.0
2 3 0.141 0.0
3 4 0.154 0.0
4 5 0.141 0.0
5 6 0.141 0.0
angles
1 2 3 112.0 502.19
2 3 4 112.0 418.21
3 4 5 112.0 418.21 
4 5 6 112.0 502.19
dihedrals
1 2 3 4 10 0.0 2.39322 13.1109 -3.28683 -6.36734 -12.5845
2 3 4 5 16 0.0 17.3125 9.0283 -30.3899 1.8797 -1.1748
3 4 5 6 10 0.0 2.39322 13.1109 -3.28683 -6.36734 -12.5845
impropers
lj_pair_fit
1 5 1 0.32 0.6104
2 6 1 0.32 0.6104
