atoms
1  0.25 0.375 0.81482
2 -0.50 0.280 0.45730
3  0.50 0.395 0.38247
4 -0.50 0.280 0.45730
5  0.25 0.395 0.38247
6  0.00 0.395 0.38247
7  0.00 0.375 0.81482
bonds
1 2 0.141 0.0
2 3 0.141 0.0
3 4 0.141 0.0
4 5 0.141 0.0
5 6 0.154 0.0
6 7 0.154 0.0
angles 
1 2 3 112.0 502.19
2 3 4 113.0 502.08
3 4 5 112.0 502.19
4 5 6 112.0 418.21
5 6 7 114.0 519.65
dihedrals
1 2 3 4 13 0.0 0.0 0.0 0.0 0.0 0.0
2 3 4 5 14 0.0 0.0 0.0 0.0 0.0 0.0
3 4 5 6 9  0.0 0.0 0.0 0.0 0.0 0.0
4 5 6 7 2  0.0 0.0 0.0 0.0 0.0 0.0
impropers
lj_pair_fit
1 5 71 0.3850 0.558251
2 6 72 0.3375 0.418215
3 7 73 0.3850 0.558251
