size
8 7 7 6 1 0
atoms
1 -0.6212 0.305 0.65684
2 0.9608 0.382 0.33258  
3 -0.4615 0.280 0.45730
4 0.2712 0.395 0.38247
5 0.0205 0.375 0.81482
6 -0.4615 0.280 0.45730
7 0.2712 0.395 0.38247
8 0.0205 0.375 0.81482
bonds
1 2 0.1200 0.0
2 3 0.1344 0.0
2 6 0.1344 0.0
3 4 0.1410 0.0
4 5 0.1540 0.0
6 7 0.1410 0.0
7 8 0.1540 0.0
angles
1 2 3 125.0 519.65
1 2 6 125.0 519.65
2 3 4 115.0 519.65
2 6 7 115.0 519.65
3 2 6 110.2 584.67
3 4 5 111.0 293.50
6 7 8 111.0 293.50
dihedrals
1 2 3 4 0 26.555 2.717 -22.834 1.004 0.000 0.000
1 2 6 7 0 26.555 2.717 -22.834 1.004 0.000 0.000
2 3 4 5 2 60.000 7.893 2.723 -18.565 0.000 0.000 
2 6 7 8 2 60.000 7.893 2.723 -18.565 0.000 0.000 
3 2 6 7 1 26.555 2.717 -22.834 1.004 0.000 0.000
4 3 2 6 1 26.555 2.717 -22.834 1.004 0.000 0.000
impropers
1 2 3 6 180.0 188.28
lj_pair_fit