size
7 7 9 9 2 0
atoms
1 -0.5515 0.305 0.6568
2 0.8381 0.382 0.3326  
3 -0.4086 0.220 1.5797
4 0.2524 0.433 0.0831
5 0.0318 0.375 0.8148
6 -0.4112 0.220 1.5797
7 0.2490 0.388 0.4681
bonds
1 2 0.1200 0.0
2 3 0.1344 0.0
2 6 0.1344 0.0
3 4 0.1446 0.0
4 5 0.1511 0.0
4 7 0.1531 0.0
6 7 0.1430 0.0
angles
1 2 3 125.000 298.860 
1 2 6 125.000 298.860 
2 3 4 108.100 448.730 
2 6 7 108.100 448.730 
3 2 6 110.200 584.670 
3 4 5 111.000 293.500
3 4 7 102.100 498.270 
4 7 6 102.100 498.270 
5 4 7 112.000 519.650
dihedrals
1 2 3 4 0 19.113 2.717 -22.834 1.004 0.000 0.000 
1 2 6 7 0 19.113 2.717 -22.834 1.004 0.000 0.000 
2 3 4 5 1 300.000 0.000 0.000 0.000 0.000 0.000
2 3 4 7 0 0.000 110.333   -61.745   -10.543    37.301     9.465 
2 6 7 4 0 0.000 110.333   -61.745   -10.543    37.301     9.465 
3 4 7 6 0 0.000 97.000     12.380   -90.040    66.516    59.275
3 2 6 7 0 10.821 3.000 -16.686 -2.807 5.921 -0.248 
4 3 2 6 0 10.821 3.000 -16.686 -2.807 5.921 -0.248 
5 4 7 6 2 0.000 0.000 0.000 0.000 0.000 0.000
impropers
1 2 3 6 0 180.0 188.28
4 3 5 7 1 35.2644 334.846
lj_pair_fit