68.168
67.036
63.981
59.684
54.688
49.432
44.088
38.764
34.363
32.912
34.05
35.771
36.645
36.339
34.892
32.682
30.273
28.42
27.702
28.42
30.273
32.682
34.891
36.338
36.645
35.771
34.05
32.912
34.363
38.763
44.088
49.432
54.688
59.684
63.981
67.035
68.168
67.3
65.833
62.963
58.986
54.113
48.45
42.032
35.265
31.091
31.007
33.17
35.325
36.452
36.265
34.824
32.423
29.695
27.485
26.511
27.078
28.94
31.467
33.891
35.56
36.09
35.409
33.962
33.369
35.039
38.57
43.104
48.424
54.159
59.711
64.244
66.887
67.3
65.076
63.684
60.9
56.716
51.141
44.247
36.042
29.057
27.03
28.824
31.776
34.15
35.301
34.891
32.997
30.007
26.773
24.278
23.362
24.288
26.603
29.507
32.197
34.025
34.531
33.662
32.05
31.372
32.636
35.845
40.794
46.935
53.413
59.144
63.103
64.985
65.075
61.745
60.209
56.964
51.915
45.08
36.336
27.235
22.891
23.606
26.634
29.783
31.997
32.711
31.674
29.014
25.425
21.92
19.674
19.4
21.021
23.853
27.056
29.797
31.378
31.498
29.976
27.931
27.003
28.49
32.631
38.703
45.622
52.091
57.029
60.195
61.731
61.745
56.901
54.756
50.623
44.41
35.879
25.849
19.5
18.568
20.865
24.062
26.85
28.478
28.407
26.551
23.294
19.51
16.384
14.962
15.578
17.757
20.822
23.965
26.344
27.368
26.71
24.545
22.257
21.889
24.735
30.259
37.021
43.593
49.086
53.217
55.939
57.2
56.901
50.21
47.353
42.362
34.694
24.92
17.583
14.999
15.81
18.076
20.667
22.732
23.575
22.766
20.43
17.096
13.778
11.518
11.004
12.147
14.458
17.333
20.028
21.805
22.1
20.846
18.47
16.828
18.011
22.34
28.39
34.421
39.893
44.484
48.002
50.288
51.112
50.21
42.423
39.178
33.124
24.688
17.514
13.818
12.984
13.597
15.018
16.654
17.927
18.138
17.061
14.859
12.117
9.6531
8.2041
8.0576
9.1146
11.075
13.471
15.555
16.697
16.641
15.378
13.644
13.462
15.965
20.563
25.555
30.265
34.671
38.492
41.432
43.234
43.66
42.422
35.275
31.427
25.27
19.407
15.37
13.213
12.161
11.888
12.128
12.74
13.49
13.642
12.924
11.424
9.5345
7.7512
6.5284
6.1436
6.7011
8.0615
9.8455
11.426
12.402
12.556
11.931
11.395
12.273
14.8
18.169
21.568
24.964
28.374
31.489
34.004
35.732
36.35
35.275
29.806
26.373
22.462
19.141
16.401
14.058
12.223
10.775
9.9765
10.052
10.775
11.384
11.378
10.655
9.3307
7.7077
6.2639
5.408
5.3249
6.0573
7.3975
8.9098
10.173
10.984
11.206
11.421
12.208
13.605
15.306
17.132
19.287
21.834
24.575
27.386
29.869
31.04
29.806
27.344
25.677
23.652
21.181
18.445
15.639
12.902
10.507
9.0717
9.1911
10.373
11.567
12.127
11.763
10.576
8.9022
7.1664
5.8468
5.2528
5.6059
6.8263
8.5666
10.353
11.743
12.403
12.555
12.544
12.595
12.743
13.201
14.339
16.525
19.837
23.721
26.939
28.196
27.344
28.098
27.483
25.943
23.602
20.615
17.294
13.785
10.835
9.3906
9.901
11.525
13.052
13.793
13.522
12.371
10.614
8.6891
7.0755
6.2275
6.4759
7.8117
9.8399
11.923
13.45
14.102
13.875
13.138
12.081
11.048
10.514
11.349
14.154
18.562
23.16
26.308
27.733
28.098
29.714
29.38
27.891
25.432
22.135
18.239
14.194
11.068
10.039
11.047
12.947
14.545
15.363
15.12
13.959
12.135
10.054
8.3268
7.4167
7.7394
9.1699
11.282
13.382
14.872
15.433
15.011
13.733
11.997
10.304
9.5913
10.983
14.773
19.66
23.924
26.985
28.917
29.714
30.739
30.461
28.89
26.249
22.468
17.933
13.555
10.693
10.273
11.731
13.733
15.428
16.266
16.083
14.885
12.934
10.694
8.815
7.9655
8.3549
9.8757
11.959
13.987
15.451
16.018
15.53
14.084
12.039
10.227
9.9919
12.291
16.375
20.905
24.777
27.771
29.836
30.738
30.749
30.475
28.801
25.706
21.309
16.277
11.947
9.6766
9.8633
11.572
13.689
15.419
16.319
16.121
14.812
12.667
10.249
8.3094
7.4845
7.9597
9.5039
11.585
13.629
15.131
15.717
15.239
13.707
11.619
10.086
10.508
13.239
17.205
21.203
24.776
27.709
29.771
30.749
29.829
29.456
27.507
23.861
18.896
13.669
9.7604
8.2053
8.825
10.657
12.813
14.605
15.484
15.178
13.663
11.296
8.7328
6.7851
6.0372
6.6217
8.212
10.324
12.418
13.999
14.646
14.117
12.537
10.5
9.4043
10.362
13.113
16.654
20.267
23.657
26.65
28.802
29.828
28.179
27.684
25.331
21.152
15.906
10.915
7.6487
6.6384
7.4197
9.2656
11.416
13.198
13.985
13.5
11.767
9.2124
6.5793
4.6937
4.0454
4.681
6.3613
8.5659
10.752
12.4
13.054
12.489
10.856
9.0103
8.2916
9.4084
11.952
15.064
18.431
21.816
24.87
27.114
28.179
26.33
25.632
22.871
18.429
13.333
8.9431
6.261
5.3951
6.0765
7.7965
9.8486
11.53
12.19
11.505
9.6214
7.014
4.4296
2.6178
2.0321
2.7204
4.4427
6.7299
9.0483
10.749
11.381
10.769
9.1572
7.4814
6.9347
7.9272
10.076
12.855
16.128
19.601
22.797
25.219
26.33
24.854
23.937
20.955
16.615
12.035
8.2859
5.8732
4.8717
5.2229
6.6481
8.5548
10.073
10.613
9.8554
7.9458
5.4062
2.9051
1.1351
0.5555
1.2453
3.0086
5.3543
7.7237
9.5082
10.174
9.5897
8.0484
6.4216
5.7428
6.3639
8.0577
10.634
13.914
17.578
21.047
23.715
24.854
24.299
23.211
20.249
16.348
12.36
8.9388
6.5174
5.2349
5.1112
6.1305
7.8533
9.339
9.8383
9.1186
7.2864
4.8208
2.4142
0.6522
0.00060387
0.6522
2.4136
4.8207
7.2863
9.1185
9.8381
9.339
7.8533
6.1305
5.1112
5.2354
6.5174
8.9387
12.36
16.366
20.249
23.211
24.299
