66.583
66.045
64.071
59.905
53.33
44.994
36.564
30.573
28.898
31.31
35.403
39.285
41.867
42.798
42.128
40.41
38.372
36.785
36.199
36.785
38.37
40.41
42.128
42.797
41.867
39.284
35.402
31.309
28.897
30.571
36.563
44.993
53.329
59.904
64.071
66.042
66.582
64.519
63.719
61.024
55.801
48.172
39.275
31.336
26.895
27.103
30.369
34.544
38.212
40.576
41.313
40.523
38.701
36.619
35.031
34.459
35.052
36.618
38.61
40.255
40.82
39.823
37.115
33.26
29.588
28.554
31.794
38.562
46.663
54.021
59.461
62.692
64.157
64.52
58.729
57.484
53.924
47.675
39.348
30.643
24.156
21.875
23.508
27.048
30.961
34.269
36.299
36.765
35.798
33.879
31.76
30.17
29.62
30.222
31.765
33.706
35.261
35.78
34.738
32.043
28.429
25.589
25.933
30.11
36.874
44.189
50.438
54.821
57.319
58.499
58.73
50.155
48.328
43.917
36.959
28.659
21.222
17.02
16.65
18.784
22.089
25.544
28.419
30.058
30.241
29.056
27.034
24.894
23.315
22.769
23.353
24.844
26.704
28.174
28.639
27.577
25.023
21.833
19.96
21.266
25.758
32.015
38.341
43.506
46.996
49.006
50.097
50.155
40.226
37.827
32.83
25.842
18.708
13.641
11.665
12.08
13.916
16.616
19.568
21.971
23.253
23.133
21.772
19.681
17.525
15.939
15.367
15.887
17.282
19.017
20.374
20.771
19.765
17.414
14.718
13.626
15.4
19.668
25.135
30.433
34.62
37.439
39.25
40.385
40.226
30.629
27.936
23.012
17.159
12.289
9.5406
8.5529
8.7047
9.8343
11.852
14.253
16.291
17.274
16.956
15.471
13.34
11.139
9.5035
8.839
9.213
10.465
12.061
13.324
13.67
12.773
10.702
8.4439
7.7355
9.4535
13.128
17.679
21.97
25.351
27.787
29.695
30.963
30.629
23.361
20.95
17.107
13.236
10.444
8.6979
7.5575
7.0211
7.3301
8.6586
10.642
12.427
13.262
12.829
11.28
9.0419
6.7516
5.0075
4.1979
4.4093
5.5004
6.9726
8.1876
8.5901
7.8448
6.0724
4.0954
3.3463
4.5547
7.3849
10.938
14.345
17.18
19.628
21.979
23.59
23.361
20.237
18.742
16.368
14.075
12.134
10.327
8.5455
7.1572
6.7092
7.5243
9.2754
10.982
11.792
11.303
9.648
7.2775
4.831
2.9459
1.9729
2.0659
3.0205
4.4471
5.7151
6.2793
5.7561
4.2292
2.3433
1.2298
1.6439
3.4596
6.0279
8.7482
11.49
14.577
17.759
19.936
20.238
21.697
21.08
19.715
18.035
16.095
13.746
11.115
8.8469
7.8009
8.3656
10.096
11.88
12.679
12.139
10.355
7.8301
5.2437
3.1888
2.079
2.1003
3.0568
4.5286
5.9669
6.7521
6.4902
5.1678
3.2638
1.6404
1.1485
1.9364
3.6452
6.1232
9.5229
13.83
18.008
20.796
21.696
26.272
26.118
25.122
23.499
21.145
17.959
14.368
11.321
9.9131
10.499
12.432
14.299
15.103
14.499
12.624
9.9635
7.2331
5.0604
3.9025
3.9151
4.9713
6.6262
8.2474
9.2994
9.2871
8.1242
6.1716
4.1446
2.8348
2.715
4.0111
7.0022
11.664
17.123
21.942
25.033
26.272
31.809
31.868
30.961
29.108
26.046
21.85
17.257
13.635
12.196
13.076
15.192
17.14
17.951
17.309
15.349
12.606
9.7867
7.5682
6.4189
6.5245
7.7533
9.658
11.534
12.829
13.006
11.95
9.9228
7.6179
5.742
5.1849
6.7137
10.705
16.535
22.648
27.533
30.53
31.809
36.665
36.774
35.754
33.385
29.409
24.151
18.79
15.005
13.835
15.051
17.342
19.272
20.04
19.358
17.357
14.591
11.783
9.6369
8.6012
8.8881
10.322
12.472
14.648
16.12
16.436
15.414
13.331
10.768
8.6494
8.2364
10.573
15.6
22.007
28.07
32.623
35.382
36.665
39.632
39.68
38.363
35.287
30.294
24.141
18.416
14.89
14.235
15.811
18.094
19.924
20.619
19.894
17.902
15.158
12.451
10.483
9.6442
10.139
11.817
14.161
16.549
18.205
18.574
17.554
15.383
12.684
10.704
10.925
14.148
19.802
26.229
31.834
35.876
38.387
39.631
40.181
40.087
38.302
34.367
28.498
21.88
16.377
13.47
13.381
15.079
17.193
18.874
19.434
18.66
16.692
14.112
11.583
9.7716
9.1532
9.9028
11.767
14.278
16.736
18.46
18.883
17.82
15.598
12.986
11.463
12.502
16.415
22.169
28.113
33.077
36.637
38.984
40.181
38.451
38.147
35.785
31.106
24.751
18.275
13.456
11.292
11.549
13.103
14.973
16.4
16.837
16.012
14.16
11.754
9.4453
7.8649
7.4309
8.2965
10.279
12.829
15.292
16.98
17.386
16.335
14.152
11.824
10.967
12.668
16.851
22.303
27.58
31.878
35.07
37.3
38.451
35.231
34.655
31.725
26.593
20.306
14.518
10.652
9.0363
9.2174
10.432
12.016
13.23
13.57
12.756
11.02
8.7992
6.6841
5.2795
4.9645
5.8777
7.8167
10.318
12.698
14.29
14.653
13.645
11.641
9.794
9.5405
11.638
15.692
20.518
25.053
28.815
31.823
34.071
35.231
31.607
30.719
27.426
22.29
16.647
11.932
8.826
7.2927
7.0523
7.8293
9.1134
10.19
10.476
9.7567
8.1513
6.0838
4.1073
2.7815
2.4771
3.3382
5.1731
7.5038
9.7606
11.266
11.597
10.671
8.9527
7.5744
7.7304
9.8594
13.473
17.595
21.498
24.957
28.005
30.421
31.607
28.776
27.681
24.323
19.638
14.954
11.141
8.3136
6.449
5.6376
5.9513
7.0192
8.0725
8.4603
7.8316
6.3374
4.358
2.4144
1.0619
0.67336
1.395
3.0478
5.2025
7.321
8.7467
9.1244
8.3876
6.9453
5.8643
6.1173
7.9663
11.02
14.511
18.019
21.457
24.794
27.554
28.776
27.703
26.511
23.362
19.4
15.578
12.146
9.1147
6.701
5.3252
5.2528
6.228
7.4167
7.9648
7.4846
6.0372
4.0447
2.0315
0.55477
0.00042008
0.55479
2.0317
4.0445
6.0372
7.4846
7.9647
7.4165
6.2273
5.2526
5.3248
6.7008
9.1143
12.146
15.578
19.4
23.362
26.51
27.703
