66.142
63.941
57.747
48.669
38.362
28.924
22.416
19.477
20.645
25.266
31.148
36.274
39.388
39.97
38.126
34.762
31.083
28.43
27.488
28.43
31.083
34.762
38.126
39.97
39.388
36.274
31.148
25.266
20.646
19.478
22.416
28.925
38.362
48.669
57.747
63.941
66.142
64.953
62.009
55.184
45.692
35.393
26.443
20.206
17.988
20.45
25.722
31.564
36.473
39.219
39.402
37.238
33.729
30.081
27.391
26.321
27.344
30.263
33.961
37.153
38.616
37.739
34.34
29.147
23.563
19.784
19.286
22.602
29.856
39.555
49.572
58.074
63.537
64.953
61.502
57.907
50.586
40.931
30.855
22.057
16.427
15.858
19.33
24.776
30.436
34.926
37.216
36.973
34.529
30.82
26.973
24.13
23.267
24.74
27.902
31.523
34.429
35.567
34.37
30.822
25.717
20.611
17.302
17.245
21.429
29.261
38.821
48.323
56.127
60.833
61.502
56.112
51.999
44.433
34.827
24.684
16.392
12.652
13.57
17.417
22.606
27.855
31.85
33.653
32.927
30.079
25.999
22.009
19.466
19.227
21.142
24.309
27.734
30.307
31.17
29.756
26.171
21.176
16.313
13.369
14.216
19.236
27.11
36.227
45.055
52.113
56.099
56.112
49.38
45.001
37.375
27.526
17.918
11.585
9.6718
11.22
14.89
19.658
24.332
27.68
28.886
27.546
24.197
19.99
16.408
14.603
14.923
16.989
19.988
23.122
25.378
25.977
24.398
20.721
15.751
11.156
9.1069
10.891
16.129
23.606
32.069
40.171
46.529
49.857
49.38
42.277
37.704
29.741
20.592
13.037
8.8086
7.6583
9.1194
12.254
16.396
20.364
23.019
23.39
21.481
18.069
14.36
11.604
10.454
10.989
12.915
15.636
18.434
20.407
20.709
18.847
15.033
10.298
6.5871
5.4554
7.5499
12.402
19.217
26.946
34.369
40.13
43.007
42.277
35.529
30.74
23.789
16.751
11.271
7.9088
6.6842
7.5335
10.039
13.421
16.577
18.39
18.271
16.386
13.469
10.572
8.48
7.5573
7.9771
9.6246
12.016
14.463
15.969
15.861
13.84
10.362
6.5318
3.6421
2.8288
4.5366
8.6802
14.736
21.806
28.689
34.045
36.63
35.529
30.323
26.834
21.952
16.712
11.982
8.4394
6.5919
6.6984
8.4631
11.066
13.581
15.058
15.063
13.742
11.492
9.0991
7.1199
6.0033
6.0976
7.345
9.312
11.3
12.52
12.395
10.918
8.2725
5.1454
2.4799
1.2981
2.2866
5.6576
11.045
17.585
24.048
29.005
31.24
30.324
29.121
27.429
23.896
19.14
14.155
9.9413
7.3525
6.7279
7.8468
10.08
12.465
14.134
14.598
13.775
11.878
9.4179
7.1464
5.6267
5.2717
6.0733
7.7336
9.6246
11.084
11.685
10.925
8.8721
5.8468
2.7638
0.83641
1.0383
3.6824
8.4991
14.603
20.77
25.736
28.614
29.121
31.839
30.971
27.612
22.599
17.057
12.169
8.9444
7.8003
8.6787
10.892
13.497
15.525
16.276
15.516
13.508
10.765
8.1167
6.1768
5.4699
6.098
7.7961
10.091
12.2
13.395
13.092
11.095
7.8239
4.19
1.5766
1.0231
3.0745
7.5127
13.533
20.037
25.869
30.017
31.84
36.112
35.247
31.634
26.149
20.063
14.689
11.039
9.6774
10.551
12.907
15.698
17.861
18.612
17.683
15.421
12.411
9.485
7.3428
6.5728
7.3141
9.3749
12.105
14.641
16.115
15.849
13.737
10.211
6.3307
3.3405
2.3939
4.1578
8.5896
14.974
22.217
28.955
33.894
36.112
40.063
38.96
34.94
28.999
22.492
16.74
12.868
11.464
12.35
14.788
17.655
19.806
20.429
19.313
16.829
13.629
10.597
8.4762
7.8319
8.8275
11.163
14.175
16.877
18.381
18.07
15.86
12.282
8.3709
5.3748
4.426
6.3252
11.031
17.864
25.583
32.716
37.867
40.063
42.633
41.279
36.927
30.629
23.734
17.72
13.722
12.245
13.131
15.573
18.441
20.547
21.052
19.846
17.23
13.943
10.866
8.8343
8.3971
9.5814
12.09
15.193
17.926
19.415
19.08
16.883
13.369
9.5698
6.7554
6.0618
8.2099
13.201
20.288
28.21
35.447
40.59
42.632
43.429
41.896
37.324
30.724
23.575
17.363
13.252
11.701
12.502
14.901
17.708
19.734
20.251
19.013
16.378
13.111
10.123
8.2132
7.8567
9.1565
11.696
14.771
17.453
18.918
18.642
16.53
13.181
9.5976
7.0309
6.5929
8.9736
14.147
21.304
29.232
36.439
41.499
43.43
42.625
40.977
36.221
29.443
22.139
15.831
11.605
9.9541
10.636
12.932
15.649
17.635
18.163
16.99
14.451
11.314
8.4559
6.6496
6.3494
7.6193
10.109
13.046
15.658
17.126
16.903
14.986
11.836
8.5342
6.2248
5.9912
8.5057
13.7
20.82
28.655
35.77
40.748
42.624
40.733
39.013
34.171
27.307
19.959
13.57
9.2588
7.4909
8.0453
10.18
12.806
14.771
15.356
14.314
11.958
9.0012
6.2892
4.5637
4.2576
5.4318
7.7392
10.564
13.066
14.527
14.428
12.722
9.8717
6.81
4.7324
4.6602
7.2058
12.319
19.284
27.011
34.02
38.932
40.732
38.538
36.787
31.921
25.042
17.673
11.256
6.856
4.952
5.3315
7.3455
9.8916
11.899
12.556
11.694
9.5566
6.7981
4.2202
2.5246
2.1412
3.1596
5.2917
7.9374
10.412
11.905
11.951
10.464
7.8756
5.0784
3.1475
3.1398
5.6351
10.613
17.436
25.006
31.918
36.782
38.538
36.834
35.082
30.229
23.369
15.994
9.5259
5.0231
2.9641
3.2069
5.0872
7.5923
9.6591
10.48
9.8053
7.8897
5.3051
2.8147
1.087
0.58136
1.4272
3.3723
5.9097
8.3253
9.9467
10.178
8.916
6.5719
3.9445
2.1325
2.1004
4.4576
9.2685
15.937
23.398
30.257
35.096
36.834
36.199
34.46
29.62
22.769
15.368
8.8383
4.1971
1.9735
2.0792
3.89
6.4191
8.6015
9.6446
9.1536
7.4307
4.9651
2.4771
0.67326
0
0.67331
2.4771
4.9648
7.4309
9.1538
9.6457
8.6014
6.4189
3.9033
2.0792
1.9733
4.197
8.8383
15.367
22.769
29.62
34.46
36.2
