85.558
85.4
84.283
81.152
75.733
68.506
61.014
55.571
54.128
56.677
60.935
64.927
67.584
68.511
67.85
66.188
64.241
62.803
62.287
62.803
64.241
66.188
67.85
68.51
67.584
64.927
60.935
56.676
54.128
55.571
61.013
68.505
75.732
81.151
84.283
85.396
85.558
83.62
83.481
81.808
77.74
71.287
63.428
56.233
52.184
52.569
55.945
60.199
63.905
66.258
66.955
66.106
64.356
62.428
61.011
60.519
61.11
62.556
64.432
66.023
66.572
65.516
62.649
58.584
54.752
53.528
56.417
62.465
69.561
75.815
80.197
82.446
83.294
83.62
78.189
77.883
75.473
70.433
63.198
55.367
49.429
47.456
49.178
52.771
56.692
59.925
61.882
62.305
61.272
59.424
57.479
56.072
55.602
56.197
57.677
59.495
61.018
61.51
60.294
57.376
53.506
50.472
50.563
54.282
60.254
66.55
71.734
75.117
76.789
77.607
78.19
70.261
69.614
66.412
60.59
53.198
46.414
42.6
42.485
44.664
47.935
51.267
53.984
55.52
55.585
54.415
52.484
50.511
49.106
48.649
49.227
50.675
52.406
53.83
54.206
52.936
50.115
46.609
44.54
45.553
49.489
54.921
60.267
64.421
66.977
68.36
69.438
70.26
61.269
60.149
56.297
50.255
43.752
39.111
37.486
38.071
39.951
42.54
45.217
47.421
48.529
48.364
47.022
45.013
43.021
41.604
41.119
41.625
42.904
44.558
45.834
46.102
44.842
42.2
39.219
37.882
39.297
42.986
47.641
52.006
55.242
57.241
58.739
60.318
61.268
52.822
51.296
47.31
42.051
37.581
35.211
34.548
34.903
35.955
37.712
39.808
41.564
42.441
42.067
40.606
38.536
36.487
35.004
34.415
34.785
35.892
37.367
38.501
38.688
37.528
35.13
32.634
31.627
32.964
36.062
39.829
43.258
45.791
47.683
49.741
51.901
52.823
46.707
45.221
41.891
38.309
35.903
34.549
33.731
33.264
33.421
34.434
36.059
37.581
38.312
37.832
36.295
34.142
31.984
30.368
29.6
29.785
30.709
31.971
33.063
33.266
32.281
30.179
27.921
26.918
27.778
30.031
32.885
35.53
37.744
40.105
43.08
45.78
46.707
44.547
43.518
41.354
39.325
37.784
36.38
34.817
33.414
32.721
33.158
34.507
36.007
36.707
36.191
34.572
32.283
29.965
28.169
27.215
27.212
28.007
29.195
30.278
30.627
29.873
28.047
25.86
24.491
24.597
25.965
27.974
30.097
32.598
36.073
40.187
43.425
44.548
46.517
46.049
44.781
43.425
41.87
39.831
37.321
34.981
33.639
33.785
35.136
36.725
37.479
36.931
35.209
32.769
30.277
28.297
27.184
27.072
27.824
29.059
30.227
30.797
30.295
28.735
26.565
24.708
23.943
24.387
25.737
27.956
31.591
36.624
41.664
45.175
46.517
51.274
51.119
50.298
49.005
46.979
44.036
40.512
37.303
35.492
35.658
37.238
38.995
39.799
39.22
37.391
34.825
32.189
30.078
28.886
28.743
29.554
30.951
32.346
33.147
32.913
31.498
29.338
27.121
25.629
25.357
26.546
29.684
34.879
41.057
46.464
49.931
51.274
56.818
56.891
56.162
54.617
51.86
47.848
43.267
39.395
37.536
37.964
39.845
41.69
42.563
41.961
40.055
37.393
34.675
32.477
31.299
31.258
32.218
33.827
35.496
36.568
36.533
35.278
33.069
30.616
28.714
28.175
29.928
34.354
40.757
47.359
52.504
55.583
56.818
61.58
61.748
60.966
58.89
55.125
49.995
44.552
40.451
38.844
39.695
41.811
43.779
44.575
43.932
41.993
39.308
36.597
34.502
33.401
33.524
34.72
36.578
38.496
39.792
39.928
38.787
36.549
33.951
31.934
31.799
34.535
40.057
46.89
53.162
57.732
60.41
61.58
64.452
64.589
63.539
60.741
55.946
49.822
43.924
40.022
38.98
40.283
42.509
44.328
45.056
44.362
42.433
39.804
37.193
35.254
34.388
34.764
36.153
38.242
40.375
41.829
42.074
40.945
38.75
36.132
34.401
35.056
38.778
44.781
51.384
57.033
60.971
63.282
64.452
64.845
64.988
63.492
59.774
54.008
47.332
41.586
38.356
37.976
39.512
41.571
43.197
43.797
43.082
41.177
38.676
36.248
34.489
33.874
34.475
36.126
38.34
40.587
42.128
42.428
41.308
39.113
36.74
35.627
37.156
41.482
47.466
53.44
58.209
61.518
63.645
64.845
63.078
63.062
60.963
56.425
50.056
43.422
38.4
36.054
36.071
37.517
39.32
40.716
41.168
40.37
38.538
36.197
33.994
32.502
32.072
32.844
34.603
36.937
39.172
40.708
41.018
39.954
37.868
35.869
35.53
37.711
42.209
47.684
52.792
56.782
59.699
61.802
63.078
59.87
59.592
56.857
51.752
45.356
39.471
35.478
33.768
33.846
34.92
36.385
37.532
37.827
37.019
35.287
33.125
31.124
29.811
29.548
30.364
32.15
34.423
36.637
38.143
38.418
37.425
35.601
34.163
34.413
36.932
41.128
45.828
50.068
53.489
56.248
58.488
59.87
56.362
55.682
52.466
47.261
41.489
36.699
33.616
32.087
31.773
32.417
33.53
34.483
34.717
33.94
32.331
30.321
28.456
27.226
26.986
27.796
29.458
31.627
33.703
35.142
35.455
34.64
33.143
32.173
32.769
35.188
38.8
42.706
46.29
49.432
52.333
54.885
56.363
53.626
52.603
49.19
44.366
39.612
35.866
33.185
31.379
30.514
30.65
31.463
32.329
32.581
31.932
30.448
28.525
26.7
25.452
25.121
25.802
27.33
29.342
31.294
32.681
33.095
32.444
31.298
30.612
31.233
33.259
36.208
39.43
42.625
45.854
49.25
52.222
53.626
52.594
51.336
48.032
43.922
40.138
36.931
34.144
31.818
30.343
30.001
30.635
31.608
32.021
31.479
30.09
28.188
26.301
24.936
24.436
24.936
26.301
28.188
30.09
31.479
32.021
31.607
30.635
30.001
30.344
31.817
34.144
36.931
40.138
43.922
48.032
51.336
52.594
