87.887
86.213
81.383
73.954
64.625
54.561
45.036
37.618
33.024
29.891
30.544
33.203
35.839
37.365
37.662
36.97
35.791
34.744
34.316
34.744
35.791
36.969
37.663
37.367
35.839
33.203
30.544
29.872
33.024
37.618
45.036
54.56
64.626
73.952
81.384
86.213
87.886
86.61
84.148
78.81
70.96
61.233
50.639
40.721
33.405
27.847
26.303
28.556
31.952
34.803
36.425
36.753
36.027
34.787
33.664
33.161
33.511
34.496
35.632
36.342
36.131
34.759
32.515
30.824
31.258
33.875
38.554
46.233
55.745
65.772
74.862
81.839
85.859
86.61
83.013
79.964
73.947
65.241
54.53
43.081
32.931
25.209
20.831
21.69
25.175
28.899
31.806
33.434
33.731
32.969
31.665
30.468
29.922
30.217
31.161
32.296
33.044
32.971
31.776
29.982
28.879
29.599
32.077
37.275
45.339
55.172
65.194
73.803
79.891
82.977
83.012
77.211
73.231
66.056
56.075
44.263
32.463
22.664
15.44
14.154
16.79
20.711
24.489
27.359
28.945
29.186
28.366
27.027
25.799
25.225
25.489
26.42
27.55
28.299
28.279
27.234
25.725
25.012
25.869
28.923
34.891
43.462
53.316
62.745
70.4
75.618
77.976
77.211
68.841
63.545
55.02
43.988
32.025
21.234
11.577
7.6725
8.6518
12.001
15.917
19.607
22.377
23.881
24.078
23.221
21.849
20.617
20.027
20.267
21.156
22.235
22.957
22.919
21.997
20.694
20.367
21.994
25.816
32.212
40.62
49.742
58.25
65.036
69.356
70.747
68.841
57.977
51.504
42.273
31.587
21.315
10.173
3.8377
2.6683
4.5848
7.8976
11.765
15.367
18.058
19.473
19.593
18.692
17.296
16.024
15.397
15.598
16.435
17.45
18.13
18.097
17.292
16.265
16.627
19.059
22.961
28.896
36.514
44.717
52.197
57.92
61.082
61.182
57.977
46.068
39.512
31.263
22.748
14.344
3.7434
0.38842
0.22577
2.2026
5.4785
9.3234
12.863
15.486
16.812
16.829
15.833
14.366
13.037
12.35
12.491
13.284
14.282
14.979
15.016
14.392
13.808
14.767
16.98
20.064
25.11
31.631
38.634
44.826
49.209
51.099
50.066
46.068
36.11
31.058
24.476
15.18
7.3629
2.4274
0.087902
0
1.9293
5.2813
9.1512
12.68
15.22
16.429
16.311
15.193
13.624
12.225
11.498
11.637
12.462
13.524
14.311
14.473
14.039
13.71
14.531
15.504
17.499
21.273
26.327
31.822
36.599
39.795
40.824
39.535
36.109
30.723
26.885
20.387
13.761
8.2105
4.1472
1.8569
1.7686
3.7279
7.1422
11.04
14.589
17.04
18.154
17.867
16.627
14.968
13.51
12.82
13.05
14.007
15.218
16.157
16.454
16.068
15.506
15.259
14.925
15.542
17.697
21.078
25.073
28.753
31.368
32.617
32.401
30.723
29.114
25.836
21.239
16.284
11.373
7.2887
4.9376
4.8293
6.9212
10.392
14.319
17.773
20.159
21.086
20.705
19.338
17.685
16.315
15.716
16.124
17.283
18.701
19.801
20.139
19.558
18.398
16.907
15.287
14.42
14.897
16.744
19.602
22.843
25.911
28.44
29.863
29.114
30.089
28.121
24.642
20.061
15.13
10.951
8.53
8.5043
10.625
14.091
18.013
21.368
23.571
24.39
23.919
22.558
20.946
19.7
19.337
19.947
21.35
22.974
24.184
24.492
23.636
21.777
19.185
16.408
14.238
13.327
14.029
16.384
20.04
24.261
28.034
30.158
30.089
32.767
31.479
28.274
23.68
18.668
14.35
11.922
11.892
13.981
17.39
21.216
24.458
26.561
27.299
26.806
25.488
23.997
22.924
22.781
23.675
25.289
27.074
28.364
28.59
27.454
24.979
21.561
17.935
14.809
13.011
13.224
15.733
20.109
25.094
29.367
32.043
32.768
35.365
34.248
31.087
26.463
21.312
16.941
14.448
14.359
16.368
19.725
23.372
26.498
28.536
29.292
28.852
27.649
26.294
25.392
25.449
26.542
28.371
30.255
31.551
31.658
30.277
27.417
23.496
19.266
15.651
13.512
13.754
16.597
21.285
26.549
31.171
34.247
35.365
36.86
35.813
32.664
27.954
22.779
18.328
15.74
15.548
17.45
20.669
24.205
27.252
29.292
30.072
29.743
28.702
27.512
26.79
26.969
28.171
30.085
32.051
33.286
33.262
31.682
28.587
24.396
19.904
16.103
13.941
14.346
17.332
22.129
27.51
32.312
35.617
36.86
37.142
36.081
32.921
28.214
22.977
18.463
15.784
15.477
17.22
20.317
23.767
26.812
28.905
29.785
29.599
28.714
27.662
27.048
27.312
28.513
30.397
32.295
33.49
33.35
31.627
28.404
24.127
19.571
15.735
13.741
14.262
17.301
22.118
27.557
32.451
35.843
37.142
36.439
35.4
32.197
27.455
22.183
17.621
14.878
14.425
16.045
19.058
22.48
25.571
27.765
28.811
28.797
28.054
27.098
26.508
26.729
27.861
29.581
31.331
32.386
32.194
30.397
27.179
22.927
18.477
14.787
12.909
13.503
16.534
21.385
26.839
31.75
35.123
36.439
35.299
34.222
30.986
26.213
20.917
16.33
13.523
12.961
14.484
17.464
20.939
24.145
26.507
27.716
27.85
27.2
26.274
25.624
25.705
26.635
28.166
29.696
30.589
30.315
28.591
25.435
21.368
17.097
13.615
11.878
12.537
15.541
20.302
25.726
30.624
34.023
35.299
34.298
33.17
29.898
25.109
19.788
15.143
12.274
11.662
13.162
16.142
19.775
23.15
25.686
27.095
27.325
26.705
25.71
24.925
24.788
25.458
26.723
28.067
28.81
28.493
26.837
23.9
20.026
16.013
12.732
11.094
11.762
14.76
19.484
24.858
29.707
33.065
34.298
33.895
32.724
29.417
24.595
19.248
14.562
11.625
10.992
12.526
15.622
19.444
23.038
25.772
27.304
27.64
26.958
25.823
24.823
24.437
24.823
25.823
26.958
27.639
27.303
25.771
23.038
19.443
15.622
12.525
10.991
11.625
14.561
19.248
24.595
29.417
32.724
33.894
