90.684
88.518
82.385
73.352
63.084
53.716
47.276
44.487
45.906
50.633
56.567
61.661
64.749
65.298
63.465
60.083
56.413
53.722
52.751
53.722
56.413
60.083
63.465
65.297
64.749
61.661
56.566
50.634
45.906
44.487
47.276
53.715
63.084
73.352
82.384
88.518
90.683
89.497
86.613
79.839
70.373
60.13
51.269
45.164
43.219
45.834
51.16
56.998
61.901
64.604
64.769
62.619
59.063
55.403
52.65
51.588
52.639
55.536
59.259
62.416
63.933
63.025
59.648
54.45
48.806
44.845
44.175
47.406
54.588
64.227
74.205
82.643
88.075
89.497
86.027
82.487
75.212
65.587
55.618
46.951
41.641
41.264
44.829
50.265
55.882
60.308
62.637
62.348
59.861
56.114
52.218
49.355
48.511
49.96
53.101
56.706
59.627
60.789
59.627
56.067
50.912
45.662
42.22
42.04
46.157
53.913
63.416
72.869
80.634
85.341
86.027
80.59
76.546
69.001
59.494
49.55
41.57
38.053
39.065
42.955
48.099
53.311
57.244
59.021
58.262
55.359
51.252
47.186
44.645
44.381
46.238
49.415
52.823
55.421
56.272
54.877
51.271
46.226
41.221
38.165
38.921
43.849
51.645
60.711
69.506
76.56
80.552
80.589
73.803
69.486
61.944
52.362
43.059
36.963
35.242
36.812
40.453
45.13
49.699
53.067
54.196
52.871
49.472
45.158
41.506
39.681
39.965
41.97
44.965
48.084
50.372
50.951
49.391
45.7
40.669
35.985
33.774
35.451
40.596
47.992
56.415
64.515
70.885
74.25
73.802
66.626
62.18
54.539
45.702
38.395
34.304
33.314
34.74
37.79
41.881
45.76
48.344
48.74
46.791
43.286
39.461
36.587
35.43
35.899
37.765
40.497
43.286
45.26
45.555
43.737
39.928
35.117
31.261
29.991
31.971
36.725
43.468
51.186
58.618
64.398
67.319
66.626
59.969
55.489
48.842
42.072
36.794
33.555
32.386
33.189
35.595
38.859
41.944
43.729
43.518
41.569
38.608
35.65
33.391
32.396
32.782
34.327
36.729
39.162
40.716
40.621
38.636
35.135
31.179
28.171
27.223
28.813
32.853
38.876
45.941
52.842
58.247
60.89
59.969
55.029
51.809
47.199
42.191
37.607
34.168
32.318
32.349
34.008
36.506
38.926
40.313
40.254
38.802
36.536
34.047
31.924
30.727
30.782
31.97
33.95
35.925
37.141
37.086
35.574
32.88
29.645
26.862
25.552
26.411
29.713
35.08
41.635
48.179
53.273
55.683
55.029
54.03
52.569
49.271
44.731
39.855
35.657
33.066
32.33
33.369
35.493
37.776
39.368
39.758
38.813
36.772
34.255
31.866
30.248
29.83
30.586
32.243
34.11
35.616
36.212
35.431
33.34
30.223
26.996
24.97
25.026
27.653
32.497
38.696
45.018
50.165
53.253
54.03
56.892
56.276
53.139
48.219
42.769
37.913
34.612
33.387
34.162
36.272
38.77
40.707
41.391
40.505
38.33
35.499
32.723
30.711
29.936
30.515
32.233
34.498
36.606
37.777
37.498
35.438
32.103
28.371
25.637
24.99
27.054
31.556
37.73
44.419
50.47
54.845
56.891
61.347
60.698
57.189
51.828
45.786
40.402
36.717
35.276
36.014
38.262
40.97
43.028
43.642
42.601
40.179
37.057
34.013
31.798
30.952
31.71
33.707
36.448
38.983
40.443
40.149
38.029
34.468
30.534
27.447
26.443
28.235
32.775
39.348
46.802
53.744
58.913
61.347
65.39
64.476
60.599
54.73
48.241
42.482
38.551
37.032
37.802
40.124
42.902
44.915
45.408
44.186
41.548
38.232
35.055
32.865
32.191
33.155
35.531
38.487
41.19
42.676
42.342
40.156
36.53
32.618
29.586
28.633
30.567
35.407
42.455
50.395
57.717
63.048
65.39
68.124
66.933
62.645
56.403
49.539
43.485
39.382
37.789
38.541
40.861
43.63
45.585
45.999
44.695
41.928
38.522
35.353
33.214
32.71
33.914
36.429
39.547
42.226
43.725
43.372
41.162
37.685
33.892
31.099
30.441
32.681
37.823
45.109
53.206
60.615
65.904
68.124
69.026
67.619
63.11
56.555
49.407
43.14
38.892
37.218
37.902
40.186
42.838
44.765
45.145
43.82
41.057
37.675
34.584
32.605
32.196
33.47
36.041
39.129
41.806
43.271
42.981
40.872
37.54
34.031
31.486
31.119
33.622
38.939
46.305
54.42
61.785
66.995
69.026
68.328
66.78
62.093
55.327
47.989
41.572
37.223
35.436
35.998
38.166
40.74
42.642
43.044
41.778
39.128
35.869
32.919
31.05
30.728
31.982
34.474
37.467
40.108
41.521
41.327
39.399
36.3
33.025
30.783
30.666
33.35
38.699
46.003
53.986
61.261
66.371
68.327
66.56
64.912
60.112
53.238
45.793
39.297
34.838
32.922
33.334
35.327
37.849
39.742
40.212
39.097
36.634
33.564
30.767
28.98
28.652
29.848
32.163
35.007
37.569
39.035
38.926
37.248
34.427
31.439
29.428
29.467
32.154
37.445
44.61
52.485
59.649
64.681
66.56
64.488
62.773
57.912
51.004
43.516
36.955
32.41
30.34
30.585
32.445
34.912
36.807
37.396
36.44
34.227
31.369
28.705
26.952
26.551
27.588
29.766
32.449
34.945
36.496
36.537
35.101
32.563
29.838
28.01
28.128
30.763
35.904
42.9
50.637
57.699
62.668
64.488
62.882
61.133
56.243
49.305
41.809
35.19
30.519
28.295
28.393
30.145
32.526
34.536
35.287
34.54
32.557
29.88
27.305
25.524
25.004
25.868
27.867
30.485
32.94
34.597
34.889
33.648
31.369
28.835
27.115
27.218
29.762
34.73
41.565
49.175
56.161
61.092
62.882
62.292
60.519
55.602
48.65
41.119
34.415
29.6
27.216
27.184
28.886
31.299
33.401
34.389
33.875
32.072
29.549
26.986
25.121
24.437
25.121
26.986
29.548
32.072
33.875
34.389
33.401
31.3
28.886
27.184
27.216
29.6
34.415
41.119
48.65
55.602
60.519
62.287
