66.357
65.157
61.672
56.268
49.527
42.428
36.413
33.396
34.044
37.421
41.849
46.242
49.965
52.565
54.009
54.296
53.763
52.962
52.594
52.962
53.763
54.296
54.009
52.565
49.965
46.242
41.848
37.421
34.045
33.395
36.412
42.428
49.527
56.268
61.67
65.155
66.356
66.148
64.931
61.285
55.547
48.285
40.6
34.432
31.825
33.101
36.877
41.572
46.187
50.063
52.852
54.283
54.323
53.321
52.061
51.336
51.483
52.2
52.872
52.844
51.696
49.327
45.74
41.349
36.812
33.428
32.909
36.061
41.921
48.871
55.629
61.178
64.834
66.147
65.015
63.368
59.1
52.544
44.466
36.319
30.645
29.261
31.598
35.941
40.9
45.642
49.449
51.951
52.802
52.078
50.394
48.738
48.032
48.538
49.764
50.9
51.228
50.299
47.944
44.126
39.331
34.3
30.742
30.415
33.917
40.144
47.515
54.637
60.364
63.967
65.016
62.236
59.779
54.592
47.092
38.398
30.649
26.572
26.93
30.181
34.798
39.723
44.173
47.452
49.123
49.033
47.497
45.391
43.922
43.923
45.263
47.139
48.661
49.095
48.017
45.223
40.828
35.344
29.875
26.443
26.918
31.367
38.35
46.134
53.288
58.734
61.85
62.235
57.416
54.03
47.91
39.876
31.51
25.525
23.617
25.106
28.631
33.054
37.494
41.187
43.567
44.256
43.347
41.442
39.632
39.093
40.139
42.195
44.389
45.892
46.029
44.407
40.883
35.792
29.787
24.482
22.049
23.883
29.278
36.589
44.216
50.852
55.599
57.906
57.416
50.804
46.684
40.28
32.75
26.159
22.37
21.646
23.341
26.484
30.269
33.91
36.687
38.169
38.189
37.053
35.554
34.722
35.229
36.931
39.158
41.195
42.292
41.788
39.489
35.347
29.899
24.097
19.8
18.799
21.596
27.128
34.056
40.968
46.767
50.671
52.121
50.805
43.431
39.429
33.937
28.181
23.574
20.823
20.1
21.191
23.547
26.503
29.301
31.415
32.486
32.546
31.982
31.42
31.52
32.478
34.144
36.006
37.518
37.979
36.868
34.155
29.948
24.852
19.979
16.887
16.643
19.318
24.198
30.233
36.233
41.182
44.327
45.124
43.431
37.362
34.676
30.991
26.922
23.14
20.283
18.773
18.885
20.335
22.557
24.88
26.857
28.22
29.002
29.335
29.558
29.956
30.706
31.818
33.013
33.862
33.786
32.477
29.931
26.313
22.08
18.137
15.481
14.889
16.697
20.495
25.471
30.586
34.856
37.619
38.46
37.362
34.697
33.669
31.259
27.757
23.816
20.291
17.831
16.961
17.709
19.569
21.952
24.37
26.487
28.041
29.075
29.565
29.793
29.963
30.343
30.827
31.149
30.954
29.948
28.078
25.214
21.734
18.062
15.028
13.572
14.209
16.785
20.735
25.199
29.293
32.426
34.273
34.696
35.389
35.069
32.923
29.363
25.059
20.809
17.556
16.024
16.402
18.379
21.141
24.169
26.901
28.93
30.191
30.683
30.606
30.298
30.001
29.981
30.14
30.212
29.762
28.463
26.059
22.717
18.918
15.429
13.074
12.578
14.081
17.319
21.661
26.312
30.563
33.766
35.39
37.285
37.034
34.818
31.006
26.277
21.506
17.776
16.004
16.492
18.73
21.861
25.247
28.246
30.488
31.842
32.297
32.01
31.328
30.635
30.446
30.763
31.155
30.997
29.796
27.441
24.078
20.192
16.459
13.618
12.391
13.239
16.296
21.071
26.574
31.679
35.454
37.285
39.064
38.646
36.156
32.088
27.071
22.009
18.108
16.42
17.118
19.546
22.937
26.44
29.61
31.99
33.431
33.774
33.291
32.382
31.608
31.498
31.958
32.423
32.232
30.948
28.526
25.196
21.441
17.708
14.752
13.292
14.094
17.392
22.638
28.455
33.64
37.322
39.063
40.03
39.454
36.815
32.451
27.078
21.787
17.92
16.462
17.394
20.044
23.536
27.221
30.562
33.036
34.405
34.612
33.866
32.759
32.021
32.041
32.583
32.966
32.717
31.436
29.085
25.905
22.255
18.687
15.745
14.404
15.443
19.026
24.328
30.047
35.02
38.53
40.029
40.182
39.405
36.47
31.771
26.104
20.714
17.025
15.881
17.045
19.877
23.533
27.377
30.804
33.277
34.494
34.406
33.392
32.156
31.479
31.613
32.182
32.596
32.294
31.14
29.011
26.021
22.487
18.954
16.167
14.955
16.238
19.97
25.181
30.671
35.464
38.768
40.182
39.416
38.404
35.193
30.191
24.328
19.005
15.612
14.765
16.198
19.219
23.006
26.92
30.329
32.626
33.531
33.111
31.874
30.633
30.09
30.313
30.917
31.401
31.291
30.267
28.314
25.504
22.058
18.528
15.767
14.775
16.258
19.974
25.034
30.33
34.974
38.177
39.415
37.982
36.773
33.311
28.112
22.237
17.137
14.056
13.461
15.082
18.173
22.043
25.937
29.208
31.218
31.782
31.078
29.738
28.581
28.188
28.518
29.207
29.794
29.866
29.11
27.285
24.514
21.121
17.598
14.893
14.001
15.497
19.134
24.043
29.241
33.773
36.875
37.982
36.301
34.952
31.377
26.206
20.528
15.693
12.808
12.29
13.968
17.08
20.912
24.687
27.726
29.427
29.739
28.925
27.632
26.609
26.301
26.702
27.506
28.231
28.492
27.887
26.23
23.504
20.058
16.569
13.882
12.952
14.34
17.823
22.613
27.731
32.223
35.282
36.3
34.88
33.556
30.09
25.143
19.745
15.085
12.199
11.592
13.127
16.197
19.917
23.516
26.273
27.837
28.082
27.344
26.18
25.236
24.936
25.34
26.217
27.102
27.521
27.055
25.479
22.802
19.386
15.847
13.107
12.01
13.158
16.441
21.124
26.236
30.779
33.869
34.881
34.315
33.16
29.922
25.224
20.026
15.396
12.35
11.498
12.821
15.716
19.337
22.781
25.449
26.97
27.312
26.729
25.705
24.788
24.436
24.787
25.705
26.729
27.312
26.969
25.449
22.781
19.337
15.715
12.82
11.498
12.35
15.395
20.026
25.224
29.921
33.16
34.316
