89.083
87.91
84.676
79.4
71.519
60.897
48.901
38.453
32.498
30.655
31.36
33.936
36.566
38.161
38.613
38.263
37.485
36.789
36.511
36.788
37.485
38.263
38.613
38.161
36.566
33.936
31.361
30.655
32.497
38.453
48.901
60.897
71.519
79.4
84.676
87.91
89.083
87.396
85.562
81.828
75.646
66.328
54.333
41.992
32.977
28.566
27.18
29.153
32.499
35.284
36.956
37.5
37.132
36.353
35.635
35.35
35.608
36.291
37.078
37.459
37.077
35.627
33.391
31.651
31.536
34.577
42.299
53.107
64.103
73.274
79.975
84.537
87.125
87.396
82.594
80.412
76.105
68.706
57.834
44.906
33.365
26.321
21.846
22.292
25.519
29.124
31.986
33.686
34.249
33.891
33.106
32.377
32.078
32.319
33.006
33.806
34.226
33.941
32.671
30.906
29.713
30.472
35.268
43.911
54.238
63.962
71.762
77.489
81.366
83.065
82.594
75.333
72.897
67.741
58.883
46.715
33.877
24.478
16.786
14.856
17.082
20.809
24.425
27.264
29.002
29.528
29.178
28.396
27.664
27.335
27.562
28.253
29.019
29.519
29.332
28.278
26.824
26.253
28.429
34.417
43.086
52.4
60.725
67.317
72.2
75.222
76.065
75.333
66.428
63.604
57.3
47.074
34.501
23.142
13.199
8.5687
9.0494
12.056
15.782
19.345
22.156
23.857
24.368
24.014
23.229
22.482
22.121
22.315
22.979
23.759
24.273
24.16
23.229
22.133
22.476
25.803
32.094
40.029
48.012
54.93
60.44
64.479
66.573
67.106
66.428
56.883
53.4
45.963
35.108
23.262
11.944
5.0557
3.3736
4.8877
7.9562
11.607
15.123
17.939
19.568
20.041
19.643
18.816
18.027
17.626
17.769
18.384
19.155
19.667
19.586
18.803
18.141
19.245
22.892
28.621
35.285
41.781
47.384
51.915
55.044
56.65
57.468
56.877
47.826
43.696
35.701
24.887
13.372
5.2264
1.4296
0.96206
2.6252
5.6507
9.3296
12.929
15.689
17.27
17.673
17.197
16.259
15.38
14.907
15.004
15.581
16.348
16.861
16.853
16.293
15.955
17.124
20.214
24.686
29.798
34.761
39.167
42.82
45.276
47.166
48.472
47.826
40.634
36.268
27.588
17.292
9.0847
3.8218
1.2713
0.93263
2.5898
5.719
9.5105
13.146
15.882
17.394
17.706
17.086
16.016
15.021
14.5
14.58
15.186
15.995
16.588
16.725
16.319
15.994
16.546
18.341
21.216
24.698
28.218
31.585
34.493
36.958
39.574
41.358
40.633
35.749
30.273
22.704
15.606
9.8637
5.7124
3.2586
2.9657
4.7154
8.0165
11.888
15.524
18.231
19.632
19.794
19.046
17.887
16.836
16.305
16.46
17.154
18.113
18.877
19.086
18.612
17.898
17.48
17.812
19.002
20.858
23.19
25.753
28.231
31.364
34.75
36.767
35.749
32.337
28.243
23.173
18.009
13.125
9.0709
6.6272
6.4165
8.3105
11.683
15.604
19.239
21.841
23.122
23.164
22.33
21.14
20.124
19.693
19.995
20.88
22.01
22.929
23.105
22.383
21.019
19.577
18.546
18.265
18.77
20.004
21.637
24.488
28.515
32.38
34.022
32.336
32.556
30.074
26.385
21.851
17.054
12.939
10.538
10.363
12.347
15.768
19.699
23.254
25.765
26.942
26.896
26.032
24.878
23.979
23.727
24.241
25.344
26.654
27.628
27.754
26.711
24.691
22.242
19.994
18.362
17.504
17.59
19.426
23.189
27.882
31.632
33.235
32.556
34.836
33.239
29.998
25.542
20.726
16.56
14.12
13.981
16.016
19.411
23.272
26.717
29.136
30.244
30.161
29.303
28.259
27.534
27.529
28.271
29.579
31.035
32.013
32.012
30.713
28.115
24.798
21.395
18.542
16.82
16.936
19.409
23.75
28.576
32.435
34.612
34.836
37.168
35.898
32.826
28.381
23.475
19.253
16.779
16.644
18.607
21.919
25.644
28.993
31.319
32.415
32.383
31.652
30.772
30.24
30.407
31.363
32.843
34.361
35.328
35.179
33.597
30.638
26.706
22.606
19.158
17.268
17.674
20.521
24.994
29.814
33.895
36.472
37.168
38.496
37.411
34.381
29.92
24.961
20.68
18.183
17.952
19.825
23.012
26.616
29.858
32.181
33.312
33.386
32.802
32.096
31.74
32.053
33.101
34.643
36.178
37.074
36.805
35.003
31.78
27.624
23.259
19.628
17.775
18.329
21.23
25.67
30.495
34.701
37.545
38.496
38.619
37.637
34.625
30.135
25.142
20.848
18.272
17.953
19.691
22.762
26.262
29.474
31.825
33.047
33.261
32.842
32.284
32.035
32.418
33.474
34.961
36.422
37.218
36.808
34.901
31.575
27.305
22.905
19.332
17.543
18.136
21.002
25.376
30.198
34.493
37.477
38.619
37.817
36.856
33.822
29.302
24.313
19.995
17.382
16.97
18.592
21.564
25.028
28.259
30.684
32.032
32.394
32.124
31.675
31.453
31.796
32.743
34.097
35.357
36.028
35.535
33.58
30.263
26.068
21.747
18.278
16.576
17.181
19.979
24.279
29.103
33.473
36.583
37.817
36.57
35.603
32.514
27.968
22.968
18.665
16.036
15.549
17.088
20.022
23.499
26.81
29.355
30.839
31.329
31.155
30.755
30.49
30.691
31.434
32.559
33.617
34.096
33.554
31.631
28.423
24.383
20.253
16.939
15.296
15.894
18.637
22.877
27.707
32.151
35.324
36.57
35.511
34.454
31.309
26.754
21.801
17.52
14.883
14.354
15.851
18.801
22.359
25.795
28.493
30.112
30.696
30.537
30.08
29.719
29.719
30.194
31.04
31.865
32.197
31.588
29.729
26.712
22.874
18.953
15.79
14.243
14.825
17.501
21.727
26.588
31.113
34.301
35.511
35.089
33.951
30.768
26.228
21.324
17.083
14.419
13.857
15.364
18.395
22.125
25.726
28.593
30.336
30.953
30.738
30.126
29.56
29.352
29.56
30.126
30.738
30.953
30.336
28.593
25.726
22.125
18.395
15.364
13.856
14.419
17.083
21.324
26.228
30.767
33.951
35.089
