76.242
74.667
70.014
62.667
53.275
42.926
33.302
26.5
23.744
24.295
26.772
29.919
32.96
35.333
36.68
36.947
36.372
35.504
35.089
35.504
36.372
36.947
36.68
35.333
32.959
29.919
26.772
24.294
23.744
26.5
33.301
42.925
53.275
62.667
70.015
74.667
76.242
74.666
71.843
66.037
57.67
47.482
36.824
27.772
22.421
21.111
22.584
25.547
28.923
32.013
34.322
35.496
35.539
34.817
34.043
33.952
34.649
35.611
36.17
35.859
34.481
32.204
29.356
26.488
24.598
25.076
29.173
36.847
46.472
56.215
64.668
70.897
74.33
74.667
70.014
66.037
59.186
49.919
39.186
28.76
21.037
17.47
17.447
19.662
22.926
26.407
29.373
31.424
32.227
31.914
31.048
30.461
30.767
31.798
32.93
33.586
33.345
32.067
29.93
27.286
24.766
23.549
25.017
30.087
38.062
47.315
56.257
63.661
68.712
70.897
70.014
62.667
57.671
49.919
40.021
29.305
19.972
14.156
12.259
13.211
15.882
19.243
22.586
25.275
26.855
27.171
26.52
25.688
25.479
26.228
27.608
28.95
29.751
29.622
28.465
26.504
24.045
21.892
21.352
23.659
29.195
37.003
45.596
53.564
59.82
63.66
64.667
62.667
53.276
47.482
39.186
29.305
19.571
12.097
8.1312
7.356
8.8726
11.652
14.904
17.933
20.168
21.244
21.179
20.471
19.913
20.179
21.324
22.932
24.455
25.352
25.279
24.28
22.464
20.22
18.489
18.545
21.291
26.749
33.974
41.642
48.489
53.564
56.256
56.216
53.275
42.925
36.824
28.76
19.972
12.097
6.5005
3.6995
3.391
4.9546
7.5924
10.559
13.204
15.014
15.809
15.738
15.31
15.181
15.775
17.083
18.739
20.273
21.18
21.174
20.303
18.686
16.759
15.466
15.826
18.444
23.27
29.506
36.004
41.642
45.598
47.315
46.472
42.925
33.301
27.772
21.037
14.156
8.1312
3.6995
1.234
0.84255
2.0878
4.3953
7.0562
9.4186
11.119
12.053
12.319
12.348
12.562
13.244
14.419
15.861
17.235
18.093
18.181
17.515
16.219
14.691
13.612
13.765
15.72
19.427
24.337
29.507
33.976
37.004
38.063
36.848
33.301
26.5
22.421
17.47
12.26
7.3562
3.3909
0.84268
0
0.79841
2.7779
5.2821
7.6175
9.5265
10.82
11.553
11.983
12.387
12.98
13.856
14.954
16.05
16.869
17.11
16.711
15.708
14.368
13.171
12.768
13.653
16.012
19.428
23.271
26.75
29.195
30.087
29.173
26.5
23.743
21.112
17.447
13.211
8.8728
4.9545
2.0879
0.79839
1.2217
3.0202
5.539
8.0795
10.312
11.981
13.124
13.85
14.363
14.812
15.364
16.102
16.979
17.812
18.233
17.943
16.959
15.466
13.921
12.831
12.677
13.653
15.72
18.444
21.291
23.659
25.017
25.077
23.743
24.294
22.584
19.662
15.882
11.652
7.5927
4.3946
2.778
3.0205
4.8288
7.4546
10.251
12.775
14.814
16.298
17.257
17.796
18.119
18.395
18.862
19.638
20.438
20.846
20.504
19.29
17.508
15.539
13.848
12.831
12.767
13.765
15.826
18.545
21.352
23.548
24.598
24.294
26.772
25.547
22.926
19.242
14.905
10.559
7.0563
5.2824
5.539
7.4543
10.278
13.337
16.228
18.603
20.431
21.537
22.009
22.083
22.125
22.42
23.098
23.794
24.048
23.484
22.087
20.012
17.694
15.539
13.922
13.171
13.613
15.466
18.49
21.892
24.766
26.488
26.772
29.919
28.923
26.407
22.587
17.934
13.204
9.4186
7.6174
8.0795
10.25
13.337
16.759
20.001
22.781
24.781
25.894
26.188
25.96
25.725
25.92
26.513
27.073
27.092
26.346
24.785
22.576
20.012
17.508
15.466
14.368
14.691
16.759
20.22
24.045
27.287
29.356
29.919
32.959
32.013
29.373
25.274
20.168
15.014
11.119
9.5265
10.311
12.774
16.228
20.001
23.631
26.633
28.679
29.622
29.585
29.02
28.593
28.745
29.248
29.689
29.551
28.693
27.061
24.784
22.087
19.29
16.959
15.708
16.219
18.686
22.465
26.504
29.931
32.202
32.959
35.334
34.322
31.423
26.854
21.244
15.809
12.052
10.82
11.981
14.814
18.603
22.781
26.633
29.689
31.559
32.14
31.684
30.831
30.336
30.47
30.998
31.359
31.224
30.335
28.693
26.347
23.485
20.504
17.943
16.711
17.514
20.304
24.28
28.465
32.067
34.481
35.333
36.68
35.496
32.227
27.172
21.179
15.738
12.319
11.553
13.124
16.298
20.431
24.781
28.679
31.559
33.056
33.156
32.333
31.375
30.953
31.178
31.721
32.146
32.045
31.225
29.551
27.092
24.048
20.846
18.233
17.11
18.181
21.175
25.279
29.622
33.345
35.859
36.68
36.947
35.539
31.915
26.521
20.471
15.31
12.348
11.984
13.85
17.257
21.537
25.894
29.623
32.14
33.156
32.855
31.861
30.99
30.738
31.081
31.668
32.165
32.146
31.359
29.689
27.073
23.794
20.439
17.812
16.87
18.093
21.18
25.353
29.75
33.585
36.17
36.948
36.373
34.817
31.048
25.688
19.914
15.181
12.562
12.387
14.362
17.796
22.009
26.189
29.585
31.684
32.334
31.861
30.929
30.226
30.126
30.532
31.161
31.668
31.721
30.998
29.248
26.513
23.098
19.639
16.979
16.05
17.235
20.273
24.454
28.95
32.93
35.611
36.372
35.504
34.043
30.461
25.479
20.179
15.774
13.244
12.98
14.812
18.119
22.083
25.96
29.019
30.831
31.375
30.99
30.226
29.642
29.56
29.927
30.532
31.081
31.178
30.47
28.745
25.921
22.42
18.862
16.102
14.954
15.861
18.739
22.933
27.608
31.798
34.649
35.505
35.089
33.952
30.768
26.228
21.324
17.083
14.418
13.856
15.364
18.395
22.124
25.726
28.593
30.336
30.954
30.738
30.126
29.559
29.352
29.56
30.126
30.738
30.954
30.336
28.593
25.726
22.125
18.395
15.365
13.856
14.419
17.083
21.324
26.228
30.767
33.951
35.089
