  54.21857
  53.48159
  50.85651
  46.09740
  39.49545
  32.01057
  25.20480
  21.04745
  21.21141
  24.68414
  28.83550
  32.13586
  33.62698
  33.12969
  30.94168
  27.74458
  24.36653
  21.81523
  20.86842
  21.81538
  24.36640
  27.74458
  30.94154
  33.12948
  33.62698
  32.13625
  28.83553
  24.68424
  21.21183
  21.04934
  25.20585
  32.01044
  39.49532
  46.09666
  50.85651
  53.48149
  54.21776
  52.56283
  51.77074
  48.67399
  43.12037
  35.70042
  27.77747
  21.32520
  18.59460
  20.19377
  24.09169
  28.16476
  31.26335
  32.58558
  31.94231
  29.60385
  26.27094
  22.84264
  20.38493
  19.57817
  20.63422
  23.20417
  26.47305
  29.52587
  31.57497
  31.94511
  30.22694
  26.87903
  22.79110
  20.27348
  21.55367
  26.39798
  32.99382
  39.72778
  45.46539
  49.46736
  51.74165
  52.56327
  47.91480
  46.92987
  43.21455
  36.88006
  28.86698
  21.04611
  15.78608
  14.81304
  17.33983
  21.21814
  25.16754
  27.96008
  29.06192
  28.25994
  25.75146
  22.32933
  18.96556
  16.65649
  16.01860
  17.19579
  19.70398
  22.85592
  25.74035
  27.62835
  27.82232
  26.00235
  22.60779
  18.94894
  17.56607
  19.82985
  24.75970
  30.77475
  36.61134
  41.42629
  44.83110
  46.95208
  47.91501
  41.17564
  39.83275
  35.43259
  28.47575
  20.37640
  13.48420
  10.05866
  10.47530
  13.21435
  16.90116
  20.53112
  23.00925
  23.87456
  22.87055
  20.25340
  16.89050
  13.69188
  11.58602
  11.11700
  12.32255
  14.75232
  17.74951
  20.44285
  22.19942
  22.18033
  20.29974
  16.99683
  14.04984
  13.63078
  16.25095
  20.80698
  26.04273
  30.89793
  34.89455
  37.87817
  40.10052
  41.17532
  33.52585
  31.69924
  26.71814
  19.57423
  12.26783
   7.28248
   5.55753
   6.43964
   8.88078
  12.18327
  15.34951
  17.55451
  18.20761
  17.07118
  14.50452
  11.32882
   8.37343
   6.46582
   6.07664
   7.22223
   9.49265
  12.30183
  14.81318
  16.39255
  16.27713
  14.43093
  11.42615
   9.16121
   9.23060
  11.65630
  15.54154
  19.83003
  23.77655
  27.11412
  30.01080
  32.50632
  33.52572
  26.26663
  23.99368
  18.87496
  12.48381
   7.05700
   3.98561
   2.94999
   3.53366
   5.38143
   8.11902
  10.90591
  12.88874
  13.43949
  12.37172
  10.02227
   7.12792
   4.36954
   2.53445
   2.06761
   3.03369
   5.10854
   7.71690
  10.11597
  11.54753
  11.47895
   9.85195
   7.26954
   5.34379
   5.30803
   7.07252
  10.02589
  13.32869
  16.52122
  19.54829
  22.66006
  25.42547
  26.26655
  20.98423
  18.67762
  14.28020
   9.56800
   6.00630
   3.72955
   2.50635
   2.42573
   3.51284
   5.69967
   8.22908
  10.14745
  10.82273
  10.00507
   7.95414
   5.30679
   2.62337
   0.71981
   0.00000
   0.67969
   2.54537
   5.00641
   7.34901
   8.87500
   9.04290
   7.75090
   5.46755
   3.42462
   2.69093
   3.46624
   5.38464
   7.80249
  10.50032
  13.61267
  17.25914
  20.29199
  20.98391
  19.24552
  17.51610
  14.28766
  10.94820
   8.14393
   5.85544
   4.11106
   3.26276
   3.70287
   5.49898
   8.00024
  10.07381
  10.97522
  10.44038
   8.59337
   5.98798
   3.25376
   1.16370
   0.23863
   0.66554
   2.33748
   4.77153
   7.24431
   8.96648
   9.51376
   8.45828
   6.23383
   3.71634
   2.00457
   1.68229
   2.56582
   4.31561
   6.96419
  10.75418
  15.15890
  18.44012
  19.24552
  21.48029
  20.23830
  17.80273
  15.07294
  12.30456
   9.53424
   7.11033
   5.62227
   5.62393
   7.38663
  10.05766
  12.42284
  13.58344
  13.21966
  11.38858
   8.71461
   5.83822
   3.54718
   2.42061
   2.73682
   4.36061
   6.89207
   9.60439
  11.62464
  12.37188
  11.47614
   9.13569
   6.09841
   3.48414
   2.09415
   2.15320
   3.67722
   6.96658
  11.85558
  16.93222
  20.44338
  21.48016
  26.09750
  25.15071
  23.10015
  20.43327
  17.28028
  13.85550
  10.68815
   8.66935
   8.66226
  10.65651
  13.66027
  16.33520
  17.65987
  17.30168
  15.38664
  12.57630
   9.50533
   7.02321
   5.75801
   6.03474
   7.77166
  10.46705
  13.44702
  15.76387
  16.65391
  15.77545
  13.23165
   9.85095
   6.59948
   4.47535
   4.12167
   6.09786
  10.53201
  16.29454
  21.63152
  25.06749
  26.09760
  31.19036
  30.44209
  28.52278
  25.65326
  21.93012
  17.63727
  13.83326
  11.59321
  11.77027
  14.22407
  17.67214
  20.52159
  21.98620
  21.59479
  19.52684
  16.50024
  13.22393
  10.57076
   9.19663
   9.52705
  11.44012
  14.38391
  17.58867
  20.01156
  21.02506
  20.09524
  17.44007
  13.77497
  10.19356
   7.79038
   7.64848
  10.53017
  15.86871
  21.92329
  27.04559
  30.18808
  31.19010
  35.21959
  34.70433
  32.78194
  29.47835
  24.99171
  19.97664
  15.67804
  13.43718
  14.16820
  17.13758
  20.84300
  23.89696
  25.31835
  24.82066
  22.56315
  19.29349
  15.82948
  13.09006
  11.77581
  12.20766
  14.34085
  17.52996
  20.81709
  23.29441
  24.23675
  23.28249
  20.53860
  16.75891
  13.03162
  10.79351
  11.37918
  15.12763
  20.76224
  26.62530
  31.32752
  34.20979
  35.21982
  37.25695
  36.86969
  34.82172
  30.99237
  25.72110
  20.06670
  15.58830
  13.80217
  15.21903
  18.58303
  22.40746
  25.42545
  26.75487
  26.08849
  23.63588
  20.20952
  16.61277
  13.86146
  12.67429
  13.36936
  15.65840
  18.92476
  22.26540
  24.71131
  25.54780
  24.46724
  21.68655
  17.86577
  14.30496
  12.65084
  14.10253
  18.28585
  23.79630
  29.18183
  33.41952
  36.07437
  37.25682
  36.85588
  36.61236
  34.28659
  29.80273
  23.87015
  17.92647
  13.72472
  12.65139
  14.60442
  18.14669
  21.94359
  24.81247
  25.94175
  25.04102
  22.43120
  18.89431
  15.32628
  12.73110
  11.79283
  12.69855
  15.13753
  18.39354
  21.60127
  23.95892
  24.62743
  23.41938
  20.60225
  16.92245
  13.77967
  13.00334
  15.05244
  19.27374
  24.33584
  29.10062
  32.86567
  35.50721
  36.85606
  34.42726
  34.14282
  31.40581
  26.35451
  20.03312
  14.20760
  10.72228
  10.39669
  12.61411
  16.11451
  19.65909
  22.22433
  23.09912
  22.02821
  19.32024
  15.81173
  12.43011
  10.10439
   9.43361
  10.49806
  12.92163
  16.10445
  19.14265
  21.25555
  21.80845
  20.48917
  17.74116
  14.37915
  11.93996
  11.82496
  14.15110
  18.06706
  22.56562
  26.67999
  30.16019
  32.88008
  34.42676
  30.72917
  30.27149
  27.03483
  21.56250
  15.32880
  10.16208
   7.53563
   7.67985
   9.83092
  13.05126
  16.26017
  18.50999
  19.10243
  17.88913
  15.21057
  11.90328
   8.82047
   6.78771
   6.31343
   7.40178
   9.75686
  12.73746
  15.56898
  17.47226
  17.90090
  16.63535
  14.04493
  11.12472
   9.35686
   9.62865
  11.84492
  15.23525
  19.02613
  22.75004
  26.14688
  29.03727
  30.72890
  26.89977
  26.07360
  22.44729
  16.94450
  11.25649
   6.99431
   5.00772
   5.20687
   7.03970
   9.81711
  12.66822
  14.58216
  14.97756
  13.74465
  11.25229
   8.26163
   5.50331
   3.68447
   3.26239
   4.27250
   6.47598
   9.26056
  11.86277
  13.65239
  14.01642
  12.89464
  10.67757
   8.21645
   6.79734
   7.01649
   8.82297
  11.63774
  14.91384
  18.43196
  21.98326
  25.15749
  26.89977
  23.97607
  22.80761
  18.99938
  13.84594
   9.04448
   5.58864
   3.82882
   3.67483
   4.98480
   7.25189
   9.71062
  11.44127
  11.79831
  10.72493
   8.53823
   5.87114
   3.33580
   1.56204
   1.06406
   1.92974
   3.93127
   6.54167
   9.00602
  10.76137
  11.28154
  10.40617
   8.54088
   6.33898
   4.89341
   4.79051
   6.05178
   8.33163
  11.31583
  14.93686
  18.87202
  22.34329
  23.97628
  22.88806
  21.44414
  17.71002
  13.17765
   9.10592
   6.13138
   4.21296
   3.51074
   4.18226
   6.02169
   8.20506
   9.85542
  10.41980
   9.66714
   7.76851
   5.30881
   2.79944
   0.94484
   0.27276
   0.94486
   2.79894
   5.30894
   7.76820
   9.66709
  10.41982
   9.85542
   8.20513
   6.02214
   4.18221
   3.51095
   4.21306
   6.13136
   9.10576
  13.17796
  17.70965
  21.44411
  22.88806
