  73.86629
  72.21180
  67.84654
  61.37757
  53.29453
  44.30542
  36.31723
  31.88223
  30.65723
  32.39316
  36.71827
  40.88691
  42.77803
  41.97287
  38.82453
  34.41918
  30.02881
  26.93209
  25.80105
  26.93248
  30.02871
  34.41931
  38.82448
  41.97266
  42.77814
  40.88628
  36.71812
  32.39240
  30.65683
  31.88195
  36.31720
  44.30531
  53.29458
  61.37747
  67.84641
  72.21146
  73.86508
  72.53936
  70.34216
  65.65593
  58.72976
  49.98091
  40.71331
  33.54530
  29.34408
  28.08195
  31.31612
  36.46352
  40.54392
  42.17039
  41.04294
  37.70021
  33.24374
  28.94706
  25.81835
  24.70782
  25.94845
  29.30032
  33.79467
  38.14085
  41.03488
  41.56463
  39.40983
  35.55460
  32.17212
  30.60383
  32.00511
  37.69709
  45.90721
  54.32834
  61.80944
  67.80228
  71.68471
  72.53973
  68.78624
  66.37314
  61.37873
  53.85150
  44.51204
  35.52950
  28.70194
  23.80249
  24.63459
  29.32350
  34.66395
  38.45935
  39.75585
  38.34133
  34.83818
  30.23560
  25.78467
  22.65497
  21.77217
  23.42432
  27.09991
  31.59367
  35.76238
  38.35002
  38.64928
  36.42884
  32.93081
  29.63339
  28.24972
  31.03777
  37.53625
  45.42154
  53.13033
  60.02303
  65.46997
  68.59941
  68.78642
  63.14640
  60.60534
  55.17916
  46.98272
  37.43517
  28.88517
  20.57552
  17.99386
  21.02149
  26.36532
  31.47337
  34.92348
  35.84262
  34.07999
  30.24143
  25.42445
  20.94865
  18.17408
  17.83106
  19.92810
  23.71559
  28.10364
  31.97707
  34.31836
  34.29670
  32.09120
  28.44346
  25.16894
  25.11448
  29.16681
  35.70530
  42.94404
  49.93108
  56.14288
  60.85208
  63.19933
  63.14637
  56.17958
  53.44720
  47.45386
  38.78735
  29.62060
  18.89580
  12.90895
  13.32620
  17.43962
  22.64906
  27.37441
  30.38806
  30.83232
  28.62950
  24.42109
  19.59321
  15.58612
  13.46887
  13.65654
  15.98121
  19.66368
  23.81155
  27.37307
  29.42490
  29.08883
  26.52088
  22.73712
  20.48657
  21.88843
  26.40943
  32.43351
  38.79838
  44.99800
  50.41020
  54.23432
  56.21374
  56.17990
  48.57726
  45.53646
  39.08283
  30.60679
  18.77453
  10.32457
   7.83486
   9.85282
  13.99974
  18.82402
  23.04501
  25.46701
  25.33161
  22.69690
  18.57423
  14.25665
  10.98982
   9.49208
   9.95787
  12.19151
  15.66428
  19.49998
  22.70322
  24.25321
  23.52128
  20.68624
  17.53847
  16.69881
  18.82969
  22.99704
  28.13722
  33.53249
  38.80140
  43.27367
  46.54657
  48.55720
  48.57718
  41.32432
  38.00222
  31.67994
  24.09427
  10.63824
   5.86106
   5.28185
   7.51226
  11.19957
  15.52308
  19.08082
  20.89092
  20.39467
  17.87144
  14.33730
  10.75323
   8.07087
   6.82155
   7.27786
   9.24966
  12.38748
  15.82846
  18.54732
  19.62918
  18.70041
  16.39788
  14.36779
  14.27043
  16.11503
  19.37464
  23.39126
  27.76913
  32.05909
  35.78583
  39.02197
  41.27507
  41.32429
  35.54496
  30.92968
  22.01432
  13.54117
   7.58507
   4.75927
   4.43050
   6.20080
   9.35093
  13.06591
  16.12824
  17.72722
  17.42035
  15.53550
  12.66704
   9.57441
   7.02434
   5.63632
   5.81900
   7.47672
  10.17644
  13.16531
  15.52742
  16.66491
  16.23895
  14.86099
  13.58673
  13.24389
  14.12275
  16.17891
  19.04876
  22.37774
  25.78212
  29.32321
  32.92156
  35.48418
  35.54486
  29.56499
  24.40581
  18.11314
  12.42297
   8.20099
   5.54128
   4.75911
   5.99861
   8.64246
  12.06401
  15.13916
  16.99389
  17.20642
  15.86721
  13.31228
  10.23165
   7.46094
   5.73050
   5.51906
   6.82730
   9.23640
  12.09820
  14.68059
  16.33759
  16.63128
  15.82607
  14.44235
  13.26011
  13.00555
  13.81451
  15.52519
  17.76910
  20.72218
  24.65113
  28.69385
  31.16300
  29.56526
  26.17140
  22.97533
  18.80058
  14.42649
  10.40651
   7.35177
   6.06194
   6.86222
   9.42704
  12.92901
  16.30029
  18.56407
  19.17098
  17.96451
  15.32179
  12.02524
   8.94174
   6.88057
   6.34360
   7.46577
   9.90845
  13.03844
  16.09481
  18.24780
  18.92363
  17.96147
  16.00074
  13.82580
  12.31772
  11.76641
  12.12406
  13.71616
  17.03758
  21.52067
  25.62682
  27.33403
  26.17091
  26.55612
  24.72769
  21.44986
  17.24641
  12.92591
   9.50901
   7.93791
   8.62387
  11.34127
  15.06557
  18.67508
  21.16563
  21.76096
  20.44787
  17.59962
  14.07074
  10.79062
   8.57360
   7.98433
   9.12863
  11.80388
  15.26707
  18.61498
  20.96013
  21.59458
  20.25707
  17.54349
  14.41260
  11.61104
   9.81141
   9.52657
  11.31669
  15.18868
  20.06588
  24.19398
  26.46696
  26.55604
  28.45905
  27.18655
  23.97780
  19.52797
  14.88005
  11.23228
   9.55485
  10.34683
  13.13987
  17.01802
  20.77500
  23.25734
  23.77298
  22.31454
  19.31357
  15.64076
  12.26571
  10.03574
   9.53610
  10.83617
  13.66098
  17.28041
  20.74258
  23.04648
  23.52430
  21.93419
  18.69072
  14.80845
  11.18621
   8.84003
   8.56693
  10.75132
  15.05916
  20.16686
  24.67104
  27.57279
  28.45908
  29.87210
  28.64413
  25.29572
  20.60626
  15.70335
  11.88574
  10.18836
  11.02224
  13.88921
  17.82483
  21.60857
  24.06441
  24.51818
  22.97551
  19.88501
  16.15888
  12.77038
  10.57058
  10.09024
  11.53621
  14.43198
  18.06410
  21.51781
  23.78656
  24.12774
  22.41489
  18.98549
  14.77497
  10.88519
   8.49179
   8.48034
  10.99877
  15.43713
  20.67418
  25.42555
  28.71307
  29.87205
  29.81505
  28.57413
  25.09647
  20.22528
  15.16827
  11.24378
   9.54075
  10.34177
  13.20225
  17.09592
  20.86590
  23.28850
  23.71971
  22.14714
  19.08077
  15.37041
  12.02085
   9.86915
   9.44836
  10.84387
  13.73656
  17.34539
  20.71126
  22.89373
  23.20540
  21.47922
  18.08030
  13.89493
  10.07522
   7.78613
   7.88758
  10.49856
  15.00497
  20.29782
  25.16382
  28.56730
  29.81523
  28.32878
  27.07655
  23.52550
  18.54309
  13.41691
   9.44592
   7.65291
   8.45259
  11.23307
  15.06722
  18.70511
  21.11490
  21.57565
  20.06678
  17.08156
  13.46128
  10.18539
   8.06367
   7.64309
   8.98331
  11.78096
  15.25668
  18.52351
  20.66631
  21.04238
  19.35962
  16.08809
  12.05887
   8.39317
   6.23472
   6.40055
   8.98703
  13.41822
  18.67865
  23.59500
  27.05864
  28.32844
  25.95640
  24.68225
  21.10931
  16.09361
  10.94547
   6.97742
   5.14225
   5.81627
   8.48722
  12.19729
  15.75360
  18.14068
  18.66975
  17.26755
  14.42762
  10.94416
   7.75630
   5.66176
   5.18468
   6.42250
   9.08013
  12.41042
  15.59203
  17.72081
  18.13979
  16.67521
  13.59437
   9.70532
   6.19337
   4.12269
   4.26901
   6.76951
  11.08195
  16.27414
  21.17860
  24.67592
  25.95674
  23.46076
  22.16318
  18.58324
  13.60125
   8.47301
   4.50869
   2.63264
   3.19051
   5.67890
   9.20789
  12.70755
  15.12220
  15.74350
  14.50660
  11.82176
   8.48990
   5.38380
   3.29385
   2.73832
   3.82131
   6.31196
   9.53148
  12.63858
  14.78768
  15.32347
  14.03999
  11.16013
   7.51812
   4.08588
   2.02657
   2.09331
   4.46647
   8.64937
  13.75759
  18.64533
  22.17810
  23.45992
  21.59051
  20.28010
  16.70335
  11.77713
   6.69807
   2.72015
   0.75908
   1.16932
   3.49042
   6.90745
  10.36479
  12.82045
  13.56520
  12.50066
   9.98520
   6.78104
   3.72937
   1.60836
   0.94602
   1.88293
   4.20760
   7.31596
  10.42032
  12.64541
  13.36214
  12.23045
   9.54401
   6.03419
   2.70805
   0.62300
   0.51667
   2.74591
   6.82058
  11.86870
  16.75353
  20.30509
  21.59048
  20.89074
  19.59975
  16.04020
  11.13829
   6.09904
   2.08895
   0.00339
   0.26092
   2.44326
   5.77978
   9.21873
  11.79750
  12.69613
  11.81365
   9.45445
   6.33407
   3.28348
   1.08683
   0.29458
   1.08625
   3.28340
   6.33405
   9.45411
  11.81365
  12.69608
  11.79724
   9.21824
   5.78025
   2.44211
   0.26037
   0.00000
   2.08895
   6.09822
  11.13824
  16.04015
  19.59944
  20.89021
