91.728
90.514
87.245
81.944
73.975
63.275
51.248
40.811
34.89
33.08
33.88
36.447
39.066
40.722
41.158
40.791
40.009
39.298
39.012
39.298
40.009
40.791
41.158
40.723
39.066
36.447
33.88
33.08
34.89
40.811
51.249
63.276
73.975
81.944
87.245
90.515
91.728
90.029
88.125
84.372
78.123
68.696
56.638
44.304
35.285
30.938
29.571
31.625
34.935
37.823
39.493
39.989
39.652
38.871
38.15
37.846
38.11
38.813
39.582
40.017
39.665
38.14
35.921
34.151
33.967
37.004
44.694
55.492
66.563
75.815
82.551
87.117
89.755
90.029
85.194
82.948
78.583
71.08
60.127
47.15
35.595
28.589
24.177
24.651
27.909
31.536
34.485
36.185
36.74
36.388
35.615
34.883
34.574
34.822
35.518
36.309
36.799
36.518
35.222
33.453
32.19
32.96
37.709
46.348
56.71
66.478
74.34
80.081
83.953
85.688
85.193
77.885
75.382
70.129
61.146
48.918
36.068
26.638
18.992
17.087
19.383
23.133
26.854
29.721
31.428
31.993
31.656
30.873
30.15
29.838
30.069
30.761
31.568
32.088
31.912
30.812
29.403
28.771
30.941
36.915
45.577
54.938
63.307
69.911
74.776
77.816
78.667
77.885
68.915
65.995
59.581
49.235
36.599
25.227
15.312
10.67
11.221
14.29
18.135
21.748
24.578
26.292
26.828
26.479
25.685
24.958
24.628
24.826
25.498
26.314
26.858
26.755
25.811
24.711
25.02
28.319
34.618
42.572
50.59
57.529
63.015
67.047
69.152
69.658
68.914
59.236
55.681
48.125
37.165
25.267
13.955
7.0428
5.4037
6.9967
10.138
13.923
17.504
20.329
22.003
22.513
22.122
21.283
20.504
20.131
20.297
20.928
21.708
22.279
22.239
21.415
20.754
21.81
25.429
31.164
37.868
44.369
49.945
54.463
57.597
59.183
59.923
59.236
50.066
45.849
37.754
26.862
15.341
7.1593
3.3774
2.958
4.6699
7.8664
11.632
15.269
18.063
19.687
20.127
19.623
18.712
17.833
17.382
17.542
18.149
18.935
19.494
19.544
18.901
18.612
19.749
22.787
27.285
32.387
37.33
41.691
45.326
47.778
49.588
50.806
50.067
42.735
38.364
29.565
19.214
10.953
5.6967
3.1863
2.9542
4.7089
7.9264
11.83
15.492
18.283
19.799
20.111
19.5
18.478
17.508
17
17.135
17.769
18.631
19.279
19.433
18.981
18.672
19.204
20.998
23.849
27.254
30.726
34.082
36.97
39.393
41.907
43.576
42.735
37.856
32.289
24.632
17.45
11.69
7.5997
5.2119
5.0068
6.8754
10.233
14.213
17.898
20.609
22.054
22.223
21.48
20.354
19.346
18.851
19.017
19.802
20.795
21.629
21.831
21.377
20.644
20.172
20.501
21.667
23.478
25.714
28.225
30.655
33.682
36.986
38.957
37.856
34.326
30.165
25.061
19.858
14.988
10.946
8.5996
8.4478
10.452
13.882
17.906
21.581
24.247
25.577
25.63
24.8
23.633
22.653
22.267
22.595
23.538
24.746
25.681
25.928
25.188
23.827
22.354
21.306
20.919
21.373
22.533
24.162
26.871
30.822
34.556
36.08
34.326
34.503
31.969
28.226
23.673
18.908
14.836
12.485
12.38
14.48
18.015
22.027
25.638
28.21
29.439
29.355
28.493
27.367
26.501
26.34
26.882
28.032
29.376
30.43
30.587
29.584
27.54
25.067
22.75
21.069
20.171
20.134
21.851
25.49
30.043
33.755
35.269
34.502
36.726
35.103
31.827
27.37
22.54
18.436
16.061
16.037
18.173
21.677
25.621
29.093
31.562
32.712
32.664
31.847
30.839
30.144
30.144
30.961
32.31
33.786
34.81
34.888
33.582
31.003
27.63
24.178
21.245
19.438
19.444
21.784
26.018
30.718
34.502
36.571
36.726
39.027
37.718
34.607
30.165
25.298
21.112
18.752
18.722
20.788
24.233
28.011
31.438
33.841
34.971
34.969
34.253
33.405
32.908
33.09
34.044
35.616
37.158
38.15
38.04
36.505
33.516
29.578
25.391
21.824
19.821
20.103
22.824
27.171
31.895
35.878
38.402
39.028
40.294
39.185
36.156
31.677
26.766
22.576
20.171
20.063
22.043
25.286
29.032
32.382
34.762
35.926
36.028
35.471
34.782
34.454
34.794
35.866
37.412
39.022
39.942
39.67
37.88
34.632
30.45
25.994
22.284
20.289
20.707
23.489
27.818
32.54
36.653
39.385
40.294
40.403
39.38
36.371
31.912
26.969
22.756
20.302
20.109
21.894
25.094
28.734
32.052
34.463
35.719
35.961
35.569
35.029
34.803
35.212
36.289
37.784
39.243
40.039
39.683
37.777
34.398
30.074
25.616
21.923
19.992
20.436
23.177
27.442
32.176
36.395
39.31
40.404
39.576
38.612
35.586
31.098
26.157
21.928
19.444
19.162
20.868
23.958
27.542
30.871
33.363
34.746
35.138
34.889
34.45
34.257
34.614
35.594
36.953
38.222
38.886
38.368
36.385
33.073
28.819
24.404
20.816
18.999
19.452
22.136
26.328
31.032
35.329
38.376
39.576
38.344
37.348
34.277
29.766
24.842
20.639
18.129
17.738
19.407
22.464
26.07
29.476
32.083
33.607
34.105
33.953
33.57
33.325
33.52
34.306
35.439
36.503
36.997
36.4
34.438
31.17
27.1
22.873
19.435
17.673
18.129
20.752
24.894
29.634
34.002
37.123
38.345
37.263
36.207
33.091
28.58
23.695
19.533
17.007
16.617
18.209
21.278
24.969
28.517
31.279
32.932
33.516
33.364
32.906
32.584
32.577
33.058
33.909
34.758
35.089
34.461
32.567
29.453
25.526
21.536
18.265
16.579
17.036
19.602
23.72
28.495
32.931
36.078
37.263
36.836
35.713
32.57
28.088
23.255
19.127
16.595
16.156
17.751
20.892
24.743
28.474
31.399
33.19
33.827
33.597
32.972
32.425
32.223
32.424
32.971
33.596
33.826
33.19
31.399
28.474
24.744
20.892
17.75
16.156
16.595
19.127
23.256
28.088
32.57
35.713
36.836
