78.527
76.918
72.177
64.645
55.028
44.411
34.544
27.59
24.852
25.467
28.081
31.37
34.521
36.984
38.434
38.686
38.103
37.25
36.836
37.249
38.102
38.685
38.434
36.984
34.521
31.369
28.081
25.468
24.852
27.589
34.543
44.41
55.027
64.644
72.177
76.918
78.527
76.91
73.99
68.002
59.377
48.883
37.906
28.612
23.228
21.964
23.631
26.707
30.29
33.529
35.95
37.216
37.261
36.543
35.782
35.714
36.418
37.395
37.968
37.667
36.244
33.883
30.881
27.971
25.997
26.449
30.609
38.45
48.285
58.23
66.85
73.172
76.619
76.91
72.155
67.987
60.865
51.263
40.169
29.435
21.548
18.056
18.177
20.602
24.061
27.717
30.863
33.048
33.894
33.63
32.781
32.225
32.57
33.606
34.777
35.493
35.226
33.907
31.734
29.003
26.427
25.211
26.654
31.84
39.972
49.384
58.466
65.96
71.016
73.156
72.155
64.607
59.34
51.244
40.95
29.848
20.291
14.438
12.658
13.877
16.731
20.355
23.89
26.768
28.505
28.862
28.268
27.451
27.295
28.088
29.487
30.89
31.737
31.608
30.451
28.396
25.939
23.791
23.244
25.582
31.231
39.153
47.86
55.896
62.168
65.945
66.814
64.607
54.957
48.817
40.106
29.802
19.752
12.156
8.3098
7.7611
9.514
12.508
16.057
19.311
21.746
22.919
22.935
22.268
21.758
22.072
23.255
24.926
26.498
27.44
27.423
26.418
24.547
22.32
20.667
20.657
23.474
29.002
36.31
44.034
50.887
55.886
58.434
58.187
54.957
44.302
37.781
29.283
20.149
12.121
6.5163
3.8622
3.8184
5.6353
8.5653
11.779
14.666
16.688
17.577
17.582
17.218
17.139
17.779
19.127
20.837
22.417
23.401
23.441
22.612
20.976
19.08
17.803
18.165
20.802
25.668
31.955
38.432
43.992
47.804
49.333
48.205
44.301
34.33
28.396
21.317
14.206
8.1561
3.8193
1.5169
1.3458
2.8807
5.5043
8.4118
11.026
12.899
13.948
14.302
14.406
14.656
15.376
16.595
18.093
19.544
20.459
20.611
20.014
18.703
17.202
16.125
16.331
18.258
21.976
26.871
31.954
36.262
39.102
39.857
38.276
34.331
27.257
22.859
17.672
12.389
7.551
3.6479
1.2418
0.64186
1.748
4.0353
6.7955
9.4088
11.458
12.871
13.636
14.114
14.556
15.199
16.156
17.288
18.462
19.403
19.722
19.427
18.397
17.056
15.833
15.416
16.339
18.642
21.978
25.657
28.899
31.081
31.614
30.305
27.256
24.325
21.496
17.763
13.508
9.1437
5.3614
2.7074
1.6451
2.4185
4.4684
7.2282
9.9721
12.374
14.102
15.33
16.112
16.67
17.158
17.751
18.575
19.525
20.497
21.013
20.813
19.888
18.335
16.743
15.595
15.374
16.324
18.224
20.711
23.255
25.308
26.293
25.97
24.325
24.886
23.034
19.993
16.204
12.058
8.1768
5.191
3.862
4.3851
6.4752
9.2833
12.252
14.89
17.072
18.644
19.676
20.267
20.602
20.892
21.483
22.311
23.234
23.747
23.485
22.323
20.55
18.489
16.709
15.558
15.348
16.194
17.942
20.308
22.746
24.613
25.407
24.886
27.264
25.927
23.311
19.682
15.465
11.291
8.0431
6.4792
7.0604
9.1441
12.18
15.378
18.42
20.972
22.854
24.049
24.588
24.706
24.743
25.113
25.926
26.693
27.032
26.534
25.142
23.098
20.749
18.419
16.637
15.663
15.848
17.439
20.104
23.164
25.755
27.233
27.263
30.396
29.343
26.854
23.131
18.689
14.11
10.547
9.0109
9.6408
12.023
15.247
18.842
22.277
25.157
27.282
28.45
28.837
28.667
28.474
28.69
29.406
30.058
30.132
29.421
27.875
25.632
23.02
20.337
18.104
16.719
16.753
18.501
21.613
25.118
28.096
29.948
30.396
33.432
32.483
29.986
25.973
21.014
16.064
12.37
10.982
11.915
14.534
18.18
22.157
25.944
29.058
31.219
32.241
32.272
31.793
31.399
31.571
32.225
32.68
32.642
31.813
30.126
27.801
24.988
22.068
19.456
17.92
18.077
20.209
23.674
27.437
30.65
32.758
33.432
35.816
34.892
32.075
27.615
22.179
16.891
13.308
12.239
13.619
16.601
20.625
24.944
28.968
32.145
34.132
34.784
34.392
33.621
33.19
33.384
33.911
34.399
34.281
33.422
31.736
29.283
26.288
23.101
20.261
18.74
19.204
21.667
25.361
29.297
32.715
35.013
35.816
37.248
36.111
32.918
28.003
22.124
16.797
13.529
12.968
14.758
18.104
22.432
26.962
31.015
34.036
35.643
35.829
35.063
34.172
33.827
34.107
34.68
35.175
35.07
34.246
32.556
29.959
26.746
23.299
20.405
18.939
19.687
22.388
26.235
30.332
33.968
36.426
37.247
37.529
36.21
32.656
27.342
21.371
16.343
13.522
13.359
15.464
19.067
23.545
28.096
31.984
34.642
35.774
35.538
34.593
33.786
33.596
34.012
34.628
35.09
35.133
34.319
32.546
29.821
26.357
22.713
19.792
18.547
19.456
22.268
26.208
30.459
34.194
36.747
37.529
36.982
35.47
31.751
26.444
20.768
16.165
13.706
13.749
15.954
19.619
24.049
28.422
32.001
34.222
34.98
34.56
33.666
33.018
32.972
33.464
34.089
34.584
34.613
33.87
32.019
29.127
25.514
21.781
18.844
17.589
18.486
21.281
25.28
29.65
33.572
36.219
36.981
36.099
34.663
31.127
26.2
20.984
16.73
14.396
14.338
16.407
19.97
24.162
28.248
31.491
33.45
34.074
33.72
32.983
32.442
32.424
32.811
33.391
33.929
34.007
33.244
31.417
28.422
24.678
20.897
17.851
16.427
17.101
19.748
23.779
28.311
32.427
35.243
36.099
35.677
34.549
31.398
26.931
22.128
18.049
15.596
15.27
17.003
20.288
24.278
28.088
31.142
33.023
33.722
33.525
32.918
32.386
32.223
32.386
32.918
33.525
33.722
33.023
31.142
28.089
24.278
20.288
17.003
15.27
15.596
18.048
22.128
26.931
31.398
34.549
35.677
