88.496
86.973
83.033
77.687
71.245
63.307
53.913
43.981
35.615
31.163
30.945
33.153
35.631
37.199
37.719
37.353
36.642
35.955
35.677
35.955
36.642
37.353
37.719
37.2
35.63
33.153
30.946
31.163
35.615
43.981
53.913
63.306
71.243
77.685
83.033
86.972
88.494
86.973
84.715
81.211
76.555
69.869
60.537
49.119
37.586
29.355
26.764
28.303
31.485
34.3
36.096
36.655
36.325
35.601
34.871
34.549
34.786
35.447
36.216
36.684
36.326
35.021
33.069
31.94
33.338
38.269
45.815
54.403
62.942
70.914
78.132
83.887
86.99
86.972
83.033
81.211
78.368
73.34
64.919
53.097
39.319
27.288
21.407
21.513
24.575
28.231
31.17
33.005
33.585
33.286
32.496
31.733
31.397
31.646
32.326
33.218
33.823
33.649
32.63
31.177
30.687
32.534
37.227
44.205
52.523
61.511
70.36
77.834
82.509
83.887
83.033
77.687
76.555
73.34
66.452
55.282
40.615
25.609
16.277
14.099
16.282
20.062
23.78
26.767
28.529
29.094
28.782
27.986
27.234
26.931
27.221
27.993
28.983
29.637
29.656
28.794
27.576
27.334
29.289
34.046
41.351
50.451
60.248
69.113
75.186
77.834
78.132
77.685
71.245
69.869
64.919
55.282
41.076
24.698
12.541
7.8179
8.3613
11.458
15.306
18.989
21.918
23.647
24.232
23.885
23.101
22.384
22.128
22.475
23.3
24.313
24.989
25.035
24.212
23.041
23.004
25.416
30.894
39.046
48.803
58.275
65.361
69.113
70.36
70.914
71.243
63.307
60.537
53.097
40.615
24.698
11.195
4.1866
2.5951
4.2707
7.4964
11.303
15.008
17.855
19.574
20.127
19.772
18.991
18.288
18.049
18.406
19.222
20.181
20.803
20.805
19.97
18.944
19.479
22.678
28.9
37.367
46.379
53.777
58.275
60.248
61.511
62.942
63.306
53.913
49.119
39.319
25.609
12.541
4.1866
0.46036
0.18922
1.9821
5.2174
9.1208
12.781
15.65
17.369
17.846
17.443
16.611
15.873
15.596
15.915
16.689
17.592
18.154
18.114
17.355
16.744
17.837
21.468
27.574
34.929
41.679
46.379
48.803
50.451
52.523
54.403
53.913
43.981
37.586
27.288
16.277
7.8179
2.5951
0.18922
0
1.8711
5.19
9.1786
12.921
15.833
17.473
17.869
17.333
16.401
15.577
15.27
15.549
16.327
17.211
17.859
17.789
17.171
16.84
17.899
21.019
25.703
30.788
34.929
37.367
39.046
41.351
44.205
45.815
43.981
35.615
29.355
21.407
14.099
8.3613
4.2707
1.9821
1.8711
3.8276
7.3612
11.428
15.266
18.14
19.663
19.951
19.31
18.267
17.372
17.003
17.33
18.168
19.15
19.883
19.869
19.26
18.689
18.975
20.531
23.096
25.703
27.574
28.9
30.894
34.046
37.227
38.269
35.615
31.163
26.764
21.513
16.282
11.458
7.4964
5.2174
5.19
7.3612
10.963
15.145
18.968
21.744
23.202
23.372
22.618
21.512
20.605
20.288
20.692
21.693
22.843
23.659
23.74
22.851
21.635
20.639
20.273
20.531
21.019
21.468
22.678
25.416
29.289
32.534
33.338
31.163
30.945
28.303
24.575
20.062
15.306
11.303
9.1208
9.1786
11.428
15.145
19.33
23.074
25.811
27.152
27.234
26.36
25.254
24.414
24.278
24.85
25.99
27.316
28.24
28.255
27.139
25.056
22.744
20.639
18.975
17.899
17.837
19.479
23.004
27.334
30.687
31.94
30.946
33.153
31.485
28.231
23.78
18.989
15.008
12.781
12.921
15.266
18.968
23.074
26.781
29.422
30.646
30.674
29.878
28.821
28.112
28.089
28.9
30.212
31.628
32.615
32.561
31.127
28.426
25.056
21.635
18.689
16.84
16.744
18.944
23.041
27.576
31.177
33.069
33.153
35.631
34.3
31.17
26.767
21.918
17.855
15.65
15.833
18.14
21.744
25.811
29.422
31.985
33.173
33.209
32.478
31.557
30.996
31.142
32.069
33.582
35.059
36.043
35.857
34.189
31.127
27.139
22.851
19.26
17.171
17.355
19.97
24.212
28.794
32.63
35.021
35.63
37.199
36.096
33.005
28.529
23.647
19.574
17.369
17.473
19.663
23.202
27.152
30.646
33.173
34.419
34.555
33.949
33.164
32.749
33.024
34.046
35.567
37.103
37.983
37.705
35.857
32.561
28.255
23.74
19.869
17.789
18.114
20.805
25.035
29.656
33.649
36.326
37.2
37.719
36.655
33.585
29.094
24.232
20.127
17.846
17.869
19.951
23.372
27.234
30.674
33.209
34.555
34.82
34.369
33.724
33.394
33.722
34.747
36.209
37.675
38.433
37.983
36.043
32.615
28.24
23.659
19.883
17.859
18.154
20.803
24.989
29.637
33.823
36.684
37.719
37.353
36.325
33.286
28.782
23.885
19.772
17.443
17.333
19.31
22.618
26.36
29.878
32.478
33.949
34.369
34.091
33.553
33.234
33.526
34.46
35.776
37.016
37.675
37.103
35.059
31.628
27.316
22.843
19.15
17.211
17.592
20.181
24.313
28.983
33.218
36.216
37.353
36.642
35.601
32.496
27.986
23.101
18.991
16.611
16.401
18.267
21.512
25.254
28.821
31.557
33.164
33.724
33.553
33.142
32.795
32.918
33.648
34.746
35.776
36.209
35.567
33.582
30.212
25.99
21.693
18.168
16.327
16.689
19.222
23.3
27.993
32.326
35.447
36.642
35.955
34.871
31.733
27.234
22.384
18.288
15.873
15.577
17.372
20.605
24.414
28.112
30.996
32.749
33.394
33.234
32.795
32.469
32.386
32.803
33.648
34.46
34.747
34.046
32.069
28.9
24.85
20.692
17.33
15.549
15.915
18.406
22.475
27.221
31.646
34.786
35.955
35.677
34.549
31.397
26.931
22.128
18.049
15.596
15.27
17.003
20.288
24.278
28.089
31.142
33.024
33.722
33.526
32.918
32.386
32.224
32.386
32.918
33.526
33.722
33.024
31.142
28.089
24.278
20.288
17.003
15.27
15.596
18.049
22.128
26.931
31.397
34.549
35.677
