43.1865
42.4381
40.1955
36.554
31.7216
26.0196
20.0596
15.1488
13.0993
13.8547
15.7041
17.349
18.2684
18.2529
17.3593
15.7945
13.9339
12.3623
11.7336
12.3625
13.934
15.795
17.3594
18.2527
18.2662
17.349
15.7035
13.8556
13.1002
15.1466
20.0573
26.0188
31.7214
36.5538
40.194
42.4364
43.1862
43.1667
41.7263
38.8413
34.6246
29.3137
23.3625
17.6463
13.9835
13.4706
14.9194
16.7887
18.2231
18.8388
18.5454
17.4342
15.7386
13.9443
12.6954
12.5455
13.5401
15.2221
16.961
18.2769
18.8868
18.62
17.4719
15.7452
14.2693
14.6764
18.1397
23.5627
29.2777
34.4474
38.6489
41.5831
43.1046
43.1674
43.1169
41.0997
37.7178
33.1185
27.5933
21.7467
16.9694
14.9081
15.4627
17.1291
18.8299
19.974
20.3378
19.8568
18.6399
16.9841
15.4349
14.6066
14.8372
15.9739
17.5485
19.0339
20.0801
20.4209
19.9499
18.693
17.1404
16.377
18.0477
22.3023
27.5933
32.7617
37.2435
40.6899
42.8799
43.7119
43.1173
43.1578
40.7473
37.1016
32.3615
26.9185
21.7386
18.3906
17.6513
18.6314
20.2145
21.6698
22.5962
22.8087
22.2602
21.0883
19.6243
18.3966
17.8999
18.2785
19.3286
20.6547
21.8721
22.6718
22.8406
22.2799
21.1387
19.9835
20.0976
22.6503
26.9779
31.745
36.1675
39.858
42.5382
44.0422
44.2612
43.158
43.4692
40.9275
37.2381
32.6399
27.7309
23.685
21.6662
21.5834
22.6062
24.0028
25.2531
26.0632
26.2509
25.7675
24.7606
23.5332
22.5549
22.1646
22.4526
23.2647
24.3278
25.3188
25.9864
26.13
25.677
24.8042
24.1767
24.9831
27.7772
31.6555
35.6386
39.2346
42.1454
44.1343
45.0611
44.848
43.4681
44.2345
41.7767
38.3386
34.2182
30.19
27.32
26.0486
26.1335
27.0286
28.2564
29.4276
30.245
30.5296
30.2028
29.3623
28.2891
27.3562
26.8662
26.9308
27.4786
28.3361
29.2286
29.9212
30.2055
30.0124
29.4799
29.2647
30.3007
32.7541
35.8846
39.0021
41.7756
43.9752
45.4155
45.9869
45.614
44.2342
45.4821
43.3868
40.4348
37.039
33.9481
31.8117
30.7949
30.7999
31.5611
32.7088
33.8994
34.8252
35.2573
35.0541
34.281
33.1905
32.1389
31.4332
31.2619
31.6234
32.3862
33.3333
34.2032
34.7548
34.8557
34.5857
34.4876
35.2665
37.0422
39.2776
41.5241
43.5709
45.2324
46.3744
46.8805
46.6327
45.4817
47.1161
45.513
43.1661
40.4912
38.0393
36.1996
35.2292
35.1021
35.7299
36.8556
38.1411
39.1859
39.6977
39.5013
38.642
37.4084
36.1742
35.283
34.9535
35.2416
36.056
37.1792
38.3148
39.1484
39.4614
39.2505
38.9589
39.1593
40.0934
41.4492
42.9393
44.4454
45.8231
46.96
47.6857
47.7856
47.1166
48.5683
47.4701
45.656
43.4756
41.3892
39.7405
38.6774
38.3781
38.8642
39.9797
41.3209
42.4206
42.8916
42.5476
41.5361
40.1408
38.7767
37.8102
37.4497
37.7983
38.7773
40.1257
41.4954
42.4892
42.8467
42.5162
41.8444
41.3796
41.4797
42.073
43.0095
44.202
45.5793
46.9764
48.126
48.7734
48.5678
49.0769
48.3633
46.9357
45.1612
43.3277
41.7371
40.5936
40.0831
40.3388
41.333
42.6088
43.6048
43.9382
43.4595
42.3092
40.8241
39.4248
38.4788
38.2254
38.7408
39.8802
41.4044
42.8735
43.8873
44.1189
43.5589
42.513
41.4789
40.9164
40.9544
41.5635
42.7201
44.3273
46.1362
47.8326
48.8926
49.0769
47.989
47.634
46.6247
45.1673
43.5568
41.9661
40.632
39.8057
39.718
40.3863
41.4587
42.2751
42.4309
41.8245
40.6081
39.1496
37.8477
37.05
36.9583
37.6307
38.8949
40.4433
41.8498
42.7064
42.7513
41.9516
40.6327
39.2699
38.3173
38.0447
38.5678
39.9026
41.8394
44.1112
46.1399
47.4992
47.9905
45.3842
45.4423
44.7838
43.6178
42.1044
40.4474
38.8171
37.5267
36.8977
37.0905
37.8182
38.3994
38.4144
37.7433
36.5941
35.2905
34.1776
33.5747
33.6387
34.3841
35.6486
37.103
38.3137
38.9312
38.7574
37.8213
36.4083
34.9323
33.8623
33.5294
34.1416
35.7077
37.9852
40.5553
42.8527
44.5076
45.3896
41.7698
42.2311
41.8892
40.8723
39.3264
37.4133
35.3523
33.4479
32.1324
31.7429
32.0765
32.4792
32.4434
31.8592
30.8978
29.8201
28.9209
28.4462
28.5778
29.3044
30.4421
31.6827
32.6694
33.0752
32.7631
31.8097
30.434
29.0186
28.0035
27.7453
28.5004
30.31
32.8661
35.7441
38.4035
40.4674
41.7665
37.8848
38.6301
38.4362
37.3875
35.6166
33.2845
30.6014
27.9432
25.8847
24.9498
25.0269
25.3869
25.4493
25.0744
24.3567
23.4978
22.7517
22.3354
22.4015
22.9773
23.9195
24.9497
25.7444
26.0451
25.7436
24.8471
23.5853
22.2973
21.3699
21.2149
22.1035
24.1668
27.1477
30.4776
33.6225
36.1621
37.8851
34.3156
35.1567
34.904
33.6175
31.4182
28.4635
25.0182
21.5583
18.8466
17.6151
17.6907
18.1769
18.4353
18.2996
17.7988
17.0914
16.3922
15.9197
15.8385
16.2122
16.9593
17.8545
18.6092
18.9226
18.6691
17.9011
16.7512
15.5692
14.6797
14.5822
15.679
18.2006
21.784
25.7082
29.3688
32.3443
34.3153
31.4105
32.1427
31.6159
29.8921
27.0764
23.3587
19.1098
14.9489
11.8748
10.7345
11.0553
11.7699
12.2475
12.2875
11.9204
11.2746
10.5359
9.91691
9.63879
9.84473
10.5204
11.4159
12.2131
12.6039
12.4287
11.7343
10.6635
9.5141
8.65186
8.64191
10.1424
13.3694
17.677
22.191
26.2522
29.4365
31.4109
29.3989
29.775
28.7601
26.4322
22.873
18.3969
13.457
8.9095
5.95608
5.25302
5.91425
6.85022
7.47566
7.61975
7.29721
6.62327
5.76216
4.96949
4.54569
4.69676
5.44243
6.42946
7.28755
7.73008
7.60768
6.94823
5.89328
4.71227
3.86077
4.12463
6.34954
10.4004
15.3688
20.2926
24.5277
27.6193
29.3981
28.2318
28.0806
26.471
23.4372
19.2008
14.1016
8.77521
4.28172
1.88508
1.75142
2.74551
3.81115
4.49879
4.6725
4.33076
3.56748
2.56829
1.64648
1.18631
1.43061
2.28726
3.3702
4.2572
4.69531
4.56183
3.89343
2.82858
1.62424
0.895164
1.70634
4.80052
9.63837
15.0302
20.0494
24.1209
26.8947
28.2316
27.8575
27.1006
24.8415
21.2052
16.4368
11.0029
5.70211
1.7474
0.1684
0.566662
1.72039
2.81832
3.50922
3.66974
3.27329
2.42263
1.33307
0.403671
0
0.403697
1.33331
2.42302
3.27371
3.66969
3.50932
2.81813
1.71989
0.567896
0.168793
1.74753
5.70159
11.0014
16.4364
21.2034
24.8413
27.0995
27.8573
