75.525
73.984
69.886
63.903
56.267
47.487
39.425
34.663
33.069
34.314
38.268
42.222
44.195
43.716
41.203
37.513
33.844
31.199
30.239
31.198
33.844
37.513
41.202
43.717
44.195
42.221
38.268
34.314
33.069
34.663
39.425
47.487
56.268
63.902
69.886
73.984
75.523
74.187
72.135
67.859
61.43
53.029
43.852
36.503
31.98
30.238
33.091
37.876
41.792
43.46
42.741
40.037
36.352
32.752
30.105
29.169
30.278
33.152
36.978
40.575
42.876
43.125
40.958
37.316
34.316
33.231
35.029
40.952
49.094
57.162
64.194
69.808
73.446
74.187
70.468
68.315
63.815
56.734
47.598
38.588
31.537
26.237
26.599
30.94
35.994
39.634
41.048
40.029
37.152
33.363
29.61
26.978
26.313
27.833
31.007
34.879
38.343
40.393
40.388
38.15
34.947
32.101
31.107
34.254
40.836
48.557
55.907
62.364
67.488
70.332
70.468
64.981
62.834
57.908
50.016
40.549
31.774
23.239
20.257
22.919
27.928
32.756
36.08
37.126
35.819
32.679
28.626
24.862
22.596
22.462
24.44
27.753
31.52
34.777
36.579
36.333
34.08
30.801
27.903
28.237
32.548
39.087
46.057
52.668
58.552
62.897
64.915
64.982
58.302
56.076
50.468
41.894
32.614
21.718
15.347
15.452
19.266
24.177
28.676
31.573
32.219
30.51
27.035
22.989
19.648
18.041
18.434
20.58
23.848
27.422
30.388
31.93
31.41
28.84
25.369
23.477
25.225
29.933
35.856
41.978
47.797
52.826
56.252
58.077
58.302
51.201
48.534
42.205
33.604
25.345
12.871
10.11
11.921
15.839
20.34
24.35
26.763
26.893
24.823
21.399
17.883
15.277
14.211
14.86
16.948
20.012
23.294
25.947
27.058
26.096
23.273
20.403
19.893
22.331
26.627
31.615
36.762
41.682
45.736
48.674
50.815
51.201
44.357
41.179
34.642
26.215
13.071
8.1377
7.4868
9.5129
13.021
17.049
20.446
22.334
22.103
20.224
17.446
14.667
12.616
11.768
12.32
14.169
16.951
19.835
21.976
22.651
21.499
19.197
17.421
17.639
19.778
23.065
26.99
31.126
35.048
38.374
41.541
44.029
44.358
38.62
33.803
24.567
15.797
9.7571
6.9303
6.5902
8.2026
11.159
14.64
17.626
19.325
19.428
18.11
16.027
13.734
11.782
10.777
11.027
12.515
14.88
17.36
19.179
19.857
19.224
17.768
16.712
16.715
17.846
19.989
22.793
25.873
28.864
32.162
35.854
38.575
38.62
32.445
26.867
20.199
14.397
10.201
7.7172
6.8881
7.9751
10.487
13.747
16.814
18.856
19.505
18.735
16.924
14.601
12.433
11.093
10.931
12.046
14.107
16.477
18.507
19.687
19.7
18.766
17.588
16.733
16.672
17.585
19.187
21.081
23.83
27.719
31.842
34.233
32.445
28.565
24.858
20.471
16.202
12.34
9.4273
8.1708
8.9081
11.368
14.78
18.178
20.666
21.652
21.028
19.101
16.551
14.083
12.408
11.979
12.927
14.983
17.613
20.07
21.745
22.077
20.979
19.115
17.19
15.866
15.379
15.659
17.162
20.452
24.911
28.868
30.25
28.565
28.331
26.141
22.882
18.886
14.801
11.567
10.056
10.742
13.337
17.01
20.686
23.36
24.387
23.658
21.52
18.755
16.092
14.273
13.777
14.78
17.014
19.902
22.705
24.52
24.802
23.329
20.686
17.701
15.127
13.515
13.284
15.071
18.861
23.506
27.224
28.866
28.331
29.77
28.304
25.215
21.051
16.696
13.263
11.722
12.468
15.217
19.048
22.843
25.554
26.509
25.626
23.356
20.415
17.663
15.849
15.436
16.577
18.976
22.045
24.869
26.672
26.77
25.051
21.89
18.132
14.81
12.7
12.542
14.737
18.784
23.387
27.209
29.428
29.77
30.85
29.584
26.436
22.047
17.479
13.931
12.361
13.171
16.015
19.934
23.77
26.427
27.318
26.316
23.956
20.982
18.226
16.442
16.14
17.352
19.831
22.886
25.676
27.404
27.421
25.556
22.205
18.215
14.609
12.47
12.546
14.929
18.966
23.522
27.509
30.112
30.85
30.603
29.378
26.156
21.625
16.931
13.281
11.687
12.54
15.38
19.28
23.065
25.694
26.513
25.537
23.171
20.198
17.484
15.744
15.459
16.742
19.184
22.177
24.888
26.515
26.505
24.649
21.299
17.349
13.825
11.767
11.881
14.241
18.188
22.72
26.844
29.663
30.603
28.994
27.816
24.537
19.94
15.16
11.487
9.8991
10.692
13.489
17.297
20.994
23.556
24.392
23.449
21.15
18.262
15.625
13.938
13.667
14.864
17.237
20.102
22.711
24.276
24.248
22.491
19.284
15.441
12.05
10.059
10.177
12.426
16.248
20.743
24.936
27.915
28.994
26.563
25.418
22.114
17.465
12.684
9.0354
7.4477
8.1899
10.856
14.523
18.117
20.627
21.478
20.631
18.46
15.705
13.163
11.505
11.192
12.292
14.486
17.234
19.724
21.285
21.294
19.672
16.644
13.002
9.7143
7.724
7.7548
9.8577
13.561
18.029
22.294
25.393
26.563
24.053
22.88
19.563
14.932
10.206
6.608
5.009
5.656
8.1702
11.692
15.18
17.663
18.583
17.847
15.834
13.231
10.773
9.1191
8.7259
9.6683
11.723
14.304
16.748
18.292
18.428
16.938
14.094
10.597
7.3818
5.3921
5.2959
7.2475
10.846
15.307
19.648
22.844
24.053
22.156
20.97
17.655
13.08
8.4365
4.8824
3.2461
3.7772
6.1384
9.5181
12.93
15.453
16.439
15.853
14
11.513
9.115
7.4294
6.9269
7.7126
9.5964
12.075
14.457
16.096
16.362
15.043
12.364
8.9445
5.7409
3.6544
3.4164
5.2344
8.7722
13.262
17.691
20.948
22.156
21.454
20.258
16.962
12.455
7.902
4.374
2.6671
3.0558
5.2591
8.5344
11.916
14.498
15.64
15.192
13.477
11.065
8.6646
6.9055
6.2686
6.905
8.6653
11.065
13.477
15.193
15.64
14.498
11.915
8.5344
5.2591
3.0555
2.6665
4.3739
7.902
12.455
16.962
20.258
21.454
