  72.85857
  71.31745
  67.21934
  61.23640
  53.60090
  44.82009
  36.75810
  31.99642
  30.40242
  31.64725
  35.60112
  39.55570
  41.52850
  41.04911
  38.53599
  34.84637
  31.17739
  28.53220
  27.57287
  28.53105
  31.17789
  34.84637
  38.53541
  41.05001
  41.52850
  39.55400
  35.60115
  31.64717
  30.40234
  31.99639
  36.75797
  44.82017
  53.60132
  61.23582
  67.21923
  71.31719
  72.85663
  71.52033
  69.46845
  65.19266
  58.76365
  50.36221
  41.18564
  33.83629
  29.31318
  27.57132
  30.42440
  35.20977
  39.12536
  40.79334
  40.07408
  37.37058
  33.68569
  30.08555
  27.43871
  26.50240
  27.61110
  30.48547
  34.31124
  37.90886
  40.20972
  40.45806
  38.29100
  34.64909
  31.64993
  30.56426
  32.36286
  38.28551
  46.42774
  54.49567
  61.52738
  67.14189
  70.77959
  71.52038
  67.80196
  65.64866
  61.14884
  54.06787
  44.93128
  35.92183
  28.87026
  23.57061
  23.93209
  28.27396
  33.32713
  36.96788
  38.38108
  37.36257
  34.48544
  30.69693
  26.94341
  24.31171
  23.64622
  25.16621
  28.34054
  32.21208
  35.67674
  37.72649
  37.72121
  35.48298
  32.28031
  29.43472
  28.43999
  31.58794
  38.16899
  45.89062
  53.24013
  59.69736
  64.82160
  67.66570
  67.80167
  62.31475
  60.16740
  55.24102
  47.34971
  37.88245
  29.10742
  20.57200
  17.59090
  20.25277
  25.26188
  30.08960
  33.41335
  34.45921
  33.15219
  30.01251
  25.95974
  22.19537
  19.92949
  19.79559
  21.77351
  25.08647
  28.85385
  32.11055
  33.91248
  33.66660
  31.41358
  28.13404
  25.23625
  25.57090
  29.88155
  36.42004
  43.39043
  50.00144
  55.88576
  60.23094
  62.24819
  62.31501
  55.63498
  53.40934
  47.80098
  39.22720
  29.94708
  19.05100
  12.68038
  12.78534
  16.59986
  21.51091
  26.00941
  28.90633
  29.55271
  27.84361
  24.36860
  20.32232
  16.98187
  15.37422
  15.76705
  17.91368
  21.18162
  24.75516
  27.72158
  29.26367
  28.74324
  26.17356
  22.70257
  20.81071
  22.55887
  27.26600
  33.18926
  39.31101
  45.13080
  50.15952
  53.58512
  55.41034
  55.63498
  48.53413
  45.86741
  39.53869
  30.93766
  22.67810
  10.20487
   7.44363
   9.25473
  13.17219
  17.67321
  21.68369
  24.09600
  24.22638
  22.15623
  18.73205
  15.21672
  12.61085
  11.54487
  12.19314
  14.28101
  17.34513
  20.62719
  23.28083
  24.39116
  23.42967
  20.60668
  17.73620
  17.22659
  19.66408
  23.96002
  28.94884
  34.09506
  39.01559
  43.06917
  46.00737
  48.14855
  48.53418
  41.69089
  38.51267
  31.97570
  23.54863
  10.40483
   5.47115
   4.82026
   6.84639
  10.35403
  14.38238
  17.77910
  19.66752
  19.43650
  17.55790
  14.77897
  12.00024
   9.94946
   9.10111
   9.65328
  11.50274
  14.28479
  17.16862
  19.30948
  19.98473
  18.83208
  16.53010
  14.75434
  14.97197
  17.11193
  20.39803
  24.32368
  28.45961
  32.38137
  35.70701
  38.87460
  41.36223
  41.69100
  35.95373
  31.13651
  21.90061
  13.13086
   7.09053
   4.26379
   3.92368
   5.53605
   8.49268
  11.97391
  14.95897
  16.65798
  16.76159
  15.44324
  13.36054
  11.06793
   9.11508
   8.11012
   8.36085
   9.84878
  12.21380
  14.69324
  16.51240
  17.19086
  16.55701
  15.10111
  14.04572
  14.04824
  15.17899
  17.32216
  20.12645
  23.20616
  26.19700
  29.49531
  33.18700
  35.90860
  35.95362
  29.77797
  24.20078
  17.53291
  11.73021
   7.53419
   5.05070
   4.22157
   5.30852
   7.82018
  11.08042
  14.14706
  16.18928
  16.83891
  16.06827
  14.25767
  11.93403
   9.76636
   8.42628
   8.26463
   9.37944
  11.44051
  13.81037
  15.84011
  17.02004
  17.03309
  16.09943
  14.92187
  14.06690
  14.00562
  14.91883
  16.52062
  18.41405
  21.16339
  25.05223
  29.17529
  31.56620
  29.77816
  25.89851
  22.19130
  17.80436
  13.53503
   9.67329
   6.76077
   5.50426
   6.24152
   8.70117
  12.11309
  15.51143
  17.99988
  18.98536
  18.36117
  16.43434
  13.88409
  11.41662
   9.74124
   9.31283
  10.26059
  12.31672
  14.94624
  17.40384
  19.07806
  19.41035
  18.31278
  16.44836
  14.52316
  13.19920
  12.71212
  12.99242
  14.49536
  17.78585
  22.24421
  26.20147
  27.58308
  25.89851
  25.66460
  23.47428
  20.21556
  16.21950
  12.13488
   8.90031
   7.38942
   8.07593
  10.67048
  14.34395
  18.01967
  20.69351
  21.72076
  20.99142
  18.85314
  16.08801
  13.42573
  11.60623
  11.10999
  12.11366
  14.34741
  17.23523
  20.03876
  21.85314
  22.13501
  20.66232
  18.01986
  15.03479
  12.46018
  10.84880
  10.61705
  12.40436
  16.19422
  20.83907
  24.55769
  26.19931
  25.66450
  27.10354
  25.63704
  22.54835
  18.38459
  14.02957
  10.59605
   9.05564
   9.80144
  12.55005
  16.38186
  20.17623
  22.88703
  23.84211
  22.95900
  20.68936
  17.74877
  14.99696
  13.18229
  12.76904
  13.91024
  16.30963
  19.37808
  22.20233
  24.00524
  24.10330
  22.38462
  19.22346
  15.46501
  12.14373
  10.03395
   9.87571
  12.07037
  16.11742
  20.72058
  24.54252
  26.76130
  27.10348
  28.18385
  26.91781
  23.76957
  19.38031
  14.81207
  11.26400
   9.69424
  10.50434
  13.34825
  17.26731
  21.10301
  23.76033
  24.65158
  23.64995
  21.28902
  18.31541
  15.55903
  13.77576
  13.47299
  14.68510
  17.16410
  20.21908
  23.00936
  24.73715
  24.75492
  22.88916
  19.53813
  15.54847
  11.94282
   9.80322
   9.87960
  12.26290
  16.29994
  20.85584
  24.84253
  27.44540
  28.18388
  27.93684
  26.71168
  23.48995
  18.95821
  14.26476
  10.61411
   9.02014
   9.87388
  12.71325
  16.61388
  20.39832
  23.02711
  23.84658
  22.87065
  20.50403
  17.53164
  14.81751
  13.07746
  12.79262
  14.07517
  16.51718
  19.51051
  22.22168
  23.84865
  23.83846
  21.98242
  18.63294
  14.68279
  11.15856
   9.09998
   9.21477
  11.57407
  15.52135
  20.05354
  24.17723
  26.99678
  27.93640
  26.32710
  25.14985
  21.87055
  17.27335
  12.49336
   8.82016
   7.23252
   8.02573
  10.82223
  14.63063
  18.32746
  20.88982
  21.72546
  20.78293
  18.48373
  15.59552
  12.95873
  11.27169
  11.00037
  12.19755
  14.57074
  17.43581
  20.04496
  21.60962
  21.58108
  19.82413
  16.61721
  12.77400
   9.38354
   7.39262
   7.51022
   9.75938
  13.58113
  18.07675
  22.26923
  25.24875
  26.32731
  23.89691
  22.75166
  19.44739
  14.79868
  10.01710
   6.36889
   4.78119
   5.52340
   8.18972
  11.85626
  15.45054
  17.96052
  18.81158
  17.96406
  15.79359
  13.03805
  10.49615
   8.83835
   8.52531
   9.62561
  11.81916
  14.56746
  17.05706
  18.61826
  18.62782
  17.00528
  13.97716
  10.33583
   7.04781
   5.05750
   5.08822
   7.19119
  10.89438
  15.36254
  19.62756
  22.72612
  23.89691
  21.38661
  20.21309
  16.89656
  12.26573
   7.53952
   3.94145
   2.34244
   2.98950
   5.50368
   9.02550
  12.51342
  14.99599
  15.91620
  15.18025
  13.16764
  10.56438
   8.10673
   6.45259
   6.05934
   7.00176
   9.05671
  11.63790
  14.08134
  15.62593
  15.76169
  14.27122
  11.42723
   7.93030
   4.71529
   2.72553
   2.62936
   4.58092
   8.17898
  12.64047
  16.98121
  20.17773
  21.38656
  19.48932
  18.30317
  14.98877
  10.41347
   5.76993
   2.21587
   0.57961
   1.11069
   3.47183
   6.85158
  10.26318
  12.78642
  13.77287
  13.18655
  11.33352
   8.84691
   6.44846
   4.76289
   4.26032
   5.04605
   6.92985
   9.40806
  11.79083
  13.42956
  13.69500
  12.37666
   9.69778
   6.27799
   3.07436
   0.98790
   0.74990
   2.56784
   6.10571
  10.59515
  15.02408
  18.28120
  19.48945
  18.78761
  17.59130
  14.29551
   9.78860
   5.23543
   1.70742
   0.00053
   0.38928
   2.59258
   5.86786
   9.24922
  11.83147
  12.97328
  12.52529
  10.81071
   8.39827
   5.99809
   4.23895
   3.60208
   4.23848
   5.99874
   8.39819
  10.81065
  12.52621
  12.97325
  11.83155
   9.24885
   5.86789
   2.59258
   0.38892
   0.00000
   1.70736
   5.23546
   9.78836
  14.29543
  17.59132
  18.78755
