79.921
77.803
71.801
62.883
52.362
41.773
32.889
27.448
26.25
28.191
31.429
34.337
35.833
35.319
32.873
29.254
25.451
22.548
21.454
22.548
25.451
29.254
32.873
35.319
35.833
34.337
31.429
28.19
26.25
27.448
32.888
41.772
52.362
62.883
71.8
77.802
79.918
77.801
74.465
67.39
57.584
46.45
35.736
27.487
23.409
23.485
26.206
29.819
32.965
34.477
33.891
31.341
27.618
23.807
21.074
20.257
21.564
24.531
28.255
31.792
34.158
34.696
33.359
30.734
28.043
27.067
29.487
35.712
44.628
54.675
64.322
72.159
76.953
77.802
71.801
67.39
59.426
48.979
37.602
27.354
20.446
17.999
19.168
22.406
26.206
29.383
30.819
30.059
27.347
23.597
19.904
17.451
16.962
18.458
21.431
25.077
28.486
30.794
31.396
30.299
28.067
26.037
26.037
29.305
35.725
44.229
53.454
62.025
68.647
72.159
71.801
62.883
57.584
48.979
38.256
27.226
18.219
13.114
12.079
14.003
17.451
21.285
24.285
25.488
24.528
21.758
18.077
14.699
12.643
12.455
14.07
17.014
20.548
23.845
26.086
26.791
25.957
24.171
22.866
23.623
27.214
33.36
41.127
49.303
56.667
62.025
64.322
62.883
52.361
46.45
37.602
27.226
17.385
10.21
6.7511
6.6259
8.8403
12.316
15.986
18.743
19.672
18.575
15.901
12.519
9.5729
7.8949
7.9018
9.5189
12.356
15.724
18.915
21.138
21.986
21.458
20.199
19.487
20.584
23.985
29.458
36.213
43.193
49.303
53.453
54.675
52.361
41.772
35.736
27.354
18.218
10.21
4.709
2.2093
2.4353
4.6195
7.9739
11.429
13.932
14.751
13.772
11.398
8.4541
5.8646
4.3876
4.3739
5.8512
8.5009
11.708
14.806
17.101
18.186
18.065
17.291
16.837
17.711
20.472
24.939
30.488
36.213
41.126
44.228
44.628
41.772
32.888
27.486
20.446
13.113
6.7507
2.2091
0
0.15238
2.1758
5.3526
8.6692
11.088
12.067
11.392
9.4279
6.8039
4.395
2.8721
2.667
3.8818
6.2757
9.3599
12.499
15.009
16.453
16.709
16.152
15.529
15.757
17.443
20.684
24.939
29.458
33.359
35.725
35.712
32.889
27.448
23.409
17.999
12.078
6.626
2.4349
0.15162
0.067213
1.9305
5.0204
8.375
10.977
12.243
11.891
10.156
7.7046
5.2576
3.5411
3.0556
3.9889
6.1993
9.2569
12.584
15.44
17.225
17.641
16.938
15.803
15.1
15.58
17.443
20.472
23.985
27.215
29.305
29.488
27.448
26.25
23.486
19.169
14.003
8.84
4.6207
2.1765
1.9305
3.7537
6.9207
10.43
13.352
14.88
14.716
13.099
10.603
7.9921
6.0245
5.2591
5.9752
8.1439
11.333
14.928
18.064
20.012
20.358
19.274
17.446
15.805
15.1
15.757
17.711
20.584
23.623
26.037
27.067
26.25
28.19
26.206
22.406
17.451
12.316
7.9739
5.3525
5.0204
6.9203
10.268
14.106
17.292
19.023
18.949
17.289
14.624
11.772
9.5164
8.5344
9.1499
11.411
14.855
18.689
21.97
23.875
23.954
22.404
19.933
17.446
15.803
15.53
16.837
19.487
22.867
26.037
28.043
28.19
31.429
29.819
26.206
21.285
15.985
11.429
8.6693
8.3751
10.43
14.106
18.21
21.639
23.517
23.467
21.623
18.709
15.563
13.061
11.915
12.562
15.008
18.714
22.732
26.015
27.728
27.483
25.476
22.404
19.274
16.938
16.152
17.29
20.199
24.171
28.067
30.735
31.429
34.337
32.965
29.383
24.285
18.743
13.932
11.088
10.977
13.352
17.292
21.639
25.259
27.198
27.048
24.98
21.764
18.338
15.673
14.498
15.285
17.944
21.825
25.885
29.073
30.536
29.937
27.483
23.954
20.357
17.641
16.709
18.066
21.458
25.957
30.299
33.36
34.337
35.833
34.476
30.819
25.488
19.673
14.751
12.067
12.243
14.88
19.023
23.517
27.198
29.095
28.784
26.52
23.072
19.429
16.658
15.64
16.676
19.488
23.372
27.327
30.302
31.505
30.535
27.727
23.875
20.013
17.225
16.453
18.187
21.986
26.792
31.396
34.696
35.833
35.32
33.892
30.059
24.528
18.575
13.771
11.392
11.891
14.716
18.949
23.467
27.048
28.785
28.295
25.854
22.25
18.586
15.974
15.192
16.473
19.316
23.051
26.734
29.423
30.302
29.074
26.015
21.97
18.064
15.44
15.009
17.101
21.138
26.087
30.795
34.159
35.319
32.875
31.341
27.347
21.758
15.901
11.398
9.4277
10.156
13.099
17.289
21.623
24.979
26.52
25.854
23.297
19.716
16.257
13.971
13.477
14.825
17.606
21.076
24.418
26.734
27.327
25.884
22.732
18.689
14.928
12.585
12.499
14.806
18.914
23.845
28.487
31.792
32.872
29.254
27.618
23.598
18.078
12.519
8.455
6.8039
7.7046
10.603
14.624
18.709
21.763
23.072
22.249
19.716
16.374
13.284
11.359
11.065
12.379
14.923
18.109
21.076
23.051
23.372
21.825
18.714
14.855
11.333
9.2567
9.36
11.708
15.724
20.547
25.077
28.255
29.254
25.451
23.807
19.904
14.699
9.5728
5.8646
4.3951
5.2582
7.9923
11.771
15.563
18.338
19.429
18.586
16.257
13.284
10.584
8.9105
8.6646
9.8264
12.101
14.923
17.606
19.316
19.488
17.943
15.008
11.411
8.144
6.199
6.2761
8.5009
12.357
17.014
21.431
24.531
25.451
22.548
21.074
17.451
12.643
7.8943
4.3874
2.8718
3.542
6.0247
9.5164
13.062
15.673
16.658
15.974
13.971
11.358
8.9103
7.2881
6.9054
7.8285
9.8267
12.379
14.825
16.472
16.676
15.285
12.562
9.164
5.9754
3.988
3.8817
5.8517
9.5191
14.07
18.458
21.564
22.548
21.454
20.257
16.962
12.455
7.9018
4.3739
2.6669
3.0555
5.2591
8.5342
11.915
14.498
15.64
15.192
13.477
11.065
8.6647
6.9055
6.2697
6.9059
8.6647
11.065
13.477
15.192
15.64
14.498
11.915
8.5342
5.2589
3.0555
2.6678
4.374
7.9018
12.455
16.962
20.258
21.454
