  79.92075
  77.80286
  71.80086
  62.88327
  52.36150
  41.77273
  32.88867
  27.44766
  26.24996
  28.19086
  31.42873
  34.33668
  35.83288
  35.31878
  32.87320
  29.25382
  25.45099
  22.54774
  21.45362
  22.54800
  25.45133
  29.25400
  32.87263
  35.31891
  35.83290
  34.33666
  31.42868
  28.19036
  26.24957
  27.44755
  32.88796
  41.77218
  52.36171
  62.88251
  71.80049
  77.80160
  79.91817
  77.80144
  74.46488
  67.39028
  57.58433
  46.44977
  35.73649
  27.48704
  23.40867
  23.48536
  26.20582
  29.81909
  32.96468
  34.47704
  33.89121
  31.34062
  27.61824
  23.80680
  21.07386
  20.25731
  21.56426
  24.53055
  28.25482
  31.79186
  34.15836
  34.69551
  33.35947
  30.73447
  28.04320
  27.06657
  29.48746
  35.71226
  44.62804
  54.67528
  64.32160
  72.15890
  76.95296
  77.80152
  71.80057
  67.38994
  59.42633
  48.97886
  37.60181
  27.35390
  20.44632
  17.99875
  19.16815
  22.40625
  26.20585
  29.38334
  30.81878
  30.05945
  27.34739
  23.59739
  19.90428
  17.45081
  16.96186
  18.45797
  21.43122
  25.07670
  28.48641
  30.79368
  31.39633
  30.29919
  28.06736
  26.03724
  26.03727
  29.30489
  35.72507
  44.22881
  53.45384
  62.02531
  68.64653
  72.15932
  71.80068
  62.88314
  57.58449
  48.97907
  38.25600
  27.22625
  18.21855
  13.11369
  12.07859
  14.00297
  17.45125
  21.28480
  24.28545
  25.48780
  24.52802
  21.75775
  18.07749
  14.69894
  12.64286
  12.45495
  14.07019
  17.01350
  20.54766
  23.84526
  26.08650
  26.79123
  25.95653
  24.17130
  22.86642
  23.62302
  27.21423
  33.35958
  41.12693
  49.30345
  56.66706
  62.02481
  64.32170
  62.88280
  52.36132
  46.44987
  37.60183
  27.22638
  17.38519
  10.21018
   6.75111
   6.62590
   8.84032
  12.31598
  15.98596
  18.74305
  19.67211
  18.57483
  15.90087
  12.51865
   9.57289
   7.89485
   7.90178
   9.51893
  12.35647
  15.72383
  18.91452
  21.13827
  21.98562
  21.45784
  20.19907
  19.48688
  20.58358
  23.98494
  29.45769
  36.21313
  43.19273
  49.30319
  53.45282
  54.67514
  52.36098
  41.77239
  35.73636
  27.35398
  18.21806
  10.21012
   4.70897
   2.20928
   2.43534
   4.61951
   7.97393
  11.42912
  13.93208
  14.75051
  13.77156
  11.39758
   8.45408
   5.86461
   4.38758
   4.37390
   5.85116
   8.50095
  11.70813
  14.80567
  17.10091
  18.18647
  18.06546
  17.29065
  16.83741
  17.71081
  20.47163
  24.93865
  30.48775
  36.21321
  41.12646
  44.22831
  44.62793
  41.77223
  32.88793
  27.48636
  20.44590
  13.11340
   6.75066
   2.20910
   0.00000
   0.15238
   2.17578
   5.35263
   8.66924
  11.08788
  12.06669
  11.39223
   9.42793
   6.80390
   4.39498
   2.87214
   2.66704
   3.88183
   6.27573
   9.35988
  12.49875
  15.00930
  16.45267
  16.70855
  16.15242
  15.52876
  15.75712
  17.44251
  20.68377
  24.93894
  29.45811
  33.35939
  35.72497
  35.71231
  32.88869
  27.44769
  23.40896
  17.99870
  12.07804
   6.62603
   2.43486
   0.15162
   0.06721
   1.93050
   5.02038
   8.37498
  10.97722
  12.24271
  11.89110
  10.15593
   7.70458
   5.25764
   3.54106
   3.05564
   3.98890
   6.19925
   9.25686
  12.58418
  15.44033
  17.22530
  17.64134
  16.93791
  15.80336
  15.10025
  15.58043
  17.44269
  20.47197
  23.98544
  27.21452
  29.30512
  29.48836
  27.44774
  26.25001
  23.48557
  19.16872
  14.00321
   8.83998
   4.62070
   2.17646
   1.93048
   3.75370
   6.92071
  10.42996
  13.35161
  14.87955
  14.71609
  13.09917
  10.60311
   7.99210
   6.02450
   5.25909
   5.97524
   8.14385
  11.33268
  14.92807
  18.06365
  20.01216
  20.35794
  19.27382
  17.44553
  15.80538
  15.09993
  15.75723
  17.71070
  20.58400
  23.62317
  26.03719
  27.06657
  26.24954
  28.18973
  26.20577
  22.40602
  17.45149
  12.31612
   7.97385
   5.35253
   5.02040
   6.92032
  10.26765
  14.10626
  17.29220
  19.02277
  18.94910
  17.28910
  14.62446
  11.77224
   9.51636
   8.53437
   9.14992
  11.41074
  14.85458
  18.68920
  21.96987
  23.87477
  23.95406
  22.40386
  19.93319
  17.44597
  15.80333
  15.52960
  16.83746
  19.48717
  22.86669
  26.03690
  28.04339
  28.19010
  31.42884
  29.81925
  26.20588
  21.28503
  15.98541
  11.42906
   8.66932
   8.37508
  10.42988
  14.10629
  18.21039
  21.63874
  23.51679
  23.46709
  21.62325
  18.70947
  15.56318
  13.06142
  11.91544
  12.56218
  15.00830
  18.71354
  22.73189
  26.01458
  27.72770
  27.48263
  25.47599
  22.40410
  19.27369
  16.93757
  16.15242
  17.29034
  20.19923
  24.17148
  28.06699
  30.73452
  31.42868
  34.33674
  32.96462
  29.38299
  24.28545
  18.74266
  13.93180
  11.08796
  10.97727
  13.35169
  17.29204
  21.63879
  25.25894
  27.19790
  27.04766
  24.97953
  21.76392
  18.33788
  15.67284
  14.49843
  15.28495
  17.94361
  21.82486
  25.88454
  29.07316
  30.53551
  29.93669
  27.48284
  23.95409
  20.35713
  17.64084
  16.70936
  18.06580
  21.45829
  25.95659
  30.29911
  33.35952
  34.33739
  35.83311
  34.47641
  30.81888
  25.48801
  19.67261
  14.75072
  12.06680
  12.24273
  14.87960
  19.02275
  23.51700
  27.19792
  29.09490
  28.78446
  26.52033
  23.07177
  19.42917
  16.65783
  15.63981
  16.67552
  19.48846
  23.37175
  27.32689
  30.30208
  31.50521
  30.53535
  27.72738
  23.87462
  20.01293
  17.22499
  16.45256
  18.18660
  21.98586
  26.79199
  31.39612
  34.69559
  35.83314
  35.31954
  33.89150
  30.05940
  24.52844
  18.57455
  13.77119
  11.39225
  11.89131
  14.71624
  18.94907
  23.46738
  27.04811
  28.78459
  28.29488
  25.85430
  22.24988
  18.58620
  15.97386
  15.19193
  16.47304
  19.31622
  23.05150
  26.73413
  29.42295
  30.30237
  29.07405
  26.01500
  21.96955
  18.06376
  15.44028
  15.00925
  17.10104
  21.13840
  26.08697
  30.79496
  34.15854
  35.31904
  32.87515
  31.34078
  27.34723
  21.75775
  15.90079
  11.39753
   9.42772
  10.15564
  13.09928
  17.28910
  21.62330
  24.97919
  26.52002
  25.85351
  23.29724
  19.71575
  16.25675
  13.97073
  13.47709
  14.82452
  17.60576
  21.07620
  24.41836
  26.73400
  27.32660
  25.88431
  22.73187
  18.68923
  14.92836
  12.58505
  12.49932
  14.80582
  18.91436
  23.84526
  28.48652
  31.79163
  32.87249
  29.25398
  27.61829
  23.59781
  18.07770
  12.51896
   8.45500
   6.80390
   7.70458
  10.60311
  14.62411
  18.70866
  21.76322
  23.07166
  22.24930
  19.71556
  16.37404
  13.28432
  11.35860
  11.06501
  12.37884
  14.92253
  18.10928
  21.07639
  23.05142
  23.37160
  21.82460
  18.71357
  14.85453
  11.33329
   9.25670
   9.35999
  11.70839
  15.72386
  20.54737
  25.07689
  28.25482
  29.25398
  25.45112
  23.80714
  19.90389
  14.69933
   9.57278
   5.86455
   4.39511
   5.25817
   7.99234
  11.77148
  15.56318
  18.33791
  19.42909
  18.58607
  16.25691
  13.28437
  10.58381
   8.91050
   8.66465
   9.82643
  12.10077
  14.92255
  17.60592
  19.31593
  19.48840
  17.94332
  15.00830
  11.41053
   8.14396
   6.19896
   6.27607
   8.50095
  12.35663
  17.01369
  21.43114
  24.53060
  25.45110
  22.54772
  21.07358
  17.45107
  12.64268
   7.89427
   4.38737
   2.87182
   3.54204
   6.02468
   9.51639
  13.06157
  15.67282
  16.65814
  15.97373
  13.97063
  11.35804
   8.91034
   7.28813
   6.90543
   7.82853
   9.82670
  12.37907
  14.82515
  16.47186
  16.67555
  15.28487
  12.56231
   9.16397
   5.97538
   3.98800
   3.88170
   5.85169
   9.51914
  14.07034
  18.45779
  21.56428
  22.54764
  21.45370
  20.25747
  16.96191
  12.45527
   7.90178
   4.37387
   2.66685
   3.05550
   5.25911
   8.53421
  11.91515
  14.49798
  15.63997
  15.19188
  13.47711
  11.06496
   8.66468
   6.90546
   6.26975
   6.90585
   8.66468
  11.06491
  13.47706
  15.19188
  15.63992
  14.49793
  11.91507
   8.53416
   5.25893
   3.05545
   2.66777
   4.37395
   7.90176
  12.45500
  16.96194
  20.25760
  21.45412
