74.186
72.308
67.091
59.428
50.604
42.118
35.468
31.87
31.161
33.087
37.447
41.533
43.379
42.416
39.121
34.469
29.916
26.707
25.57
26.707
29.916
34.468
39.121
42.416
43.379
41.533
37.447
33.087
31.161
31.87
35.468
42.118
50.604
59.428
67.091
72.308
74.184
72.864
70.185
64.337
56.277
47.343
39.173
33.17
29.634
28.659
31.95
37.08
41.149
42.75
41.498
37.966
33.277
28.806
25.611
24.481
25.767
29.217
33.899
38.424
41.514
42.202
40.172
36.32
32.8
30.951
31.728
36.252
43.39
51.918
60.409
67.465
71.897
72.863
69.054
65.737
59.435
51.15
42.377
34.687
28.732
24.26
25.121
29.885
35.226
39.076
40.314
38.778
35.045
30.276
25.674
22.466
21.596
23.302
27.037
31.729
36.07
38.914
39.344
37.252
33.701
30.231
28.434
30.411
35.606
42.927
51.201
59.132
65.395
68.916
69.054
63.12
59.321
52.756
44.517
36.135
28.532
20.924
18.411
21.476
26.843
32.012
35.518
36.383
34.52
30.538
25.515
20.885
18.042
17.717
19.858
23.715
28.259
32.371
34.919
35.117
32.923
29.243
25.8
25.196
28.17
33.607
40.76
48.507
55.637
60.982
63.637
63.12
55.604
51.543
44.997
37.096
28.883
19.161
13.17
13.633
17.796
23.086
27.907
30.936
31.394
29.116
24.797
19.767
15.598
13.419
13.626
15.957
19.737
24.053
27.864
30.103
29.969
27.448
23.598
21.097
21.864
25.244
30.481
37.083
44.021
50.187
54.632
56.611
55.604
47.406
43.42
37.256
29.475
18.919
10.53
7.9891
10.112
14.274
19.209
23.543
26.065
25.924
23.246
18.984
14.52
11.103
9.5301
9.9861
12.261
15.813
19.843
23.285
25.057
24.469
21.698
18.517
17.326
18.769
21.87
26.514
32.238
38.168
43.411
47.14
48.632
47.407
39.869
36.315
29.776
19.884
10.725
5.9179
5.3423
7.6554
11.434
15.866
19.59
21.47
20.969
18.426
14.766
11.078
8.2806
6.9606
7.3501
9.3979
12.649
16.293
19.234
20.519
19.739
17.513
15.428
15.017
16.214
18.575
22.258
26.915
31.847
36.332
39.587
40.938
39.869
33.734
29.485
21.84
13.56
7.6145
4.7153
4.4383
6.2292
9.5387
13.381
16.638
18.278
17.996
16.058
13.096
9.9226
7.2916
5.8605
5.9662
7.6729
10.509
13.688
16.318
17.607
17.386
16.001
14.658
14.098
14.42
15.749
18.335
21.923
26.075
30.118
33.276
34.767
33.734
28.591
24.21
18.154
12.419
8.1043
5.4364
4.7138
5.9566
8.805
12.397
15.586
17.545
17.789
16.404
13.77
10.605
7.7663
5.9988
5.7668
7.0995
9.6347
12.739
15.517
17.385
17.801
16.98
15.553
14.169
13.435
13.624
15.113
17.813
21.452
25.268
28.336
29.718
28.591
26.179
23.105
18.867
14.396
10.252
7.1881
5.8962
6.8061
9.5542
13.248
16.748
19.129
19.737
18.483
15.768
12.369
9.225
7.1522
6.6362
7.8085
10.403
13.722
16.998
19.326
20.135
19.205
17.138
14.78
12.872
11.9
12.354
14.39
17.673
21.496
25.028
26.94
26.179
26.791
24.919
21.502
17.13
12.711
9.2646
7.7496
8.6058
11.433
15.352
19.135
21.687
22.336
20.947
18.046
14.438
11.092
8.8461
8.2694
9.5127
12.283
15.928
19.499
22.038
22.81
21.532
18.776
15.444
12.413
10.431
10.196
11.966
15.518
20.057
24.246
26.67
26.791
28.737
27.322
23.92
19.331
14.606
10.944
9.3976
10.294
13.285
17.355
21.22
23.795
24.363
22.828
19.774
15.998
12.568
10.321
9.8142
11.206
14.137
17.944
21.614
24.104
24.696
23.202
19.946
15.904
12.158
9.6444
9.2063
11.223
15.375
20.396
24.943
27.884
28.737
30.049
28.674
25.165
20.36
15.408
11.629
10.06
11.006
14.068
18.189
22.069
24.609
25.119
23.51
20.345
16.531
13.071
10.845
10.388
11.88
14.892
18.713
22.342
24.788
25.281
23.607
20.192
15.84
11.817
9.2164
8.9518
11.324
15.683
20.882
25.669
28.966
30.049
29.879
28.512
24.922
19.946
14.865
11.009
9.4173
10.365
13.402
17.499
21.345
23.86
24.345
22.727
19.57
15.776
12.342
10.147
9.7077
11.176
14.189
17.946
21.501
23.85
24.318
22.598
19.149
14.83
10.805
8.3299
8.2545
10.721
15.13
20.389
25.284
28.713
29.879
28.325
26.961
23.302
18.249
13.116
9.2387
7.6158
8.5157
11.456
15.442
19.23
21.7
22.203
20.683
17.604
13.888
10.528
8.3621
7.9118
9.3104
12.183
15.837
19.291
21.592
22.04
20.419
17.029
12.86
8.9839
6.6412
6.6447
9.0877
13.415
18.659
23.596
27.094
28.324
25.893
24.528
20.852
15.804
10.685
6.8024
5.1322
5.9396
8.7413
12.584
16.285
18.764
19.327
17.926
14.978
11.385
8.1119
5.963
5.4688
6.7413
9.4614
12.94
16.303
18.583
19.089
17.586
14.377
10.385
6.673
4.413
4.4148
6.7712
10.974
16.152
21.089
24.625
25.893
23.324
21.973
18.325
13.323
8.2474
4.3675
2.6279
3.3102
5.9524
9.6551
13.271
15.763
16.422
15.177
12.413
8.962
5.7569
3.5877
3.0153
4.1466
6.7041
10.035
13.307
15.609
16.216
14.874
11.876
8.0553
4.477
2.2391
2.1683
4.4064
8.4911
13.586
18.499
22.048
23.324
21.406
20.079
16.468
11.514
6.4798
2.59
0.75864
1.2892
3.7876
7.37
10.949
13.482
14.288
13.188
10.593
7.2794
4.1257
1.9163
1.2268
2.1932
4.6038
7.8362
11.064
13.408
14.169
13.014
10.211
6.5237
3.0161
0.74105
0.52935
2.6278
6.6217
11.655
16.56
20.118
21.405
20.693
19.393
15.816
10.896
5.8829
1.9543
2.6255e-05
0.37125
2.7403
6.2486
9.8613
12.494
13.465
12.545
10.099
6.8395
3.6771
1.3968
0.57485
1.3965
3.677
6.8395
10.099
12.546
13.465
12.495
9.8614
6.2489
2.7403
0.37122
0
1.9543
5.883
10.896
15.817
19.393
20.694
