89.705
87.972
82.886
74.823
64.524
53.266
43.042
35.855
31.416
30.089
31.068
33.696
36.181
37.573
37.773
37.002
35.759
34.661
34.23
34.661
35.759
37.003
37.773
37.574
36.18
33.696
31.068
30.089
31.416
35.855
43.042
53.267
64.524
74.823
82.886
87.972
89.704
87.972
85.002
78.757
69.688
58.669
47.298
37.934
31.44
27.746
26.724
28.94
32.26
34.976
36.478
36.735
35.958
34.682
33.538
33.057
33.439
34.487
35.7
36.492
36.413
35.183
33.079
31.227
30.76
32.854
37.99
46.135
56.573
67.306
76.695
83.635
87.493
87.972
82.886
78.757
71.473
61.576
50.203
39.394
31.239
25.228
21.154
21.949
25.324
28.96
31.748
33.31
33.562
32.769
31.45
30.277
29.757
30.1
31.104
32.309
33.144
33.178
32.172
30.499
29.096
29.316
32.42
38.195
46.823
56.992
66.955
75.285
81.019
83.635
82.886
74.823
69.687
61.576
51.24
40.235
30.826
23.083
15.774
14.3
16.788
20.63
24.314
27.092
28.633
28.861
28.049
26.711
25.51
24.962
25.263
26.237
27.431
28.307
28.454
27.639
26.256
25.375
26.649
30.259
36.514
45.093
54.639
63.622
70.776
75.285
76.695
74.823
64.525
58.669
50.203
40.235
30.574
21.868
14.248
8.8902
9.5154
12.735
16.778
20.227
22.672
24.004
24.087
23.051
21.692
20.445
19.836
20.078
21.027
22.238
23.228
23.515
22.932
21.581
21.278
23.593
28.292
33.732
41.477
49.856
57.96
63.622
66.955
67.306
64.524
53.267
47.298
39.394
30.826
22.097
11.435
4.5877
3.1167
4.882
8.2486
12.162
15.755
18.326
19.673
19.731
18.698
17.189
15.87
15.222
15.431
16.329
17.502
18.41
18.728
18.301
17.605
18.365
22.022
23.162
28.724
35.816
43.247
49.855
54.639
56.992
56.573
53.267
43.042
37.934
31.239
23.084
11.987
4.0887
0.44219
0.13401
1.9969
5.2903
9.0286
12.578
15.207
16.54
16.566
15.587
14.128
12.811
12.152
12.356
13.246
14.391
15.271
15.53
15.093
14.632
15.357
16.866
19.49
23.918
29.691
35.816
41.244
45.094
46.823
46.135
43.042
35.855
31.44
25.228
15.774
7.8058
2.6018
0.13401
0
1.8835
5.2316
9.0393
12.606
15.155
16.364
16.27
15.174
13.625
12.25
11.567
11.771
12.682
13.873
14.833
15.224
14.932
14.535
14.686
15.245
16.675
19.644
23.918
28.724
33.194
36.514
38.197
37.99
35.855
31.417
27.746
21.154
14.3
8.5403
4.3486
1.997
1.8791
3.9026
7.2991
11.215
14.719
17.162
18.251
18.014
16.808
15.194
13.81
13.171
13.461
14.517
15.846
16.941
17.428
17.14
16.407
15.659
15.04
15.207
16.676
19.49
23.162
26.99
30.259
32.42
32.854
31.416
30.089
26.725
21.949
16.788
11.759
7.642
5.2904
5.2247
7.2992
10.787
14.708
18.128
20.474
21.425
21.062
19.776
18.15
16.827
16.316
16.791
18.059
19.607
20.848
21.316
20.844
19.537
17.809
16.077
15.04
15.245
16.866
19.69
23.206
26.649
29.316
30.76
30.089
31.068
28.94
25.324
20.63
15.653
11.442
9.0285
9.0377
11.215
14.709
18.57
21.915
24.13
24.956
24.513
23.205
21.632
20.436
20.119
20.843
22.351
24.107
25.447
25.865
25.099
23.21
20.576
17.809
15.659
14.686
15.357
17.674
21.257
25.375
29.096
31.228
31.068
33.696
32.26
28.959
24.313
19.238
14.949
12.577
12.606
14.719
18.128
21.914
25.148
27.259
28.021
27.564
26.304
24.838
23.82
23.728
24.705
26.438
28.349
29.745
30.072
29.028
26.615
23.21
19.537
16.408
14.536
14.632
17.067
21.335
26.256
30.499
33.079
33.697
36.18
34.977
31.748
27.091
21.971
17.627
15.207
15.153
17.162
20.474
24.13
27.259
29.3
30.05
29.642
28.497
27.197
26.362
26.49
27.663
29.57
31.581
32.991
33.175
31.842
29.028
25.099
20.844
17.14
14.932
15.093
17.841
22.453
27.639
32.172
35.183
36.181
37.574
36.478
33.31
28.633
23.454
19.055
16.54
16.363
18.25
21.424
24.955
28.022
30.05
30.847
30.561
29.575
28.437
27.777
28.037
29.319
31.297
33.329
34.667
34.73
33.175
30.072
25.865
21.316
17.428
15.224
15.53
18.418
23.135
28.453
33.178
36.413
37.573
37.773
36.734
33.562
28.861
23.651
19.19
16.565
16.269
18.014
21.061
24.514
27.564
29.643
30.561
30.432
29.627
28.628
28.069
28.346
29.625
31.562
33.512
34.738
34.668
32.991
29.745
25.448
20.849
16.941
14.832
15.271
18.207
22.937
28.307
33.144
36.493
37.773
37.002
35.958
32.769
28.049
22.815
18.303
15.587
15.173
16.807
19.776
23.205
26.304
28.497
29.575
29.627
28.939
28.03
27.483
27.721
28.85
30.632
32.424
33.512
33.328
31.581
28.349
24.106
19.606
15.846
13.873
14.39
17.324
22.039
27.431
32.309
35.7
37.002
35.76
34.682
31.45
26.711
21.457
16.898
14.128
13.625
15.194
18.15
21.632
24.838
27.196
28.437
28.628
28.029
27.136
26.513
26.605
27.546
29.066
30.632
31.562
31.297
29.57
26.438
22.351
18.059
14.517
12.682
13.246
16.177
20.863
26.236
31.104
34.487
35.759
34.662
33.538
30.277
25.51
20.229
15.631
12.811
12.249
13.809
16.826
20.436
23.82
26.362
27.777
28.068
27.483
26.513
25.749
25.621
26.28
27.546
28.85
29.626
29.319
27.663
24.705
20.844
16.791
13.461
11.771
12.356
15.27
19.925
25.263
30.099
33.439
34.661
34.23
33.057
29.758
24.962
19.66
15.036
12.152
11.567
13.17
16.315
20.119
23.728
26.49
28.036
28.346
27.722
26.605
25.621
25.24
25.621
26.605
27.721
28.346
28.037
26.49
23.728
20.12
16.315
13.17
11.566
12.152
15.036
19.661
24.962
29.758
33.057
34.23
