70.451
69.963
68.231
64.73
59.227
52.037
44.338
38.224
35.776
36.681
38.755
40.678
41.778
41.778
40.832
39.157
37.185
35.572
34.935
35.573
37.185
39.157
40.832
41.778
41.778
40.678
38.755
36.679
35.775
38.223
44.334
52.034
59.228
64.729
68.23
69.963
70.45
69.156
68.382
66.012
61.598
55.089
47.244
39.776
35.121
34.449
36.135
38.382
40.212
41.152
40.988
39.83
37.932
35.819
34.231
33.764
34.535
36.162
38.013
39.56
40.383
40.221
38.996
37.065
35.267
35.605
39.729
46.575
53.967
60.304
64.86
67.595
68.873
69.155
65.383
64.145
60.99
55.55
48.139
40.094
33.699
31.044
31.679
33.737
36.027
37.753
38.44
38.05
36.588
34.417
32.193
30.701
30.461
31.391
33.057
34.859
36.294
37.011
36.69
35.338
33.418
32.249
34.038
39.286
46.231
53.024
58.459
62.179
64.306
65.296
65.382
59.381
57.516
53.455
47.063
39.21
31.829
27.36
26.517
27.805
29.978
32.112
33.59
34.002
33.285
31.5
29.116
26.921
25.664
25.674
26.769
28.467
30.256
31.605
32.181
31.676
30.215
28.428
28.17
31.179
36.88
43.497
49.506
54.082
57.076
58.757
59.57
59.381
51.706
49.133
44.215
37.314
30.02
24.569
22.233
22.252
23.566
25.483
27.306
28.445
28.544
27.508
25.496
23.078
21.078
20.139
20.37
21.561
23.259
24.969
26.214
26.624
25.962
24.476
23.054
23.692
27.315
32.876
38.854
43.988
47.762
50.148
51.567
52.265
51.706
43.312
40.186
34.942
28.69
23.381
20.268
19.057
18.966
19.744
21.074
22.445
23.258
23.138
21.962
19.98
17.813
16.104
15.328
15.626
16.768
18.38
19.95
21.098
21.401
20.703
19.37
18.457
19.573
23.072
27.993
33.064
37.294
40.316
42.281
43.65
44.269
43.312
35.892
32.802
28.402
24.095
21.017
19.135
17.947
17.261
17.172
17.694
18.63
19.24
19.123
18.115
16.437
14.576
13.077
12.321
12.465
13.399
14.805
16.256
17.362
17.704
17.227
16.193
15.57
16.515
19.268
23.142
27.118
30.434
32.854
34.691
36.241
36.954
35.892
31.599
29.373
26.549
24.087
22.21
20.536
18.866
17.306
16.298
16.169
16.801
17.479
17.574
16.822
15.468
13.892
12.493
11.649
11.546
12.188
13.379
14.756
15.926
16.51
16.329
15.561
14.853
15.146
16.78
19.355
22.146
24.625
26.789
29.056
31.204
32.27
31.597
31.492
30.247
28.626
27.071
25.511
23.627
21.279
18.882
17.18
16.681
17.335
18.174
18.428
17.931
16.848
15.441
14.111
13.185
12.878
13.284
14.345
15.739
17.015
17.797
17.819
17.127
16.185
15.722
16.19
17.5
19.207
21.259
23.877
27.119
30.034
31.58
31.492
34.438
33.755
32.727
31.523
29.906
27.527
24.432
21.339
19.277
18.836
19.649
20.635
21.057
20.733
19.849
18.577
17.279
16.272
15.822
16.084
17.086
18.545
19.888
20.748
20.798
20.153
19.061
18.04
17.575
17.835
18.98
21.354
25.02
29.17
32.471
34.206
34.437
38.658
38.325
37.613
36.474
34.495
31.415
27.56
24.016
21.981
21.835
22.926
24.03
24.608
24.442
23.667
22.489
21.166
20.088
19.489
19.685
20.659
22.147
23.529
24.365
24.496
23.88
22.77
21.489
20.419
20.144
21.421
24.615
29.135
33.587
36.775
38.342
38.657
43.057
42.998
42.452
41.082
38.457
34.527
30.056
26.374
24.67
25.037
26.351
27.624
28.374
28.382
27.705
26.493
25.048
23.753
23.049
23.202
24.191
25.618
27.027
27.958
28.175
27.676
26.595
25.159
23.82
23.602
25.491
29.448
34.253
38.448
41.236
42.616
43.057
46.935
47.057
46.452
44.612
41.134
36.367
31.487
28.066
26.995
27.838
29.413
30.877
31.753
31.889
31.237
29.883
28.186
26.633
25.778
25.976
26.964
28.451
29.894
30.956
31.356
30.979
29.882
28.297
27.002
27.263
29.907
34.26
38.86
42.589
44.956
46.269
46.933
49.784
50.027
49.147
46.539
42.125
36.72
31.841
29.011
28.664
29.92
31.721
33.379
34.368
34.515
33.671
32.038
30.007
28.267
27.385
27.634
28.718
30.261
31.863
33.124
33.683
33.371
32.136
30.476
29.475
30.435
33.612
37.974
42.15
45.333
47.457
48.874
49.784
51.417
51.598
50.171
46.685
41.499
35.83
31.4
29.415
29.673
31.197
33.133
34.859
35.895
35.879
34.743
32.737
30.428
28.594
27.779
28.109
29.355
31.074
32.864
34.273
34.948
34.566
33.222
31.555
31.014
32.576
35.991
40.065
43.749
46.564
48.677
50.312
51.417
51.859
51.789
49.616
45.324
39.753
34.426
30.854
29.571
30.076
31.649
33.65
35.325
36.237
35.941
34.456
32.13
29.693
27.914
27.242
27.72
29.096
31.034
32.985
34.5
35.127
34.671
33.205
31.742
31.667
33.562
36.855
40.496
43.731
46.4
48.664
50.585
51.859
51.362
50.843
48.044
43.382
38.075
33.609
30.847
29.834
30.19
31.552
33.407
34.95
35.634
35.047
33.3
30.851
28.452
26.795
26.263
26.855
28.363
30.4
32.516
34.055
34.636
34.043
32.637
31.422
31.597
33.434
36.343
39.532
42.483
45.173
47.766
50.049
51.362
50.551
49.642
46.521
42.052
37.551
34.024
31.648
30.396
30.293
31.24
32.771
34.161
34.633
33.89
32.091
29.719
27.439
25.871
25.38
26.005
27.568
29.693
31.859
33.434
34.037
33.462
32.128
31.034
31.099
32.528
34.894
37.65
40.489
43.467
46.561
49.25
50.55
50.155
49.003
45.947
42.138
38.576
35.564
33.111
31.358
30.617
30.99
32.223
33.487
33.953
33.259
31.562
29.337
27.156
25.602
25.041
25.602
27.156
29.337
31.562
33.259
33.953
33.487
32.223
30.99
30.617
31.36
33.112
35.564
38.576
42.138
45.947
49.003
50.155
