89.112
87.797
84.187
78.337
69.846
58.733
46.517
36.173
30.501
28.806
29.737
32.452
35.147
36.73
37.043
36.379
35.297
34.309
33.918
34.309
35.297
36.381
37.043
36.73
35.148
32.452
29.737
28.806
30.501
36.171
46.515
58.732
69.845
78.337
84.186
87.797
89.111
87.45
85.376
81.135
74.343
64.481
52.132
39.734
30.962
26.625
25.468
27.732
31.165
34.026
35.657
36.001
35.366
34.225
33.19
32.759
33.108
34.053
35.126
35.784
35.535
34.055
31.777
29.922
29.612
32.365
39.813
50.685
62.064
71.802
79.115
84.196
87.103
87.451
82.608
80.056
75.135
67.159
55.864
42.768
31.339
24.37
20.072
20.869
24.293
28.001
30.903
32.531
32.859
32.208
31.032
29.959
29.494
29.809
30.726
31.79
32.472
32.278
31.013
29.217
27.882
28.341
32.81
41.332
51.869
62.091
70.503
76.831
81.132
83.113
82.608
75.227
72.242
66.469
57.147
44.729
31.941
22.769
15.364
13.844
16.368
20.204
23.914
26.753
28.336
28.655
27.953
26.754
25.656
25.159
25.436
26.337
27.379
28.104
27.984
26.928
25.46
24.641
26.452
32.198
40.919
50.604
59.478
66.71
72.143
75.561
76.591
75.608
66.369
62.909
56.089
45.597
33.051
21.922
14.693
7.149
7.9332
11.097
14.924
18.525
21.276
22.799
23.075
22.352
21.142
20.041
19.512
19.758
20.623
21.665
22.389
22.366
21.428
20.216
20.229
23.209
29.368
37.489
45.92
53.41
59.546
64.072
66.567
67.088
66.003
55.999
52.003
44.261
33.385
21.784
10.418
3.7279
2.2491
3.9259
7.1092
10.844
14.335
17.013
18.48
18.666
17.895
16.664
15.539
14.979
15.192
16.01
17.026
17.717
17.713
16.89
16.051
16.804
20.173
25.891
32.824
39.796
45.998
51.099
54.679
56.58
57.117
55.999
46.491
42.067
34.076
23.511
12.099
4.0841
0.40525
0
1.7229
4.8456
8.5567
12.039
14.664
16.038
16.143
15.285
13.951
12.787
12.201
12.374
13.151
14.13
14.837
14.886
14.238
13.728
14.608
17.493
22.038
27.44
32.87
37.821
41.961
44.869
46.701
47.606
46.492
39.053
34.7
26.266
16.249
8.1942
2.96
0.33378
0.021135
1.748
4.8902
8.6259
12.127
14.676
15.955
15.941
14.952
13.527
12.285
11.67
11.865
12.676
13.675
14.478
14.65
14.185
13.683
14.053
15.75
18.692
22.403
26.326
30.151
33.484
36.198
38.594
40.01
39.053
34.336
29.026
21.841
14.967
9.2054
4.9311
2.374
2.0417
3.8075
7.0452
10.849
14.323
16.788
17.936
17.791
16.713
15.208
13.91
13.304
13.583
14.529
15.708
16.648
16.939
16.431
15.612
15.091
15.339
16.551
18.612
21.207
24.136
27.009
30.179
33.353
35.269
34.336
31.13
27.461
22.708
17.603
12.596
8.3253
5.7274
5.4077
7.3049
10.599
14.391
17.782
20.152
21.171
20.933
19.778
18.254
17.003
16.505
16.946
18.1
19.488
20.56
20.889
20.204
18.788
17.29
16.187
15.898
16.551
18.051
20.114
23.081
27.02
30.8
32.554
31.13
31.795
29.697
26.158
21.566
16.541
12.162
9.5399
9.2993
11.194
14.521
18.246
21.567
23.854
24.768
24.441
23.259
21.78
20.658
20.339
20.997
22.374
23.994
25.172
25.431
24.486
22.504
20.031
17.756
16.145
15.428
15.657
17.591
21.371
26.08
30.02
32.028
31.796
34.443
33.116
29.89
25.267
20.153
15.713
13.065
12.791
14.709
17.952
21.603
24.824
27.013
27.86
27.493
26.346
24.983
24.039
23.953
24.842
26.437
28.194
29.46
29.608
28.393
25.89
22.605
19.174
16.285
14.507
14.597
17.134
21.672
26.792
31.105
33.778
34.443
37.028
35.877
32.705
28.049
22.871
18.337
15.627
15.299
17.121
20.271
23.792
26.933
29.05
29.842
29.534
28.475
27.312
26.559
26.675
27.772
29.526
31.358
32.615
32.667
31.203
28.3
24.429
20.287
16.728
14.697
15.103
18.108
22.955
28.279
32.923
35.994
37.027
38.444
37.384
34.247
29.556
24.28
19.685
16.895
16.452
18.145
21.176
24.579
27.643
29.69
30.599
30.402
29.492
28.451
27.86
28.156
29.348
31.189
33.028
34.203
34.146
32.509
29.359
25.219
20.777
17.052
15.087
15.71
18.912
23.857
29.281
34.037
37.261
38.444
38.626
37.607
34.435
29.695
24.403
19.759
16.872
16.3
17.853
20.733
24.098
27.086
29.212
30.23
30.17
29.435
28.538
28.041
28.356
29.553
31.374
33.157
34.231
34.027
32.25
29.015
24.797
20.334
16.645
14.805
15.559
18.824
23.778
29.221
34.025
37.353
38.626
37.805
36.773
33.58
28.824
23.515
18.847
15.868
15.156
16.59
19.392
22.704
25.755
27.982
29.142
29.243
28.646
27.851
27.367
27.628
28.706
30.358
32.005
32.968
32.677
30.856
27.615
23.449
19.106
15.594
13.91
14.752
18.008
22.93
28.344
33.16
36.511
37.805
36.512
35.44
32.207
27.433
22.119
17.436
14.399
13.599
14.921
17.711
21.077
24.22
26.598
27.917
28.156
27.652
26.887
26.342
26.454
27.326
28.749
30.158
30.985
30.634
28.853
25.723
21.704
17.583
14.256
12.718
13.612
16.882
21.716
27.078
31.891
35.245
36.512
35.381
34.26
30.986
26.209
20.899
16.184
13.096
12.216
13.518
16.349
19.832
23.147
25.712
27.174
27.515
27.037
26.208
25.537
25.435
26.043
27.193
28.384
29.026
28.633
26.962
23.997
20.203
16.305
13.199
11.787
12.697
15.903
20.703
26.028
30.829
34.157
35.382
34.937
33.764
30.461
25.675
20.37
15.626
12.466
11.547
12.878
15.823
19.49
23.05
25.779
27.385
27.779
27.243
26.263
25.38
25.041
25.38
26.263
27.243
27.779
27.385
25.779
23.05
19.49
15.823
12.878
11.547
12.466
15.626
20.37
25.675
30.461
33.764
34.936
