95.765
93.909
88.918
81.978
74.39
67.297
61.53
57.513
55.983
58.076
62.414
66.379
68.11
67.166
63.866
59.271
54.689
51.376
50.155
51.376
54.689
59.269
63.866
67.166
68.111
66.378
62.414
58.075
55.983
57.513
61.53
67.297
74.39
81.978
88.918
93.909
95.763
94.952
92.809
87.961
81.254
73.707
66.281
59.73
54.667
53.432
56.62
61.707
65.914
67.715
66.721
63.275
58.566
53.786
50.296
49.003
50.216
53.638
58.333
63.06
66.391
67.387
65.652
61.78
57.757
55.886
56.861
60.332
66.182
73.811
81.962
89.153
93.775
94.952
92.855
90.653
85.695
78.589
70.307
62.013
54.207
49.017
49.727
54.489
60.17
64.417
66.063
64.662
60.785
55.618
50.584
47.05
45.947
47.577
51.423
56.41
61.239
64.556
65.321
63.319
59.098
54.979
52.936
53.844
57.886
64.697
73.089
81.45
88.075
91.995
92.857
89.392
86.725
81.019
72.937
63.731
54.325
45.709
43.118
46.338
52.13
57.84
61.735
62.761
60.659
56.162
50.651
45.66
42.539
42.138
44.429
48.704
53.86
58.551
61.449
61.666
58.91
54.256
50.084
48.502
50.567
55.886
63.518
71.866
79.463
85.369
88.862
89.393
83.85
80.238
73.48
64.499
54.536
43.841
37.979
38.769
43.471
49.29
54.496
57.616
57.753
54.932
50.067
44.695
40.314
38.121
38.576
41.356
45.747
50.668
54.809
56.957
56.332
52.914
48.164
44.749
44.819
48.442
54.469
61.676
69.14
75.946
81.216
84.071
83.851
76.017
71.422
63.909
54.543
43.357
35.091
33.137
35.839
40.583
45.854
50.182
52.393
51.76
48.565
43.942
39.293
35.932
34.618
35.564
38.392
42.468
46.779
50.146
51.461
50.157
46.644
42.685
41.036
42.802
46.995
52.252
58.475
65.015
70.961
75.335
77.21
76.017
66.791
61.753
54.235
44.118
34.897
30.566
30.685
33.435
37.604
42.055
45.559
47.084
46.213
43.304
39.407
35.73
33.152
32.235
33.112
35.571
39.085
42.7
45.356
46.099
44.778
41.956
39.55
39.45
41.619
44.824
48.93
54.093
59.567
64.433
67.819
68.779
66.79
58.161
53.502
45.785
37.337
31.624
29.253
29.442
31.561
35.056
38.812
41.846
43.255
42.668
40.478
37.405
34.338
32.005
30.902
31.358
33.29
36.252
39.331
41.618
42.535
41.826
40.08
38.823
38.95
40.101
41.931
44.805
48.774
53.139
57.055
59.644
60.164
58.161
52.222
47.814
41.554
35.908
31.901
29.601
29.159
30.634
33.598
37.125
40.169
41.89
41.935
40.38
37.769
34.758
32.14
30.626
30.617
32.103
34.686
37.634
40.155
41.643
41.682
40.678
39.502
38.669
38.338
38.769
40.379
43.24
46.704
50.075
52.57
53.55
52.222
49.365
46.186
41.979
37.663
33.743
30.906
29.877
30.98
33.774
37.382
40.748
42.929
43.42
42.151
39.506
36.256
33.27
31.358
30.99
32.246
34.813
38.019
40.986
43.055
43.618
42.605
40.712
38.588
36.81
35.938
36.431
38.434
41.533
45.102
48.355
50.198
49.365
49.642
47.751
44.454
40.202
35.928
32.669
31.318
32.295
35.155
39.032
42.749
45.189
45.805
44.453
41.616
38.112
34.868
32.737
32.223
33.475
36.191
39.734
43.117
45.479
46.099
44.76
42.065
38.816
35.84
33.925
33.649
35.299
38.692
43.105
47.235
49.609
49.642
51.499
50.156
46.841
42.312
37.704
34.199
32.722
33.708
36.742
40.83
44.673
47.212
47.771
46.305
43.261
39.583
36.201
33.981
33.487
34.852
37.77
41.508
45.077
47.46
47.972
46.408
43.121
39.112
35.355
32.813
32.263
34.152
38.211
43.236
47.751
50.669
51.499
52.915
51.583
48.074
43.307
38.46
34.761
33.253
34.322
37.457
41.624
45.491
48.074
48.596
47.019
43.84
40.052
36.608
34.379
33.953
35.413
38.437
42.198
45.802
48.214
48.629
46.918
43.43
39.026
34.924
32.228
31.843
34.13
38.501
43.721
48.495
51.799
52.915
52.901
51.51
47.892
42.962
37.911
34.114
32.602
33.705
36.856
40.978
44.868
47.432
47.941
46.315
43.162
39.339
35.887
33.674
33.259
34.751
37.77
41.542
45.077
47.412
47.853
46.062
42.538
38.144
34.024
31.431
31.244
33.688
38.099
43.372
48.276
51.717
52.901
51.546
50.111
46.422
41.395
36.279
32.453
30.944
31.995
35.072
39.113
42.948
45.486
45.987
44.437
41.348
37.582
34.179
32.002
31.562
32.997
35.934
39.603
43.069
45.362
45.779
44.093
40.633
36.366
32.39
29.913
29.836
32.275
36.618
41.854
46.799
50.318
51.545
49.331
47.913
44.208
39.17
34.071
30.258
28.679
29.637
32.585
36.501
40.273
42.793
43.343
41.914
38.94
35.301
31.974
29.815
29.337
30.648
33.427
36.986
40.349
42.627
43.08
41.565
38.269
34.146
30.336
28.001
27.913
30.267
34.51
39.672
44.597
48.109
49.331
47.054
45.661
41.98
36.974
31.921
28.114
26.445
27.259
30.054
33.842
37.552
40.087
40.745
39.464
36.663
33.168
29.906
27.727
27.156
28.333
30.958
34.351
37.67
39.973
40.527
39.139
36.069
32.143
28.46
26.134
25.978
28.18
32.303
37.415
42.303
45.816
47.055
45.384
44.019
40.388
35.429
30.415
26.608
24.829
25.446
28.073
31.759
35.441
38.041
38.853
37.75
35.115
31.745
28.523
26.298
25.602
26.608
29.064
32.361
35.648
38.018
38.747
37.522
34.635
30.88
27.247
24.903
24.605
26.638
30.625
35.679
40.589
44.125
45.384
44.772
43.468
39.887
34.959
29.937
26.084
24.196
24.618
27.086
30.732
34.408
37.131
38.135
37.218
34.74
31.449
28.209
25.887
25.041
25.887
28.209
31.449
34.741
37.218
38.135
37.131
34.407
30.732
27.086
24.618
24.196
26.084
29.938
34.959
39.888
43.468
44.771
