68.2984
67.1384
63.7609
58.4659
51.8336
44.6598
37.702
32.5118
30.9578
32.6988
36.0396
39.2855
41.3637
41.8193
40.7739
38.7839
36.5971
34.9369
34.327
34.9364
36.597
38.7838
40.7728
41.8191
41.3636
39.285
36.0392
32.6983
30.957
32.5115
37.7018
44.6595
51.8331
58.4657
63.7601
67.1373
68.2981
66.151
64.2795
60.2677
54.4755
47.5413
40.0852
33.163
29.1681
29.0037
31.4746
34.9294
38.0219
39.9379
40.2503
39.1167
37.0874
34.8789
33.2126
32.6091
33.222
34.87
37.0458
38.994
39.979
39.4649
37.3509
34.1641
31.2771
30.5388
33.2776
38.8127
45.4485
52.2881
58.4281
63.0777
65.7356
66.1499
60.1244
57.6577
53.1838
47.1408
40.0219
32.4271
26.5685
24.2508
25.1682
27.9013
31.1802
33.969
35.5924
35.7005
34.441
32.35
30.1226
28.4581
27.8587
28.4803
30.1205
32.2508
34.1525
35.115
34.6113
32.552
29.6343
27.4
27.663
31.0213
36.3667
42.6397
49.005
54.5128
58.4515
60.3882
60.1246
51.349
48.5067
43.8694
37.8037
30.5225
23.769
19.7223
18.8213
20.2034
22.7978
25.6701
28.0991
29.3973
29.2509
27.8369
25.6693
23.4284
21.7783
21.1914
21.8024
23.3975
25.4498
27.2834
28.2174
27.7325
25.824
23.2964
21.7802
22.7454
26.2127
31.1873
37.0082
42.7743
47.6002
50.8513
52.147
51.3491
41.4857
38.6503
34.1725
28.018
21.4283
16.4926
14.0439
13.8017
15.1075
17.3045
19.7171
21.7418
22.7157
22.3455
20.7841
18.5453
16.2898
14.646
14.0521
14.6075
16.1048
18.039
19.7724
20.6674
20.2071
18.4835
16.4031
15.4631
16.7407
19.9727
24.5107
29.7685
34.8878
39.0472
41.6964
42.5409
41.4858
32.5099
30.0461
25.6292
20.113
15.24
11.9011
10.2154
9.98588
10.8814
12.5311
14.5258
16.1969
16.9195
16.3809
14.7055
12.4104
10.1212
8.44064
7.82743
8.28582
9.59993
11.3876
13.0009
13.8313
13.4573
11.9657
10.2584
9.62913
10.8657
13.6885
17.6925
22.3138
26.7724
30.3599
32.6279
33.3655
32.5106
26.2451
23.9254
20.1655
16.1919
12.7449
10.1407
8.49431
7.8698
8.14496
9.33129
11.002
12.4671
13.0366
12.3957
10.6445
8.25885
5.90422
4.18528
3.40073
3.7165
4.93394
6.52371
8.04847
8.86563
8.63737
7.39855
5.94657
5.35363
6.2542
8.54955
11.9112
15.8738
19.7686
23.0179
25.2965
26.4561
26.2452
23.2122
21.5591
19.0576
16.2689
13.4676
10.9117
8.89685
7.6543
7.36264
8.14112
9.61521
11.0397
11.5796
10.8443
8.99612
6.50336
4.08969
2.1673
1.25425
1.42617
2.52408
4.03164
5.55734
6.47272
6.44327
5.44411
4.10699
3.3231
3.71487
5.36589
8.04419
11.3934
14.955
18.3224
21.1971
23.101
23.2033
23.8381
23.1846
21.6381
19.2819
16.4511
13.5242
10.9609
9.07081
8.2725
8.84594
10.3616
11.8285
12.3485
11.5796
9.62781
6.99268
4.42822
2.35282
1.28332
1.36137
2.36852
3.99514
5.63795
6.7551
6.93329
6.15126
4.79219
3.66906
3.46036
4.41129
6.47199
9.46109
13.1361
17.1847
20.927
23.2191
23.8373
27.5441
27.5189
26.2303
23.8408
20.6981
17.2595
13.9969
11.4498
10.3247
10.9308
12.5548
14.1031
14.6808
13.8394
11.7707
8.9968
6.21776
4.1072
2.9607
2.97829
4.09342
5.89291
7.76163
9.1165
9.49819
8.81661
7.39065
5.91457
5.10765
5.44019
7.10143
10.1748
14.5717
19.5049
23.586
26.2447
27.5444
32.5551
32.6825
31.2981
28.6253
25.0062
20.9276
16.9891
13.8931
12.6807
13.4412
15.2323
16.8557
17.4209
16.521
14.3597
11.5
8.63312
6.47816
5.35568
5.52804
6.76106
8.79519
10.9163
12.5155
13.0731
12.4194
10.8784
9.09019
7.81997
7.71729
9.40564
13.1292
18.3521
23.6034
27.8812
30.9268
32.555
37.0562
37.0578
35.4498
32.3713
28.1884
23.4557
18.8099
15.4366
14.3959
15.4325
17.3378
18.9522
19.4786
18.5446
16.3266
13.4259
10.5561
8.41467
7.45469
7.7427
9.27306
11.5394
13.9329
15.7279
16.4033
15.7562
14.0913
12.0296
10.4742
10.3622
12.5416
17.0399
22.6041
27.8677
32.2242
35.4025
37.0561
39.8388
39.6076
37.625
34.0907
29.3611
23.9565
18.8423
15.6042
14.9859
16.2042
18.0843
19.6232
20.0754
19.0888
16.8862
14.038
11.2639
9.2358
8.42741
8.99184
10.7344
13.2163
15.7844
17.7203
18.4791
17.81
16.025
13.8561
12.2501
12.4851
15.3459
20.2679
25.7284
30.8639
35.2261
38.3269
39.8391
40.2902
39.7677
37.4403
33.4812
28.1944
22.2988
17.2664
14.5299
14.2422
15.5133
17.2641
18.654
18.9821
17.9647
15.813
13.0905
10.4965
8.68011
8.06785
8.8122
10.7526
13.3812
16.0326
17.9986
18.7448
18.0608
16.2244
14.0563
12.7376
13.5735
16.9419
21.7533
26.9415
31.9274
36.1274
39.0245
40.2896
38.6297
37.8611
35.2386
30.9326
25.2186
19.2593
14.7618
12.5803
12.4772
13.6296
15.1669
16.3693
16.5642
15.544
13.4791
10.9313
8.55257
6.94686
6.50567
7.39517
9.39202
12.0413
14.6957
16.6355
17.3052
16.5905
14.7753
12.8474
11.9929
13.3945
16.8476
21.2867
26.1832
30.9474
34.9114
37.5879
38.6294
35.634
34.7526
31.9581
27.3017
21.4578
15.9989
12.188
10.3716
10.244
11.1624
12.4407
13.4393
13.5281
12.5211
10.5942
8.23829
6.05905
4.62193
4.31202
5.2244
7.18505
9.74951
12.2881
14.1281
14.7488
14.065
12.3965
10.7563
10.425
12.0814
15.2929
19.3763
23.982
28.4834
32.2386
34.7285
35.6343
32.4906
31.5931
28.5964
23.7564
18.3025
13.5317
10.2086
8.49764
8.16775
8.79017
9.81963
10.6691
10.738
9.81488
8.02088
5.81913
3.77098
2.41391
2.11263
2.97621
4.82268
7.24257
9.59954
11.3147
11.9196
11.2814
9.8598
8.60875
8.57869
10.1807
13.0017
16.7693
21.1311
25.4228
29.055
31.5287
32.4894
30.2555
29.2886
26.0899
21.5302
16.6894
12.4209
9.27823
7.44329
6.81806
7.10586
7.968
8.75856
8.92058
8.11857
6.44825
4.33181
2.31795
0.939456
0.547522
1.26856
2.94762
5.17575
7.40331
9.01565
9.60348
9.13942
7.98449
7.02174
7.12009
8.45117
10.9037
14.3863
18.527
22.7331
26.4477
29.1363
30.2554
29.4937
28.3278
25.3055
21.2343
16.8525
12.7742
9.53382
7.42644
6.43864
6.47154
7.2949
8.2181
8.51121
7.84715
6.23995
4.12311
2.04471
0.543662
0
0.544187
2.04477
4.12319
6.2389
7.84633
8.51129
8.21792
7.29487
6.47128
6.43838
7.42649
9.53385
12.7737
16.8525
21.234
25.3051
28.3278
29.4938
