68.7507
67.5852
64.1895
58.8566
52.1615
44.9166
37.8808
32.6372
31.099
32.8932
36.3221
39.6731
41.8354
42.3372
41.3114
39.325
37.1255
35.4507
34.8344
35.4506
37.1253
39.3242
41.3118
42.3372
41.8351
39.673
36.3216
32.8928
31.0989
32.6369
37.8805
44.9162
52.161
58.8552
64.189
67.5843
68.7506
66.6185
64.7423
60.7061
54.8643
47.8578
40.3144
33.3267
29.3322
29.2045
31.743
35.2887
38.4697
40.4474
40.7957
39.6771
37.6439
35.4211
33.7431
33.1368
33.7555
35.4167
37.5986
39.5371
40.4945
39.9163
37.6947
34.3949
31.4296
30.6503
33.4157
39.035
45.7274
52.6324
58.8276
63.5152
66.1951
66.6182
60.618
58.136
53.6255
47.5194
40.3088
32.6323
26.7556
24.4654
25.438
28.2513
31.6191
34.4829
36.1547
36.2919
35.0408
32.9434
30.702
29.0257
28.4198
29.0444
30.6926
32.8227
34.7124
35.6391
35.0506
32.868
29.85
27.5513
27.7918
31.211
36.6216
42.9462
49.3774
54.9416
58.9207
60.8791
60.6183
51.8505
48.9807
44.2929
38.143
30.7675
23.974
19.9406
19.0881
20.5436
23.2245
26.1773
28.6673
30.0071
29.8787
28.4653
26.2868
24.034
22.3708
21.7742
22.383
23.9794
26.0293
27.8488
28.7369
28.153
26.1287
23.5205
21.9525
22.9095
26.4421
31.4623
37.3419
43.1778
48.0607
51.3487
52.6565
51.8507
41.968
39.0911
34.5405
28.2974
21.6594
16.7182
14.3072
14.1347
15.519
17.7939
20.2704
22.3418
23.3457
22.9826
21.4102
19.1563
16.8888
15.2337
14.6292
15.1788
16.6727
18.5998
20.3176
21.1596
20.5983
18.7771
16.6332
15.6398
16.9177
20.2083
24.7935
30.1177
35.3068
39.5172
42.193
43.0403
41.9678
32.9404
30.414
25.9259
20.3752
15.4933
12.1801
10.553
10.3916
11.3467
13.049
15.0898
16.7957
17.533
16.9875
15.2929
12.9822
10.6839
8.99499
8.32756
8.77269
10.1255
11.9074
13.5014
14.2771
13.8097
12.2344
10.4664
9.78198
11.0295
13.9077
17.9644
22.6542
27.1759
30.8063
33.0941
33.8229
32.9401
26.5464
24.2192
20.4477
16.4755
13.0561
10.5042
8.91384
8.32851
8.62516
9.83693
11.5379
13.0236
13.5947
12.9393
11.1694
8.76849
6.40039
4.62618
3.83887
4.13724
5.33449
6.98036
8.49223
9.25953
8.94447
7.62443
6.10977
5.46708
6.38603
8.73727
12.1481
16.1716
20.1216
23.4083
25.7007
26.8451
26.5462
23.43
21.83
19.3516
16.6038
13.8515
11.3361
9.35324
8.12227
7.82832
8.61529
10.104
11.537
12.0715
11.3212
9.45469
6.94862
4.45059
2.53479
1.61649
1.77066
2.85072
4.42588
5.94479
6.8179
6.7065
5.62127
4.21661
3.38991
3.80094
5.50181
8.21887
11.6186
15.2283
18.6249
21.5048
23.3859
23.4301
24.0718
23.46
21.9643
19.6617
16.8703
13.9692
11.4196
9.52615
8.71495
9.28626
10.8058
12.2771
12.7913
12.0073
10.0353
7.38304
4.72359
2.65086
1.57498
1.63684
2.69725
4.33063
5.97131
7.05456
7.15409
6.28156
4.85158
3.69434
3.49654
4.48357
6.56989
9.59473
13.3067
17.3779
21.126
23.4292
24.0719
27.7814
27.8122
26.583
24.2368
21.1171
17.6885
14.4354
11.878
10.7327
11.3333
12.9672
14.5201
15.0919
14.2336
12.1424
9.34565
6.54661
4.351
3.19912
3.25924
4.37466
6.18345
8.03957
9.36377
9.67854
8.91575
7.42384
5.91333
5.10668
5.45933
7.13716
10.2309
14.6593
19.6168
23.7319
26.432
27.781
32.8144
32.999
31.6583
29.0154
25.4106
21.3339
17.3927
14.2722
13.0392
13.801
15.6043
17.2359
17.7971
16.8773
14.6935
11.7972
8.92297
6.68184
5.55692
5.71566
7.00911
9.03902
11.1469
12.7146
13.2192
12.5045
10.9133
9.09274
7.81139
7.71826
9.42195
13.1692
18.4227
23.7059
28.0311
31.1292
32.8145
37.3464
37.3913
35.8188
32.7555
28.5703
23.8257
19.1565
15.7534
14.698
15.7369
17.6563
19.2784
19.803
18.8548
16.6177
13.6986
10.812
8.65593
7.63464
7.97301
9.5031
11.7617
14.135
15.8963
16.5296
15.8417
14.1286
12.0529
10.4868
10.3803
12.5856
17.1166
22.7042
28
32.4127
35.6457
37.3466
40.1595
39.9588
37.9967
34.4632
29.7116
24.2729
19.124
15.8609
15.2276
16.4473
18.3387
19.8867
20.3373
19.3461
17.133
14.274
11.489
9.4545
8.64937
9.21432
10.9564
13.4297
15.9792
17.8863
18.6084
17.9073
16.0949
13.9046
12.2871
12.5343
15.4289
20.3797
25.8623
31.0521
35.4667
38.6103
40.1589
40.6347
40.1292
37.8056
33.8257
28.5149
22.5531
17.4893
14.7301
14.4289
15.7009
17.4597
18.8577
19.1887
18.1728
16.0322
13.307
10.6915
8.87403
8.26584
9.01828
10.9665
13.5903
16.2323
18.175
18.8923
18.1786
16.3132
14.1242
12.8015
13.6556
17.056
21.8965
27.1372
32.1777
36.419
39.3458
40.6347
38.9891
38.2213
35.584
31.2303
25.4617
19.4667
14.9416
12.7394
12.6226
13.7735
15.3161
16.5264
16.7279
15.713
13.6482
11.0963
8.71209
7.10555
6.68353
7.57346
9.58171
12.2354
14.89
16.8178
17.4684
16.7231
14.8771
12.9293
12.0777
13.5036
16.9943
21.4869
26.4398
31.2506
35.2459
37.9398
38.9897
36.003
35.104
32.2701
27.5585
21.679
16.1892
12.3539
10.5161
10.3701
11.2808
12.5602
13.5661
13.6637
12.66
10.73
8.36413
6.17544
4.73312
4.43003
5.36027
7.34024
9.91809
12.4631
14.3041
14.9103
14.1986
12.5009
10.8482
10.527
12.2233
15.4927
19.6342
24.2905
28.8293
32.6053
35.0988
36.0212
32.8514
31.9208
28.8788
24.0168
18.5408
13.7427
10.3934
8.65412
8.29296
8.89632
9.92355
10.7792
10.8541
9.9304
8.12524
5.90693
3.84273
2.47506
2.17888
3.06188
4.93305
7.37398
9.74462
11.4639
12.0601
11.4032
9.9585
8.70301
8.69697
10.3617
13.2472
17.0681
21.4736
25.795
29.4367
31.9055
32.8503
30.5929
29.5941
26.3957
21.8351
16.9755
12.677
9.49877
7.62264
6.94902
7.2055
8.0642
8.85733
9.02319
8.21637
6.53314
4.39459
2.3578
0.960775
0.566872
1.30608
3.01056
5.26476
7.51116
9.13362
9.71989
9.24292
8.07501
7.11553
7.25003
8.65205
11.1669
14.6988
18.8772
23.1071
26.8258
29.5025
30.5928
29.8088
28.6617
25.6564
21.5837
17.1829
13.0698
9.78639
7.62624
6.57339
6.56827
7.38456
8.31454
8.61172
7.94442
6.32339
4.18583
2.08089
0.554873
0
0.554873
2.08087
4.18544
6.32331
7.94442
8.61206
8.31462
7.38469
6.56834
6.57344
7.62603
9.7865
13.0702
17.1831
21.584
25.6564
28.6614
29.8088
