66.6265
65.4475
62.0111
56.6266
49.9005
42.769
35.924
30.7355
29.5147
32.1371
36.3555
40.2357
42.7726
43.5589
42.7284
40.8353
38.6544
36.971
36.3508
36.9708
38.6541
40.8355
42.7283
43.5584
42.7723
40.2355
36.355
32.1364
29.5146
30.7352
35.9237
42.7686
49.9001
56.6263
62.0103
65.446
66.6262
64.4217
62.5023
58.4042
52.5005
45.4907
38.0913
31.1256
27.2366
27.7594
31.2135
35.4468
39.0919
41.4011
42.0046
41.0617
39.1087
36.8978
35.2116
34.6073
35.2372
36.9066
39.0625
40.8914
41.6308
40.7327
38.0905
34.1819
30.3863
29.0443
31.6803
37.1103
43.5443
50.3826
56.6076
61.323
64.0147
64.422
58.2132
55.6634
51.0733
44.9073
37.79
30.1254
24.1931
22.2997
24.1713
27.8205
31.7852
35.0613
37.0268
37.3969
36.3057
34.2797
32.044
30.3574
29.7556
30.3952
32.0506
34.1447
35.9083
36.5935
35.6492
32.9964
29.294
26.2614
26.1978
29.4909
34.5635
40.6537
47.0261
52.5985
56.5795
58.5183
58.2132
49.1219
46.1525
41.3798
35.2535
27.9232
20.9928
17.1328
17.0364
19.3644
22.7617
26.2492
29.1103
30.7173
30.8044
29.5394
27.4264
25.1739
23.4948
22.8982
23.5198
25.1199
27.1241
28.802
29.4226
28.4536
25.9068
22.5896
20.4659
21.2439
24.5376
29.183
34.8521
40.6173
45.4802
48.7415
50.0018
49.1219
38.8031
35.837
31.2826
25.0821
18.3065
13.422
11.6042
12.2372
14.3266
17.2046
20.1701
22.5866
23.8416
23.6805
22.2491
20.055
17.7818
16.1023
15.4899
16.0447
17.5365
19.4086
20.969
21.516
20.5578
18.1784
15.3545
13.9546
15.059
18.0291
22.2449
27.3602
32.4523
36.6143
39.2297
39.9854
38.8031
29.3542
26.8625
22.3998
16.7496
11.9427
9.11511
8.17281
8.6428
10.1363
12.3101
14.7802
16.8211
17.8036
17.4529
15.8937
13.6385
11.3288
9.604
8.91473
9.35455
10.6973
12.4137
13.8404
14.3199
13.4381
11.2941
8.90184
7.8848
8.90465
11.4283
15.1179
19.5797
23.9707
27.5039
29.6773
30.2948
29.3542
22.7831
20.499
16.7458
12.9636
9.96551
7.94124
6.87498
6.76274
7.45227
8.98843
11.062
12.8803
13.6958
13.2302
11.5929
9.24467
6.85668
5.0334
4.20655
4.48359
5.65874
7.23354
8.5758
9.06189
8.33192
6.4691
4.37007
3.35998
4.00357
5.98052
9.015
12.7599
16.5105
19.6403
21.8355
23.0008
22.783
19.7237
18.2548
16.0727
13.7536
11.4057
9.25686
7.66565
6.78453
6.74291
7.76132
9.58021
11.3407
12.1207
11.5576
9.81974
7.36279
4.83607
2.85536
1.87781
1.99955
3.04755
4.55238
5.90929
6.50982
6.0282
4.46104
2.49252
1.21253
1.25265
2.53988
4.8238
7.88514
11.2369
14.5636
17.5559
19.5727
19.7238
20.8159
20.5759
19.4906
17.5266
14.9717
12.3323
10.0703
8.42423
7.77025
8.51387
10.3582
12.1648
12.9181
12.3126
10.468
7.85891
5.1636
3.01617
1.87091
1.91079
2.92767
4.4952
5.99399
6.81968
6.60405
5.31693
3.36193
1.66265
0.96474
1.45587
3.04015
5.6976
9.3415
13.5844
17.5131
19.9321
20.8159
25.3543
25.7519
24.8056
22.642
19.6546
16.3996
13.3751
10.9745
9.92636
10.7015
12.6884
14.5751
15.3699
14.685
12.7168
9.96165
7.126
4.85416
3.63046
3.65055
4.76775
6.50153
8.24312
9.34993
9.37015
8.24717
6.3091
4.21191
2.80073
2.56406
3.74478
6.66845
11.2488
16.3962
20.6894
23.6328
25.354
31.1336
31.5608
30.3789
27.8215
24.2731
20.3067
16.5093
13.4739
12.3178
13.3109
15.5116
17.4644
18.2339
17.4839
15.4241
12.5844
9.6615
7.34846
6.15717
6.28096
7.56359
9.56105
11.5629
12.9343
13.1693
12.128
10.1204
7.77663
5.81244
5.12941
6.53382
10.3359
15.7741
21.1811
25.7321
29.1226
31.1338
36.1853
36.3697
34.857
31.7964
27.6124
22.9295
18.3217
14.9506
13.9955
15.3628
17.7112
19.626
20.3493
19.5742
17.4638
14.5896
11.6729
9.44862
8.3666
8.67704
10.2038
12.44
14.721
16.3014
16.6844
15.694
13.5907
10.9886
8.80183
8.23811
10.3686
15.0023
20.6915
26.1305
30.7803
34.269
36.1855
39.2852
39.1313
37.1462
33.5614
28.7839
23.351
18.1893
14.9428
14.4947
16.1476
18.4535
20.271
20.9194
20.1017
18.0175
15.2076
12.3938
10.2964
9.42665
9.98031
11.7257
14.1832
16.651
18.3905
18.8765
17.8884
15.698
12.9661
10.8225
10.8453
13.768
18.7833
24.3062
29.6461
34.2744
37.6119
39.285
39.8143
39.2717
36.8692
32.8207
27.4674
21.4454
16.3247
13.6196
13.6464
15.4
17.5339
19.1836
19.7118
18.8732
16.8645
14.1899
11.5487
9.67043
9.01447
9.75179
11.7084
14.3241
16.89
18.6773
19.1732
18.1818
15.9431
13.2341
11.5422
12.3232
15.7589
20.5886
25.8467
31.0362
35.4445
38.4865
39.8138
38.003
37.1388
34.4198
29.9746
24.1407
18.031
13.4469
11.4254
11.7555
13.3727
15.2574
16.7097
17.1098
16.273
14.3382
11.8393
9.43269
7.76927
7.29317
8.18781
10.2087
12.8585
15.4462
17.2267
17.665
16.6492
14.4368
12.0206
10.9635
12.3778
15.8556
20.2536
25.2288
30.1612
34.2622
36.992
38.003
34.6757
33.6514
30.7296
25.951
19.9534
14.3369
10.5536
9.04871
9.35846
10.6846
12.2961
13.5444
13.8428
13.0184
11.2152
8.90402
6.69418
5.20004
4.86193
5.79133
7.78899
10.3668
12.8507
14.5539
14.9576
13.9768
11.8938
9.91917
9.46283
11.1463
14.3246
18.3244
22.9886
27.6012
31.413
33.8691
34.6757
31.0873
30.083
26.9743
22.0146
16.4077
11.5875
8.46104
7.09972
7.12135
8.06772
9.41804
10.5345
10.8206
10.0698
8.39039
6.22409
4.14275
2.72921
2.40341
3.29248
5.18775
7.63256
9.94744
11.5366
11.9439
11.0153
9.21251
7.66903
7.59602
9.19697
11.9124
15.5678
19.9473
24.2998
27.8793
30.2501
31.0873
28.5118
27.4795
24.2167
19.5644
14.6741
10.4961
7.60101
6.05913
5.67699
6.19264
7.34893
8.4294
8.81929
8.18505
6.62106
4.53447
2.48328
1.04511
0.62844
1.37847
3.11455
5.37742
7.57087
9.06903
9.47417
8.74231
7.2421
6.03353
6.06036
7.32454
9.61007
12.9506
17.0408
21.2076
24.842
27.4515
28.5116
27.6179
26.4539
23.4173
19.3552
15.0338
11.0691
8.0271
6.14438
5.30488
5.47556
6.55204
7.7933
8.33087
7.83859
6.33754
4.24974
2.13309
0.572543
0
0.572569
2.1333
4.24969
6.33748
7.83869
8.33105
7.79317
6.55217
5.47548
5.30498
6.14443
8.0271
11.0692
15.0336
19.355
23.4175
26.4536
27.6183
