68.3819
67.1967
63.7335
58.3083
51.4979
44.2103
37.3522
32.2847
30.7352
32.4595
35.7285
38.9501
41.0623
41.4901
40.3766
38.2844
36.0632
34.3947
33.7987
34.3944
36.0633
38.2844
40.3769
41.4904
41.0624
38.9501
35.728
32.4589
30.7352
32.2847
37.3521
44.2103
51.4979
58.308
63.7326
67.1961
68.382
66.1747
64.2355
60.0842
54.1375
47.0337
39.595
32.7837
28.8579
28.7557
31.2258
34.6061
37.6811
39.5851
39.864
38.6558
36.5522
34.3188
32.653
32.0452
32.6549
34.3281
36.5816
38.6426
39.7009
39.2017
37.0572
33.9092
31.0542
30.3603
33.1036
38.4654
45.0997
52.0856
58.3499
63.0853
65.7755
66.1746
59.9805
57.409
52.7978
46.6012
39.4566
31.8986
26.0498
23.8577
24.8702
27.6146
30.856
33.6123
35.1959
35.2738
33.9489
31.788
29.53
27.8479
27.2438
27.8943
29.5894
31.8217
33.8461
34.8678
34.3295
32.2499
29.3711
27.1991
27.5379
30.8403
36.0498
42.3583
48.8172
54.3984
58.3771
60.3064
59.9795
50.9919
48.0429
43.302
37.1719
29.8802
23.008
19.046
18.3626
19.9024
22.5178
25.3649
27.7346
28.9815
28.7878
27.3394
25.1033
22.8026
21.1495
20.5699
21.216
22.9091
25.0984
27.0306
27.9848
27.4385
25.541
23.064
21.6417
22.6571
25.9595
30.8453
36.7054
42.5139
47.3633
50.6137
51.8682
50.9918
40.937
38.0265
33.5005
27.3164
20.551
15.5837
13.3345
13.3445
14.8313
17.0835
19.4532
21.3877
22.2842
21.9005
20.3151
18.0137
15.6992
14.032
13.4791
14.0908
15.699
17.7725
19.5812
20.4405
19.9477
18.2597
16.239
15.4028
16.6483
19.6781
24.1337
29.3886
34.5075
38.6618
41.274
42.0532
40.937
31.8202
29.3419
24.9077
19.1841
14.2389
11.0407
9.57966
9.58751
10.6636
12.3707
14.3011
15.8842
16.533
15.9886
14.3047
11.9604
9.61813
7.92045
7.29114
7.82599
9.30075
11.2162
12.8762
13.6551
13.2611
11.8047
10.167
9.62369
10.7455
13.3659
17.2647
21.8399
26.2564
29.7986
32.0198
32.7079
31.8202
25.4489
23.1978
19.2325
15.1912
11.8512
9.41431
7.99499
7.55934
8.03587
9.23604
10.8308
12.1882
12.7211
12.0899
10.3403
7.92688
5.52316
3.74268
2.98611
3.37125
4.67336
6.42641
7.97866
8.75079
8.48163
7.28839
5.89178
5.35153
6.12049
8.20036
11.4143
15.2711
19.0781
22.2791
24.524
25.6777
25.4489
22.4464
20.6507
18.1084
15.4259
12.7601
10.3212
8.47322
7.44237
7.32512
8.07055
9.48664
10.8177
11.3262
10.6374
8.81709
6.30703
3.78174
1.85833
0.946624
1.16213
2.30716
3.96172
5.50544
6.38805
6.3242
5.33919
4.03941
3.27421
3.53778
4.95967
7.43956
10.6567
14.0998
17.4269
20.3223
22.295
22.4464
22.9866
22.327
20.8662
18.6375
15.8789
13.0472
10.5878
8.8875
8.22097
8.7797
10.2177
11.6517
12.1783
11.444
9.50869
6.85807
4.18242
2.10331
1.03854
1.12844
2.20526
3.86508
5.55902
6.65428
6.82567
6.00772
4.66856
3.53602
3.21243
3.94883
5.77778
8.5935
12.182
16.2444
20.0958
22.4897
22.9865
26.8242
26.8751
25.6749
23.3491
20.2239
16.81
13.6602
11.2899
10.2295
10.8004
12.4305
13.9537
14.5272
13.7419
11.6962
8.90499
6.06719
3.86463
2.71319
2.76363
3.88991
5.70298
7.63004
8.99173
9.3572
8.6631
7.20949
5.73176
4.8546
4.9634
6.38319
9.28639
13.6389
18.6554
22.8885
25.4964
26.8251
32.0365
32.2401
30.9009
28.2293
24.5769
20.501
16.6742
13.7047
12.4829
13.2876
15.0825
16.7167
17.2917
16.4491
14.2895
11.3811
8.47238
6.23128
5.08572
5.22763
6.50859
8.55259
10.7299
12.3829
12.9224
12.2329
10.6797
8.88102
7.56866
7.3096
8.78414
12.3704
17.5874
22.9597
27.2495
30.3188
32.0358
36.7183
36.7583
35.1128
31.981
27.747
23.0075
18.4602
15.1429
14.1509
15.215
17.1588
18.8003
19.3622
18.4549
16.218
13.2757
10.374
8.20891
7.20713
7.51156
9.03198
11.3183
13.754
15.5975
16.2778
15.5797
13.8645
11.8297
10.2864
10.0513
12.0762
16.4763
22.0434
27.3299
31.7467
35.0007
36.7183
39.5558
39.3016
37.2623
33.6425
28.8754
23.4956
18.4092
15.2308
14.6812
15.9775
17.9207
19.4832
19.9707
19.0023
16.7615
13.8676
11.0695
9.05236
8.25636
8.80196
10.5477
13.044
15.6745
17.6383
18.3579
17.6524
15.8456
13.6883
12.099
12.2813
15.0353
19.8896
25.2842
30.4445
34.8744
38.0255
39.5558
39.9507
39.3692
36.9849
32.9828
27.72
21.7625
16.6968
14.0596
13.9328
15.3103
17.1187
18.5152
18.8798
17.9016
15.7073
12.9367
10.2926
8.48701
7.90782
8.67463
10.6015
13.2617
15.9458
17.9286
18.6515
17.8998
16.0674
13.9294
12.6276
13.4377
16.7295
21.4135
26.5408
31.5506
35.7894
38.7024
39.9507
38.1607
37.3477
34.7179
30.3947
24.6278
18.5543
14.052
12.0272
12.1587
13.445
15.0481
16.2414
16.4475
15.4633
13.3569
10.7575
8.34859
6.72813
6.35061
7.27959
9.3049
11.9848
14.6228
16.5405
17.1709
16.4563
14.6738
12.7376
11.917
13.2939
16.5994
20.8865
25.7489
30.5236
34.4855
37.1476
38.1615
35.0586
34.1908
31.4316
26.7236
20.7015
15.1393
11.4097
9.8352
9.97175
11.0426
12.3701
13.3434
13.4357
12.4609
10.5022
8.09271
5.86994
4.43562
4.14727
5.12133
7.13658
9.72433
12.2409
14.0202
14.5921
13.9079
12.3114
10.726
10.3731
11.9461
14.9447
18.8925
23.4547
27.9465
31.6916
34.1597
35.0586
31.9016
31.0987
28.086
23.0601
17.446
12.6513
9.46994
8.02327
7.99693
8.76549
9.82593
10.6315
10.6893
9.80383
7.99572
5.74898
3.65333
2.28453
2.02486
2.94563
4.81202
7.24866
9.57985
11.2324
11.7873
11.1797
9.81165
8.61132
8.58368
10.0156
12.5889
16.2326
20.5411
24.8112
28.4151
30.8934
31.9016
29.7796
28.8608
25.5066
20.7721
15.8671
11.6332
8.64535
7.0648
6.75499
7.18011
8.02644
8.7854
8.91706
8.12716
6.49585
4.3571
2.29802
0.893405
0.518379
1.28618
3.00683
5.22614
7.42279
8.99373
9.55325
9.10741
8.02376
7.08281
7.13847
8.22716
10.4287
13.7811
17.8568
22.038
25.7605
28.5178
29.7796
29.0987
27.826
24.6392
20.4849
16.1135
12.096
8.99507
7.14514
6.43767
6.59218
7.36959
8.23546
8.51673
7.86004
6.28865
4.2076
2.09772
0.556448
0
0.556396
2.09777
4.20763
6.28868
7.86009
8.51673
8.23535
7.36999
6.59216
6.43773
7.14498
8.99499
12.0962
16.1135
20.4849
24.6393
27.8262
29.0986
