68.793
67.6224
64.2134
58.8581
52.1191
44.7385
37.6894
32.8229
31.7686
34.0704
37.8584
41.4242
43.7426
44.364
43.423
41.5013
39.3677
37.7618
37.1823
37.7619
39.3674
41.5013
43.4228
44.3639
43.7425
41.4237
37.8581
34.0701
31.7684
32.8226
37.6892
44.7382
52.1186
58.8582
64.213
67.6218
68.7927
66.6334
64.7755
60.7458
54.8912
47.7942
40.1481
33.4095
29.8425
30.1844
33.1161
36.8943
40.2397
42.3643
42.8248
41.7794
39.7933
37.6118
35.9663
35.3529
35.9124
37.4933
39.601
41.4708
42.3427
41.6434
39.2501
35.6575
32.2228
30.9265
33.2402
38.6904
45.5215
52.5123
58.7443
63.4674
66.1823
66.6332
60.5711
58.1306
53.6431
47.5143
40.1935
32.658
27.1216
25.2259
26.5731
29.6589
33.1512
36.1547
37.9516
38.1818
36.978
34.8989
32.662
30.9778
30.3392
30.8986
32.466
34.5218
36.339
37.179
36.472
34.0869
30.6885
27.8811
27.6546
30.7643
36.1979
42.6486
49.129
54.7355
58.7679
60.7812
60.5713
51.752
48.9504
44.2999
38.0934
30.7995
24.265
20.5391
20.0189
21.7135
24.528
27.595
30.2023
31.6357
31.566
30.1709
27.9824
25.704
24.0088
23.3644
23.9031
25.4161
27.3883
29.1346
29.9433
29.2375
26.9631
23.9178
21.8795
22.4677
25.8464
30.9771
36.9325
42.8061
47.7406
51.0972
52.4813
51.752
41.8872
39.1039
34.5648
28.3951
21.9524
17.2375
15.0843
15.1225
16.6389
19.0156
21.5961
23.7399
24.7964
24.4565
22.879
20.5953
18.2858
16.5853
15.9233
16.3955
17.8007
19.6473
21.2958
22.0662
21.3748
19.2727
16.6985
15.3162
16.3254
19.5863
24.2674
29.6323
34.8551
39.1275
41.893
42.8462
41.8872
32.9802
30.5207
26.1295
20.7307
16.011
12.8795
11.4012
11.3506
12.4226
14.2219
16.3229
18.0613
18.8126
18.2619
16.5429
14.1911
11.846
10.1063
9.37395
9.73425
10.994
12.6957
14.2301
14.9409
14.3455
12.4984
10.3595
9.37065
10.4298
13.3174
17.4395
22.1503
26.7099
30.4218
32.8349
33.7181
32.9802
26.7589
24.556
20.9113
17.0604
13.7488
11.2636
9.72514
9.25203
9.69321
10.9826
12.7006
14.1725
14.7201
14.0362
12.232
9.78605
7.34833
5.54301
4.6887
4.89433
5.99218
7.55992
9.02106
9.74202
9.32769
7.79041
5.9837
5.1036
5.87687
8.22588
11.6838
15.7265
19.735
23.1428
25.614
26.9453
26.758
23.9296
22.4394
20.0479
17.3471
14.5867
12.0547
10.1257
9.04348
8.89735
9.73719
11.2067
12.5888
13.0759
12.2821
10.3701
7.82013
5.27704
3.30506
2.30745
2.36332
3.34371
4.84098
6.31947
7.17279
7.01408
5.79424
4.17725
3.16139
3.43954
5.12143
7.88755
11.3389
15.0513
18.6208
21.702
23.6983
23.9298
24.8459
24.3037
22.8077
20.4392
17.5757
14.6604
12.196
10.475
9.79913
10.3903
11.8697
13.268
13.7206
12.8741
10.8512
8.15118
5.44329
3.30971
2.15068
2.10956
3.07084
4.63561
6.24614
7.33426
7.43799
6.51405
4.95826
3.6553
3.33974
4.30025
6.46191
9.59557
13.4663
17.7189
21.6124
24.0776
24.846
28.7673
28.7735
27.4501
25.0038
21.8271
18.4173
15.2757
12.8792
11.8377
12.4432
14.0166
15.4944
15.9919
15.0627
12.9075
10.0542
7.19752
4.93473
3.69626
3.66108
4.69077
6.43484
8.28287
9.62267
9.96726
9.21396
7.67862
6.08302
5.1924
5.53096
7.30776
10.5626
15.1564
20.2513
24.5292
27.3586
28.7674
33.8558
33.9591
32.5282
29.8145
26.1824
22.1413
18.2989
15.3034
14.1397
14.9021
16.6514
18.2147
18.7009
17.704
15.4456
12.4768
9.53353
7.21808
6.00869
6.08229
7.31084
9.30283
11.4058
12.9961
13.5387
12.8591
11.2804
9.43978
8.12464
8.04243
9.84145
13.7308
19.1298
24.5862
29.0401
32.1942
33.8561
38.3414
38.3312
36.7052
33.6043
29.4116
24.6943
20.0875
16.7551
15.7436
16.7837
18.6608
20.2287
20.6888
19.6656
17.3443
14.3391
11.3708
9.13774
8.0382
8.30876
9.79419
12.0389
14.423
16.2141
16.8906
16.2459
14.5702
12.5183
10.9607
10.8792
13.1464
17.7902
23.553
28.9828
33.4526
36.6664
38.3412
41.0868
40.8722
38.8985
35.3549
30.5914
25.1401
19.9927
16.7528
16.1455
17.3701
19.2346
20.7465
21.1485
20.0806
17.7769
14.8224
11.9554
9.85311
8.97291
9.49517
11.2137
13.693
16.2688
18.2139
18.984
18.3317
16.5829
14.4364
12.8457
13.1145
16.0571
21.1272
26.7263
31.9674
36.4008
39.5458
41.0867
41.4982
41.0291
38.726
34.7396
29.3614
23.3467
18.226
15.4564
15.1709
16.45
18.1957
19.5671
19.8543
18.7658
16.5381
13.7201
11.0293
9.15937
8.50812
9.22441
11.1554
13.7918
16.4653
18.4637
19.2455
18.6035
16.8133
14.6794
13.3847
14.2623
17.7156
22.6149
27.8776
32.9391
37.2077
40.1689
41.4978
39.827
39.1336
36.5444
32.1485
26.2678
20.1341
15.516
13.2829
13.1786
14.3423
15.88
17.0677
17.2251
16.14
13.9924
11.3614
8.92079
7.2818
6.83449
7.69411
9.68718
12.3483
15.0389
17.0252
17.7606
17.1091
15.3585
13.4685
12.646
14.0913
17.5829
22.0495
27.0015
31.8448
35.9051
38.6853
39.8272
36.8612
36.0606
33.2554
28.4505
22.3831
16.7222
12.7728
10.9002
10.7742
11.7104
12.9997
13.9626
14.0089
12.9384
10.9354
8.50607
6.27768
4.821
4.50743
5.41226
7.36954
9.95036
12.5283
14.4351
15.1372
14.5343
12.9461
11.3558
11.0587
12.7372
15.9305
20.0245
24.6981
29.3086
33.1952
35.8259
36.8611
33.7791
32.9537
29.8815
24.8208
19.1235
14.1493
10.6921
8.93156
8.61413
9.2557
10.2719
11.0864
11.1005
10.1048
8.23451
5.96432
3.8744
2.50572
2.20912
3.07123
4.91788
7.35773
9.76087
11.5478
12.2457
11.7083
10.371
9.17447
9.18418
10.7718
13.546
17.3404
21.7983
26.246
30.0308
32.6735
33.778
31.6328
30.681
27.3063
22.5034
17.4343
12.9813
9.72393
7.8576
7.25701
7.56047
8.39911
9.14446
9.22104
8.33554
6.58402
4.40212
2.3484
0.960565
0.574039
1.29652
2.98013
5.23745
7.51959
9.20794
9.89412
9.53127
8.46091
7.54918
7.6568
8.95288
11.3852
14.9221
19.1908
23.5705
27.4801
30.3624
31.6331
30.9275
29.6575
26.4235
22.13
17.5453
13.3097
9.9837
7.87083
6.9184
6.95681
7.74207
8.59224
8.80383
8.03366
6.3447
4.16588
2.05191
0.542034
0
0.541982
2.05162
4.16627
6.34463
8.034
8.80372
8.59245
7.74213
6.95673
6.91872
7.87099
9.98381
13.3101
17.5451
22.1301
26.4237
29.6572
30.9276
