66.2383
65.0353
61.527
56.0371
49.1853
41.9608
35.3336
30.3486
29.1156
31.6543
35.7131
39.4702
41.9606
42.6721
41.7511
39.7496
37.5434
35.8655
35.2662
35.8654
37.5431
39.7496
41.7508
42.6722
41.9606
39.4701
35.713
31.6546
29.1158
30.3464
35.3336
41.9608
49.1852
56.0365
61.5258
65.0347
66.2379
63.956
61.9672
57.747
51.7263
44.5972
37.2942
30.5483
26.7448
27.2751
30.6493
34.7158
38.2607
40.5007
41.034
39.9975
37.9711
35.7472
34.0727
33.467
34.0869
35.7702
38.0021
39.9547
40.7982
39.98
37.4114
33.6474
29.9615
28.7246
31.3447
36.4722
42.8455
49.7897
56.098
60.8699
63.5739
63.9556
57.5452
54.9004
50.2048
43.9507
36.8336
29.3431
23.4564
21.6668
23.5791
27.1449
30.9772
34.1485
36.0323
36.3409
35.1726
33.08
30.8252
29.1327
28.5315
29.1972
30.9011
33.1215
35.0037
35.7844
34.8921
32.3366
28.7649
25.8634
25.9257
29.0689
33.9301
40.0025
46.4266
52.0311
56.0133
57.9223
57.5453
48.2266
45.1768
40.3533
34.2097
26.9842
19.9811
16.19
16.2864
18.7044
22.0208
25.396
28.1382
29.6589
29.6791
28.3762
26.2031
23.8999
22.2305
21.6501
22.3095
24.0098
26.1578
27.9494
28.636
27.7295
25.2828
22.0854
20.1215
20.9848
24.0058
28.5227
34.1643
39.9221
44.7728
47.9818
49.1832
48.2267
37.7153
34.7346
30.1997
24.0648
17.1417
12.2355
10.5912
11.428
13.6213
16.4624
19.3156
21.5985
22.7742
22.5691
21.1225
18.8792
16.5557
14.864
14.3019
14.9206
16.5305
18.5528
20.204
20.7786
19.8821
17.6293
14.919
13.7012
14.7738
17.4608
21.5471
26.5846
31.6265
35.734
38.2787
38.9626
37.731
28.1874
25.7595
21.3565
15.509
10.6425
7.92192
7.17174
7.82538
9.44387
11.6076
13.9639
15.8849
16.7819
16.4304
14.8803
12.5907
10.2346
8.49987
7.84804
8.37991
9.84689
11.7007
13.192
13.6775
12.8726
10.8412
8.57226
7.71417
8.60718
10.8608
14.3888
18.7234
23.0213
26.4618
28.5624
29.1187
28.1875
21.6729
19.4601
15.5097
11.6371
8.72073
6.83084
5.93276
5.98336
6.85019
8.37471
10.3342
12.0274
12.8061
12.3624
10.7447
8.38354
5.95778
4.12597
3.32874
3.69479
4.97824
6.66205
8.0434
8.52602
7.85657
6.1166
4.1339
3.25436
3.73464
5.42389
8.2427
11.8074
15.4285
18.4505
20.6015
21.7983
21.6729
18.7033
17.0446
14.802
12.5457
10.2895
8.21317
6.76434
6.09533
6.23756
7.20986
8.9408
10.6095
11.3628
10.8567
9.16389
6.7028
4.14692
2.1564
1.1851
1.36668
2.4853
4.07134
5.45298
6.06509
5.63377
4.16328
2.29789
1.10366
0.995248
1.98005
4.00777
6.85035
10.0584
13.313
16.3357
18.4778
18.7033
19.6793
19.4037
18.3606
16.4745
13.9576
11.369
9.21986
7.77534
7.2693
7.99727
9.75368
11.5062
12.2876
11.7138
9.92069
7.31262
4.59801
2.44219
1.30697
1.35426
2.40519
4.0083
5.56105
6.41399
6.25728
5.02101
3.15323
1.50026
0.689824
0.897107
2.19114
4.62398
8.15367
12.409
16.4487
18.9612
19.6793
24.3365
24.7816
23.8718
21.7342
18.7372
15.5
12.5777
10.3711
9.40399
10.1469
12.1284
13.9846
14.7812
14.1664
12.2433
9.4936
6.61676
4.33431
3.11011
3.11899
4.22784
5.99919
7.80548
8.95009
9.02187
7.96419
6.04086
3.99354
2.50643
2.03237
2.92118
5.66641
10.1874
15.4223
19.7818
22.638
24.3366
30.3259
30.7801
29.6043
27.0142
23.417
19.4468
15.7657
12.8833
11.7307
12.7672
14.9592
16.914
17.698
17.0239
14.9885
12.1224
9.17449
6.85767
5.64406
5.74969
7.02106
9.03721
11.1108
12.5669
12.8362
11.8178
9.84339
7.5
5.54705
4.66922
5.83428
9.48029
14.9095
20.3844
24.9088
28.2888
30.326
35.5417
35.7231
34.1362
31.0018
26.7608
22.075
17.6113
14.3123
13.4129
14.8041
17.1752
19.114
19.8763
19.1404
17.0299
14.1315
11.1954
8.95737
7.89317
8.16872
9.68639
11.9548
14.301
15.9861
16.392
15.3889
13.282
10.7378
8.5439
7.8656
9.8079
14.3162
20.0046
25.4128
30.0814
33.6029
35.5416
38.6722
38.4628
36.3963
32.7167
27.9144
22.5415
17.447
14.2841
13.9124
15.6406
17.9886
19.8324
20.5205
19.7236
17.6119
14.764
11.9326
9.84647
8.98806
9.51799
11.2694
13.755
16.3058
18.1021
18.5859
17.5922
15.4046
12.718
10.5929
10.58
13.3586
18.2725
23.703
29.0103
33.6665
37.0158
38.6722
39.1218
38.5011
36.0318
31.9431
26.6314
20.6344
15.5044
12.9207
13.1022
14.9693
17.158
18.8077
19.3715
18.5703
16.5065
13.7836
11.1089
9.23832
8.61035
9.36348
11.3002
13.955
16.5645
18.3919
18.8791
17.8607
15.6507
12.9999
11.3348
12.0779
15.4068
20.0665
25.2237
30.3961
34.8073
37.8359
39.1218
37.168
36.2531
33.5095
29.1084
23.2845
17.0971
12.531
10.6882
11.2725
13.0106
14.9551
16.3939
16.8011
15.9954
14.0186
11.4683
9.03219
7.35011
6.93014
7.85227
9.89338
12.5711
15.1428
16.9141
17.3351
16.3494
14.1619
11.7988
10.7767
12.1497
15.4386
19.6281
24.5245
29.428
33.4812
36.1947
37.1679
33.7203
32.7243
29.8726
25.103
18.9694
13.2649
9.58244
8.3504
8.95172
10.4271
12.0782
13.2981
13.5943
12.7986
10.9677
8.60846
6.36014
4.87004
4.54576
5.51964
7.55425
10.1429
12.5985
14.2412
14.6131
13.6621
11.6786
9.75308
9.2934
10.859
13.7545
17.5651
22.1455
26.7155
30.4985
32.9276
33.7214
30.1341
29.2535
26.1864
21.0701
15.3145
10.4828
7.51689
6.46178
6.82522
7.93017
9.30062
10.3739
10.6469
9.93479
8.25126
6.05435
3.93754
2.51841
2.2295
3.15559
5.04629
7.48659
9.76284
11.2876
11.6556
10.7783
9.0512
7.57832
7.48115
8.8472
11.2403
14.7208
19.0122
23.2965
26.8604
29.2392
30.134
27.7049
26.7559
23.3467
18.5182
13.5711
9.44563
6.72706
5.50155
5.49231
6.17182
7.30461
8.3572
8.71535
8.09715
6.58554
4.4963
2.42089
0.971934
0.573252
1.35179
3.10329
5.33155
7.47561
8.92541
9.30619
8.60463
7.15656
6.00242
5.95891
6.90039
8.86398
12.0261
16.0221
20.1456
23.7855
26.4739
27.7049
26.9195
25.6351
22.4177
18.2688
13.9681
10.0925
7.23186
5.66788
5.18523
5.48892
6.53823
7.71834
8.24202
7.75864
6.30535
4.24402
2.15173
0.573961
0
0.573908
2.15102
4.24404
6.30524
7.75872
8.24192
7.71834
6.53771
5.48884
5.18523
5.66801
7.23189
10.0926
13.9681
18.2688
22.4174
25.6351
26.9194
