66.4116
65.2353
61.8045
56.4258
49.7184
42.6172
35.8081
30.6448
29.4445
32.1065
36.3419
40.2327
42.7718
43.5399
42.694
40.7868
38.5821
36.885
36.2661
36.8907
38.5807
40.7878
42.7066
43.5458
42.766
40.2246
36.3397
32.1031
29.4443
30.6475
35.8099
42.6214
49.7237
56.4213
61.8074
65.2287
66.4054
64.2219
62.306
58.2182
52.3299
45.3417
37.9736
31.0353
27.1663
27.7197
31.1941
35.4453
39.0956
41.4055
41.9897
41.039
39.0661
36.8384
35.1377
34.5253
35.157
36.8413
39.0283
40.8756
41.6298
40.7409
38.0933
34.1697
30.3434
28.9753
31.5856
36.983
43.3802
50.1897
56.4042
61.1166
63.8064
64.2145
58.0391
55.497
50.9276
44.78
37.6921
30.0492
24.1369
22.2619
24.1587
27.8269
31.8019
35.077
37.0431
37.3982
36.2981
34.2455
31.9953
30.2998
29.7011
30.3369
32.0092
34.1295
35.9164
36.6151
35.6696
33.0094
29.2986
26.2307
26.1387
29.406
34.4394
40.4998
46.8464
52.4064
56.3899
58.3371
58.0415
48.9951
46.0396
41.2895
35.1817
27.8729
20.9612
17.1176
17.0422
19.387
22.7909
26.2745
29.1458
30.7464
30.8175
29.5342
27.4097
25.137
23.4556
22.8648
23.4932
25.1086
27.1282
28.8324
29.4669
28.507
25.9484
22.603
20.4553
21.2124
24.4761
29.074
34.7205
40.4711
45.3273
48.5873
49.8624
48.9946
38.7215
35.7806
31.2568
25.0749
18.3177
13.446
11.6423
12.286
14.3739
17.2552
20.2164
22.6242
23.8761
23.7162
22.2673
20.0561
17.7696
16.0861
15.4706
16.0486
17.552
19.4493
21.0178
21.5869
20.6298
18.2362
15.3903
13.9658
15.0561
17.9894
22.1603
27.265
32.3458
36.4999
39.1238
39.8931
38.7188
29.3301
26.8681
22.434
16.7993
12.0027
9.191
8.25579
8.72143
10.2035
12.3655
14.8309
16.8679
17.85
17.4978
15.9321
13.6552
11.3331
9.6
8.92424
9.36878
10.7254
12.4619
13.9105
14.3973
13.5186
11.3645
8.95038
7.92045
8.9282
11.4122
15.0796
19.5192
23.907
27.4354
29.6219
30.2484
29.3319
22.8221
20.5634
16.8307
13.0713
10.0815
8.05437
6.98323
6.85627
7.52654
9.04684
11.1184
12.9363
13.7531
13.2767
11.6273
9.27608
6.87189
5.04166
4.22615
4.50681
5.70074
7.29401
8.64971
9.15109
8.4233
6.54729
4.42903
3.41195
4.03601
5.99765
9.0013
12.7362
16.4782
19.6118
21.8214
23.011
22.8244
19.8226
18.3816
16.2168
13.9162
11.5662
9.40179
7.78742
6.88881
6.82332
7.81654
9.62107
11.3873
12.1736
11.6079
9.85868
7.39186
4.86267
2.86881
1.89648
2.02673
3.08413
4.60549
5.98223
6.58679
6.11142
4.54063
2.55994
1.26938
1.314
2.57679
4.83949
7.88604
11.2458
14.5784
17.5964
19.647
19.8211
20.9602
20.7526
19.6889
17.7263
15.1566
12.4884
10.1993
8.53072
7.83867
8.562
10.396
12.1992
12.9584
12.3557
10.5051
7.883
5.17445
3.02614
1.87737
1.92472
2.95191
4.53757
6.05503
6.88233
6.67951
5.38334
3.42326
1.72351
1.01965
1.49672
3.07704
5.72153
9.37983
13.6449
17.5992
20.0503
20.9629
25.5558
25.9724
25.0335
22.8631
19.8464
16.5537
13.4991
11.067
9.97667
10.7304
12.7155
14.6063
15.4043
14.7167
12.7378
9.97182
7.12931
4.84999
3.62618
3.64918
4.78194
6.52688
8.2871
9.41172
9.43201
8.31137
6.3587
4.26508
2.84777
2.61374
3.7863
6.72122
11.323
16.504
20.8226
23.7998
25.5525
31.3697
31.8083
30.6174
28.0375
24.4553
20.4483
16.6151
13.543
12.3441
13.3198
15.5267
17.4866
18.2515
17.5072
15.4403
12.5786
9.65127
7.32521
6.13857
6.25944
7.55361
9.57173
11.585
12.9714
13.2143
12.1797
10.1671
7.81325
5.84715
5.17119
6.59173
10.4138
15.8892
21.3196
25.906
29.3309
31.368
36.4403
36.6187
35.0978
31.9996
27.7804
23.0536
18.4099
14.986
14.001
15.3557
17.7165
19.6368
20.3576
19.5853
17.4656
14.5846
11.6523
9.41497
8.32784
8.64148
10.1754
12.4419
14.7318
16.3322
16.7157
15.7241
13.621
11.0109
8.82797
8.27819
10.4339
15.113
20.8315
26.3009
30.9879
34.5032
36.442
39.5465
39.3814
37.3753
33.7514
28.9343
23.4617
18.2442
14.955
14.487
16.135
18.4532
20.2803
20.9199
20.1015
18.0132
15.1871
12.3624
10.2488
9.38227
9.93431
11.6978
14.1671
16.6523
18.4039
18.8906
17.9192
15.7162
12.9854
10.8417
10.8878
13.8565
18.9091
24.4599
29.8445
34.5007
37.866
39.5465
40.0755
39.5177
37.0932
33.001
27.5979
21.5353
16.3541
13.6255
13.6368
15.3973
17.5424
19.1936
19.7203
18.8791
16.861
14.1723
11.5183
9.62629
8.9716
9.7069
11.6751
14.3097
16.8877
18.688
19.1941
18.1938
15.9534
13.2398
11.5716
12.3784
15.858
20.7295
26.0253
31.2492
35.6881
38.7537
40.0768
38.2613
37.3773
34.6271
30.1416
24.26
18.1006
13.475
11.4344
11.7551
13.3763
15.2688
16.7199
17.1298
16.2847
14.3382
11.823
9.40538
7.73141
7.25481
8.15528
10.1905
12.8424
15.4497
17.2451
17.6876
16.6732
14.4506
12.0333
10.994
12.4468
15.9718
20.398
25.4161
30.3814
34.5109
37.2541
38.2559
34.9193
33.8864
30.9379
26.1166
20.0698
14.4014
10.5857
9.07014
9.37723
10.7095
12.3252
13.568
13.8671
13.0404
11.2284
8.90211
6.67865
5.17341
4.83557
5.77181
7.77659
10.3621
12.8603
14.5801
14.9813
14.0047
11.9136
9.94037
9.50934
11.2384
14.4445
18.4797
23.1767
27.8245
31.6584
34.1213
34.928
31.3258
30.3066
27.173
22.177
16.5226
11.6629
8.51992
7.14283
7.16601
8.10654
9.44787
10.5697
10.8526
10.105
8.41768
6.23443
4.13597
2.72334
2.39208
3.28529
5.1833
7.64368
9.9734
11.5758
11.9793
11.0456
9.23336
7.70678
7.66037
9.29619
12.0448
15.7194
20.1319
24.5143
28.1114
30.4963
31.3319
28.7503
27.7112
24.4223
19.7318
14.8121
10.5919
7.67857
6.1263
5.7415
6.23807
7.389
8.46201
8.85584
8.22236
6.65726
4.55237
2.48715
1.04072
0.624272
1.38184
3.12379
5.39728
7.60045
9.10732
9.51255
8.77727
7.28022
6.07961
6.1337
7.41605
9.72691
13.0871
17.2089
21.4096
25.0594
27.6913
28.7576
27.8521
26.6823
23.6285
19.542
15.1833
11.1941
8.13368
6.23926
5.36655
5.52118
6.58738
7.82893
8.36718
7.88414
6.36981
4.26988
2.14216
0.573093
0
0.569949
2.14199
4.2676
6.37497
7.88157
8.36912
7.83565
6.58799
5.52318
5.37316
6.23364
8.13287
11.1945
15.1888
19.5343
23.6289
26.6875
27.8603
