66.627
66.331
65.447
63.997
62.011
59.534
56.627
53.38
49.9
46.323
42.769
39.287
35.924
32.952
30.736
29.558
29.515
30.461
32.137
34.182
36.355
38.412
40.236
41.701
42.773
43.387
43.559
43.317
42.729
41.868
40.835
39.729
38.654
37.707
36.971
36.508
36.351
36.508
36.971
37.707
38.654
39.729
40.835
41.868
42.728
43.317
43.558
43.386
42.772
41.7
40.236
38.412
36.355
34.182
32.136
30.461
29.515
29.558
30.736
32.952
35.924
39.287
42.769
46.322
49.9
53.378
56.626
59.534
62.011
63.996
65.447
66.33
66.628
66.07
65.58
64.511
62.882
60.729
58.098
55.058
51.707
48.158
44.535
40.909
37.308
33.914
31.106
29.238
28.507
28.888
30.163
32.01
34.111
36.28
38.303
40.06
41.487
42.504
43.075
43.206
42.937
42.325
41.448
40.403
39.287
38.207
37.257
36.521
36.063
35.91
36.072
36.535
37.269
38.212
39.283
40.382
41.405
42.245
42.812
43.026
42.825
42.18
41.067
39.568
37.718
35.633
33.523
31.588
30.158
29.573
30.037
31.578
34.02
37.018
40.253
43.644
47.139
50.646
54.024
57.144
59.897
62.206
64.013
65.276
65.967
66.07
64.422
63.748
62.502
60.709
58.404
55.642
52.5
49.078
45.491
41.823
38.091
34.409
31.126
28.645
27.236
26.991
27.759
29.279
31.213
33.347
35.447
37.405
39.092
40.453
41.401
41.918
42.004
41.701
41.062
40.168
39.109
37.984
36.898
35.946
35.212
34.757
34.607
34.773
35.237
35.968
36.907
37.973
39.063
40.07
40.892
41.44
41.631
41.413
40.733
39.623
38.091
36.241
34.182
32.152
30.387
29.264
29.044
29.877
31.681
34.204
37.11
40.231
43.544
46.972
50.383
53.637
56.608
59.194
61.324
62.943
64.014
64.511
64.422
61.761
60.916
59.509
57.569
55.136
52.273
49.066
45.609
41.997
38.247
34.42
30.794
27.804
25.777
24.883
25.079
26.165
27.824
29.789
31.887
33.917
35.776
37.385
38.658
39.534
39.991
40.031
39.685
39.016
38.101
37.028
35.895
34.804
33.852
33.118
32.663
32.515
32.684
33.151
33.881
34.816
35.871
36.944
37.934
38.739
39.274
39.45
39.217
38.517
37.396
35.864
34.034
32.035
30.119
28.585
27.782
27.916
29.03
30.975
33.473
36.258
39.28
42.523
45.86
49.15
52.259
55.063
57.47
59.413
60.843
61.723
62.031
61.761
58.213
57.212
55.664
53.602
51.074
48.148
44.908
41.442
37.79
33.935
30.125
26.749
24.194
22.696
22.3
22.882
24.171
25.881
27.821
29.844
31.786
33.544
35.062
36.235
37.027
37.416
37.397
37.007
36.306
35.369
34.28
33.138
32.045
31.091
30.358
29.904
29.756
29.926
30.396
31.123
32.051
33.09
34.145
35.116
35.909
36.427
36.594
36.335
35.649
34.511
32.997
31.182
29.294
27.536
26.262
25.77
26.198
27.499
29.491
31.888
34.564
37.496
40.654
43.876
47.026
49.971
52.598
54.823
56.58
57.822
58.518
58.651
58.213
53.934
52.8
51.142
48.993
46.407
43.459
40.231
36.758
33.006
29.15
25.536
22.571
20.553
19.602
19.648
20.487
21.86
23.556
25.444
27.35
29.167
30.829
32.246
33.325
34.031
34.345
34.262
33.821
33.086
32.123
31.018
29.869
28.773
27.821
27.09
26.637
26.491
26.66
27.126
27.846
28.76
29.781
30.815
31.767
32.542
33.04
33.195
32.935
32.234
31.105
29.622
27.87
26.093
24.528
23.525
23.301
23.944
25.346
27.297
29.575
32.154
34.996
38.048
41.136
44.131
46.904
49.351
51.391
52.966
54.029
54.553
54.522
53.934
49.123
47.888
46.153
43.962
41.38
38.47
35.254
31.703
27.923
24.212
20.993
18.573
17.133
16.667
17.036
17.999
19.364
20.981
22.762
24.554
26.249
27.807
29.11
30.095
30.717
30.953
30.804
30.314
29.54
28.548
27.427
26.271
25.174
24.224
23.495
23.044
22.898
23.064
23.52
24.227
25.12
26.116
27.125
28.052
28.802
29.285
29.423
29.154
28.454
27.345
25.907
24.24
22.589
21.23
20.466
20.468
21.244
22.668
24.537
26.704
29.183
31.927
34.852
37.791
40.617
43.213
45.48
47.343
48.742
49.636
50.003
49.83
49.122
43.995
42.702
40.955
38.797
36.27
33.389
30.123
26.529
22.869
19.538
16.863
15.039
14.123
14.009
14.531
15.51
16.812
18.341
19.972
21.628
23.194
24.634
25.832
26.721
27.26
27.422
27.216
26.679
25.864
24.844
23.707
22.545
21.446
20.497
19.77
19.319
19.17
19.325
19.765
20.452
21.317
22.284
23.261
24.16
24.883
25.346
25.48
25.191
24.497
23.421
22.014
20.464
18.953
17.788
17.228
17.388
18.233
19.625
21.384
23.45
25.822
28.449
31.23
34.005
36.661
39.083
41.174
42.861
44.094
44.839
45.074
44.793
43.994
38.803
37.53
35.837
33.754
31.283
28.385
25.082
21.604
18.306
15.506
13.422
12.137
11.604
11.693
12.237
13.155
14.327
15.713
17.205
18.726
20.17
21.493
22.587
23.385
23.842
23.938
23.681
23.1
22.25
21.206
20.056
18.884
17.782
16.83
16.103
15.648
15.49
15.627
16.045
16.704
17.537
18.467
19.409
20.275
20.969
21.424
21.516
21.235
20.558
19.522
18.178
16.721
15.355
14.358
13.955
14.208
15.059
16.386
18.029
19.99
22.245
24.737
27.36
29.969
32.453
34.698
36.614
38.141
39.23
39.851
39.986
39.631
38.804
33.833
32.641
31.062
29.068
26.605
23.68
20.484
17.358
14.575
12.365
10.827
9.9525
9.6322
9.7697
10.262
11.05
12.083
13.273
14.604
15.972
17.326
18.535
19.535
20.254
20.64
20.679
20.373
19.752
18.874
17.812
16.65
15.469
14.36
13.4
12.665
12.198
12.024
12.137
12.527
13.152
13.947
14.839
15.743
16.571
17.235
17.649
17.743
17.465
16.816
15.824
14.548
13.188
11.954
11.1
10.792
11.082
11.897
13.128
14.655
16.498
18.623
20.966
23.424
25.858
28.164
30.236
31.996
33.381
34.354
34.885
34.972
34.617
33.833
29.355
28.327
26.863
24.883
22.4
19.587
16.75
14.136
11.943
10.262
9.1151
8.439
8.1737
8.261
8.643
9.271
10.136
11.151
12.31
13.539
14.781
15.898
16.821
17.474
17.804
17.8
17.453
16.797
15.894
14.815
13.638
12.449
11.329
10.356
9.604
9.1152
8.9155
8.999
9.3549
9.94
10.696
11.547
12.413
13.205
13.841
14.233
14.32
14.054
13.438
12.497
11.295
10.028
8.9017
8.1427
7.8851
8.1525
8.9043
10.023
11.428
13.14
15.118
17.297
19.58
21.838
23.971
25.885
27.505
28.778
29.677
30.183
30.295
30.011
29.354
25.651
24.747
23.296
21.32
18.982
16.541
14.214
12.158
10.451
9.1288
8.1767
7.5591
7.2478
7.2227
7.4488
7.9119
8.5668
9.4095
10.419
11.534
12.665
13.707
14.571
15.171
15.459
15.421
15.044
14.365
13.439
12.339
11.145
9.9398
8.8031
7.8132
7.0362
6.5192
6.2821
6.3298
6.6447
7.1875
7.9024
8.7142
9.5444
10.307
10.92
11.3
11.389
11.148
10.572
9.6893
8.5633
7.3884
6.3382
5.6193
5.3607
5.5869
6.2339
7.2254
8.4964
10.06
11.873
13.878
15.98
18.064
20.038
21.811
23.325
24.54
25.428
25.983
26.205
26.105
25.651
22.783
21.904
20.499
18.712
16.746
14.786
12.963
11.346
9.9658
8.8315
7.9416
7.2858
6.8749
6.6997
6.7629
6.9962
7.4524
8.1146
8.9893
10.003
11.062
12.055
12.88
13.445
13.695
13.63
13.23
12.538
11.593
10.471
9.2446
8.0159
6.857
5.8422
5.0337
4.4798
4.2067
4.2136
4.4833
4.9842
5.6592
6.4345
7.2337
7.9752
8.5761
8.9569
9.0621
8.8586
8.3324
7.5175
6.4695
5.3686
4.3705
3.6666
3.3603
3.4878
4.004
4.8518
5.9809
7.3788
9.0158
10.835
12.761
14.68
16.511
18.18
19.641
20.862
21.836
22.554
23.001
23.115
22.784
20.769
19.97
18.773
17.334
15.804
14.296
12.864
11.543
10.336
9.2552
8.3272
7.5713
7.0476
6.6991
6.5438
6.585
6.847
7.3558
8.1057
9.0163
10.021
10.992
11.796
12.344
12.584
12.496
12.076
11.357
10.389
9.2421
7.9731
6.713
5.5214
4.4711
3.6462
3.0514
2.7314
2.6998
2.9289
3.3914
4.0312
4.7774
5.5571
6.2887
6.8912
7.2866
7.4125
7.2675
6.8015
6.0616
5.0889
4.0481
3.0731
2.3441
1.9578
1.9593
2.3231
3.013
3.975
5.1904
6.6339
8.2927
10.036
11.806
13.528
15.151
16.643
17.99
19.165
20.124
20.787
21.041
20.769
19.724
19.135
18.255
17.208
16.073
14.919
13.754
12.58
11.406
10.277
9.2571
8.3703
7.6659
7.1272
6.7848
6.6464
6.7432
7.1101
7.7615
8.6137
9.5805
10.533
11.341
11.889
12.121
12.017
11.558
10.815
9.8198
8.642
7.362
6.066
4.836
3.7445
2.8567
2.2173
1.8784
1.8014
1.9997
2.4326
3.0488
3.7775
4.5526
5.2892
5.9093
6.3364
6.51
6.423
6.028
5.3631
4.4605
3.4642
2.4924
1.7087
1.2123
1.0611
1.253
1.7626
2.5397
3.5704
4.8243
6.3031
7.8847
9.547
11.237
12.917
14.564
16.129
17.556
18.745
19.573
19.907
19.725
19.75
19.445
18.903
18.216
17.394
16.462
15.404
14.228
12.985
11.766
10.603
9.5802
8.6892
7.9781
7.4426
7.1251
7.0641
7.3365
7.9219
8.7458
9.7135
10.674
11.488
12.039
12.242
12.126
11.673
10.908
9.8837
8.6703
7.3508
6.0134
4.7413
3.6067
2.6754
1.9948
1.5964
1.5081
1.675
2.0911
2.6962
3.4283
4.2164
4.9737
5.627
6.1001
6.3314
6.2999
5.9912
5.3963
4.5557
3.5939
2.6112
1.7513
1.1263
0.80367
0.80621
1.1195
1.7027
2.544
3.6166
4.9271
6.4059
8.0453
9.8083
11.654
13.527
15.362
17.037
18.4
19.308
19.731
19.75
20.816
20.804
20.576
20.138
19.49
18.616
17.527
16.303
14.972
13.626
12.332
11.133
10.07
9.1563
8.4243
7.9336
7.7704
7.9635
8.5138
9.3596
10.358
11.339
12.165
12.698
12.918
12.787
12.313
11.523
10.468
9.2179
7.8586
6.4789
5.1634
3.9871
3.0163
2.2981
1.8709
1.7386
1.9106
2.3156
2.9277
3.6792
4.4953
5.2936
5.9939
6.5248
6.8195
6.8576
6.6041
6.0855
5.317
4.362
3.3619
2.4206
1.6624
1.1606
0.96566
1.069
1.4566
2.118
3.0402
4.2437
5.6977
7.4107
9.3416
11.425
13.584
15.672
17.513
18.947
19.932
20.543
20.816
22.765
23.011
22.975
22.648
22.022
21.132
19.993
18.675
17.245
15.748
14.306
12.943
11.684
10.558
9.6404
9.0136
8.7626
8.9265
9.4948
10.37
11.396
12.379
13.224
13.792
14.011
13.863
13.364
12.545
11.457
10.171
8.7736
7.3557
6.0022
4.7887
3.7817
3.0342
2.5887
2.4464
2.5951
3.0304
3.6533
4.442
5.3012
6.1525
6.9109
7.5079
7.8825
7.9747
7.782
7.3076
6.5925
5.675
4.6366
3.6199
2.7337
2.0597
1.6639
1.5606
1.7701
2.2769
3.1002
4.2601
5.7949
7.6745
9.8533
12.233
14.617
16.849
18.759
20.3
21.45
22.251
22.765
25.354
25.725
25.752
25.438
24.805
23.852
22.642
21.227
19.654
18.022
16.399
14.839
13.375
12.059
10.974
10.223
9.9258
10.095
10.702
11.639
12.688
13.719
14.576
15.138
15.369
15.211
14.685
13.837
12.717
11.395
9.9616
8.5092
7.1259
5.886
4.8541
4.0893
3.6304
3.4899
3.6512
4.089
4.7677
5.5914
6.5015
7.4211
8.2432
8.9093
9.3498
9.5046
9.3703
8.9412
8.2471
7.346
6.309
5.2119
4.2118
3.3819
2.8006
2.5164
2.5646
2.9549
3.745
4.9722
6.6684
8.7979
11.249
13.855
16.397
18.697
20.69
22.323
23.633
24.65
25.354
28.222
28.652
28.689
28.351
27.654
26.635
25.307
23.766
22.049
20.256
18.441
16.687
15.026
13.539
12.303
11.48
11.16
11.37
12.032
12.987
14.116
15.18
16.026
16.617
16.815
16.662
16.123
15.247
14.095
12.745
11.283
9.8009
8.3917
7.1338
6.0909
5.3257
4.867
4.7376
4.9259
5.4018
6.1081
7.0065
7.9768
8.9516
9.8489
10.581
11.086
11.311
11.217
10.823
10.149
9.2375
8.1703
7.0581
5.943
4.9789
4.2387
3.7979
3.719
4.0655
4.9201
6.3262
8.2537
10.641
13.328
16.064
18.655
21.013
23.072
24.838
26.308
27.441
28.221
31.135
31.55
31.561
31.168
30.379
29.253
27.822
26.148
24.273
22.303
20.306
18.365
16.51
14.832
13.474
12.612
12.318
12.574
13.311
14.366
15.512
16.589
17.465
18.018
18.234
18.054
17.484
16.596
15.425
14.052
12.585
11.086
9.6621
8.3916
7.3491
6.5997
6.1576
6.0542
6.2819
6.8018
7.564
8.5021
9.5614
10.603
11.564
12.369
12.935
13.211
13.17
12.79
12.128
11.213
10.121
8.938
7.7773
6.6982
5.8126
5.2596
5.1295
5.5314
6.5337
8.1526
10.336
12.949
15.774
18.561
21.181
23.582
25.733
27.591
29.123
30.324
31.135
33.855
34.237
34.166
33.694
32.823
31.601
30.043
28.206
26.171
24.023
21.847
19.697
17.648
15.804
14.387
13.525
13.278
13.632
14.458
15.571
16.75
17.838
18.708
19.262
19.44
19.26
18.683
17.777
16.596
15.209
13.715
12.21
10.789
9.5477
8.5047
7.7734
7.3641
7.3003
7.5749
8.1481
8.9731
9.9795
11.083
12.21
13.237
14.1
14.726
15.045
15.037
14.691
14.021
13.098
11.979
10.744
9.486
8.3338
7.3848
6.7774
6.6815
7.2034
8.3988
10.252
12.664
15.429
18.301
21.099
23.748
26.187
28.392
30.285
31.852
33.053
33.855
36.185
36.496
36.37
35.83
34.857
33.499
31.796
29.809
27.613
25.297
22.929
20.565
18.322
16.378
14.951
14.123
13.995
14.448
15.363
16.511
17.711
18.789
19.626
20.17
20.35
20.142
19.574
18.662
17.464
16.079
14.59
13.091
11.674
10.422
9.4486
8.7521
8.3665
8.3526
8.6769
9.3135
10.204
11.275
12.44
13.61
14.721
15.638
16.301
16.659
16.685
16.355
15.693
14.757
13.591
12.305
10.988
9.7714
8.8025
8.2363
8.2381
8.9376
10.368
12.445
15.003
17.829
20.691
23.486
26.13
28.574
30.78
32.697
34.269
35.43
36.185
38.018
38.278
38.073
37.414
36.32
34.829
32.99
30.856
28.508
26.016
23.445
20.886
18.496
16.522
15.12
14.424
14.412
14.969
15.951
17.123
18.301
19.34
20.168
20.696
20.86
20.645
20.056
19.144
17.963
16.577
15.102
13.623
12.228
11.011
10.061
9.3839
9.0865
9.1251
9.4973
10.193
11.14
12.274
13.5
14.731
15.874
16.859
17.561
17.951
17.992
17.675
17.008
16.048
14.865
13.526
12.177
10.936
9.9643
9.489
9.6525
10.567
12.21
14.45
17.088
19.918
22.749
25.494
28.121
30.576
32.791
34.68
36.212
37.333
38.018
39.285
39.442
39.131
38.362
37.146
35.528
33.561
31.288
28.784
26.109
23.351
20.637
18.19
16.23
14.943
14.375
14.494
15.137
16.148
17.312
18.454
19.475
20.271
20.769
20.919
20.695
20.102
19.191
18.017
16.659
15.207
13.752
12.393
11.218
10.296
9.6858
9.4307
9.5396
9.9796
10.732
11.726
12.907
14.183
15.463
16.651
17.654
18.392
18.826
18.877
18.555
17.889
16.909
15.698
14.349
12.966
11.726
10.824
10.489
10.846
11.959
13.768
16.118
18.784
21.549
24.306
27.023
29.646
32.091
34.274
36.127
37.612
38.668
39.285
39.875
39.936
39.525
38.643
37.316
35.588
33.495
31.083
28.424
25.575
22.667
19.872
17.443
15.574
14.431
14.003
14.224
14.933
15.952
17.088
18.19
19.173
19.934
20.4
20.521
20.288
19.697
18.792
17.639
16.306
14.886
13.476
12.165
11.042
10.177
9.6183
9.4082
9.5594
10.083
10.873
11.927
13.163
14.474
15.783
16.992
18.012
18.769
19.2
19.281
18.959
18.278
17.293
16.061
14.694
13.318
12.132
11.349
11.191
11.747
13.047
14.986
17.368
19.962
22.645
25.352
28.042
30.635
33.047
35.175
36.969
38.374
39.351
39.875
39.814
39.78
39.272
38.295
36.87
35.032
32.821
30.28
27.467
24.448
21.446
18.65
16.325
14.619
13.62
13.329
13.647
14.398
15.401
16.476
17.534
18.467
19.184
19.615
19.712
19.464
18.874
17.979
16.865
15.567
14.175
12.808
11.55
10.481
9.6707
9.1693
9.0153
9.222
9.7523
10.613
11.709
12.981
14.324
15.672
16.89
17.919
18.677
19.109
19.174
18.849
18.182
17.18
15.943
14.57
13.234
12.157
11.542
11.57
12.323
13.772
15.759
18.091
20.589
23.191
25.847
28.493
31.036
33.379
35.445
37.163
38.487
39.379
39.814
39.161
39.043
38.448
37.38
35.864
33.933
31.599
28.946
26
22.898
19.865
17.141
14.951
13.424
12.588
12.422
12.803
13.556
14.518
15.534
16.531
17.411
18.076
18.468
18.558
18.303
17.713
16.832
15.728
14.468
13.139
11.828
10.622
9.6078
8.8418
8.3925
8.288
8.5371
9.114
9.9852
11.117
12.395
13.773
15.117
16.358
17.397
18.145
18.566
18.619
18.292
17.601
16.616
15.365
14.026
12.789
11.84
11.398
11.612
12.531
14.066
16.045
18.275
20.669
23.185
25.782
28.376
30.856
33.129
35.117
36.758
37.999
38.808
39.161
38.003
37.807
37.139
36.006
34.42
32.395
29.975
27.194
24.141
21.008
18.031
15.449
13.447
12.105
11.426
11.353
11.755
12.473
13.373
14.322
15.258
16.083
16.71
17.059
17.11
16.85
16.273
15.412
14.338
13.119
11.84
10.582
9.4331
8.4726
7.7692
7.37
7.2935
7.5747
8.1867
9.0738
10.209
11.504
12.859
14.216
15.446
16.473
17.226
17.631
17.665
17.334
16.649
15.642
14.437
13.168
12.021
11.223
10.963
11.343
12.378
13.945
15.856
17.975
20.253
22.696
25.229
27.753
30.161
32.356
34.262
35.823
36.992
37.728
38.004
36.453
36.206
35.493
34.298
32.651
30.556
28.04
25.156
22.06
18.971
16.132
13.744
11.944
10.777
10.22
10.195
10.577
11.237
12.063
12.942
13.809
14.576
15.161
15.477
15.5
15.23
14.666
13.835
12.796
11.622
10.393
9.1861
8.0895
7.1783
6.5209
6.1641
6.132
6.4336
7.0406
7.9454
9.0656
10.352
11.704
13.022
14.248
15.261
15.987
16.394
16.414
16.072
15.399
14.413
13.237
12.055
11.032
10.399
10.296
10.806
11.9
13.427
15.243
17.253
19.443
21.809
24.266
26.712
29.037
31.149
32.986
34.479
35.575
36.239
36.453
34.676
34.392
33.651
32.433
30.729
28.558
25.951
23.019
19.953
16.986
14.337
12.161
10.554
9.5321
9.0489
9.0273
9.3587
9.9392
10.685
11.493
12.296
13.018
13.545
13.832
13.843
13.571
13.018
12.217
11.216
10.087
8.9044
7.7446
6.694
5.8231
5.2007
4.8742
4.8626
5.175
5.7918
6.6854
7.7894
9.0437
10.367
11.67
12.851
13.827
14.554
14.946
14.958
14.631
13.977
13.016
11.894
10.783
9.9198
9.4343
9.463
10.053
11.147
12.606
14.326
16.225
18.325
20.612
22.989
25.35
27.602
29.65
31.414
32.833
33.869
34.492
34.676
32.821
32.549
31.803
30.552
28.791
26.545
23.884
20.967
18.011
15.225
12.784
10.814
9.3696
8.4449
7.9861
7.9259
8.1777
8.6625
9.3214
10.055
10.801
11.479
11.972
12.236
12.247
11.986
11.452
10.678
9.7127
8.6237
7.4817
6.3606
5.3465
4.5049
3.9044
3.5922
3.5883
3.8997
4.5102
5.3825
6.4711
7.7015
8.9725
10.232
11.383
12.341
13.044
13.413
13.421
13.121
12.475
11.563
10.507
9.5074
8.7505
8.3937
8.5442
9.1524
10.209
11.57
13.164
14.978
16.997
19.206
21.509
23.808
25.992
27.963
29.659
31.036
32.045
32.644
32.822
31.087
30.838
30.083
28.795
26.974
24.673
22.014
19.194
16.408
13.827
11.588
9.7893
8.4614
7.5813
7.0999
6.9685
7.1218
7.5037
8.0673
8.7402
9.418
10.045
10.534
10.798
10.821
10.577
10.07
9.3246
8.3919
7.3353
6.2239
5.1322
4.1429
3.3202
2.7288
2.4137
2.4034
2.7004
3.2919
4.136
5.1877
6.3832
7.6327
8.8376
9.9471
10.87
11.537
11.911
11.944
11.633
11.015
10.167
9.2125
8.3284
7.6688
7.4043
7.5958
8.2232
9.1968
10.437
11.912
13.621
15.568
17.709
19.948
22.172
24.3
26.219
27.879
29.24
30.25
30.877
31.087
29.617
29.383
28.614
27.28
25.406
23.101
20.53
17.868
15.275
12.89
10.82
9.1371
7.8674
6.9847
6.448
6.2275
6.2763
6.5478
7.0072
7.6095
8.2545
8.8493
9.3284
9.6023
9.6565
9.4365
8.9564
8.2428
7.3389
6.3094
5.219
4.1449
3.166
2.3481
1.7528
1.4246
1.3929
1.6627
2.2218
3.0308
4.0406
5.1891
6.3961
7.5748
8.6489
9.5334
10.181
10.543
10.593
10.314
9.7433
8.9627
8.094
7.2993
6.7501
6.552
6.7587
7.3363
8.2096
9.3381
10.704
12.337
14.217
16.28
18.436
20.591
22.657
24.558
26.226
27.611
28.67
29.358
29.616
28.512
28.284
27.48
26.094
24.216
21.99
19.564
17.083
14.674
12.45
10.497
8.8695
7.6012
6.6759
6.0593
5.7387
5.6771
5.8361
6.1927
6.7324
7.3492
7.9573
8.4299
8.734
8.819
8.6386
8.1849
7.5014
6.6222
5.6139
4.5351
3.4666
2.4839
1.6569
1.0457
0.69311
0.62878
0.86221
1.3789
2.1473
3.1147
4.2167
5.3779
6.5206
7.5714
8.4414
9.0696
9.4298
9.4746
9.2584
8.7429
8.0321
7.2419
6.524
6.034
5.8746
6.0614
6.5594
7.3249
8.3427
9.6101
11.152
12.951
14.944
17.041
19.155
21.208
23.125
24.842
26.304
27.452
28.213
28.512
27.841
27.586
26.734
25.342
23.533
21.435
19.172
16.863
14.607
12.491
10.592
8.9688
7.6569
6.6601
5.9541
5.5263
5.3461
5.3997
5.6686
6.1513
6.7659
7.3903
7.9075
8.245
8.3694
8.2279
7.8053
7.143
6.2826
5.2863
4.208
3.1335
2.136
1.2863
0.64787
0.26202
0.1579
0.34922
0.81968
1.5424
2.4669
3.5283
4.6491
5.7598
6.7797
7.6317
8.2735
8.631
8.7199
8.5301
8.078
7.4412
6.715
6.0594
5.5992
5.4248
5.5562
5.9655
6.6201
7.5244
8.6917
10.153
11.879
13.812
15.875
17.984
20.067
22.053
23.871
25.447
26.694
27.521
27.841
27.618
27.318
26.454
25.117
23.418
21.462
19.355
17.187
15.034
12.968
11.069
9.4096
8.0272
6.9466
6.1444
5.6028
5.305
5.2625
5.4756
5.9264
6.5519
7.2135
7.7932
8.1706
8.331
8.2299
7.8381
7.1867
6.3375
5.3372
4.2496
3.1582
2.1331
1.2498
0.57239
0.14745
0
0.1474
0.57246
1.2498
2.1331
3.1582
4.2497
5.3372
6.3375
7.1868
7.8386
8.2287
8.3308
8.1704
7.7932
7.2135
6.552
5.9262
5.4754
5.2624
5.3049
5.6028
6.1443
6.9467
8.0271
9.4096
11.069
12.968
15.034
17.187
19.355
21.462
23.418
25.117
26.454
27.318
27.618
