66.6821
65.5092
62.0837
56.7131
50.0165
42.9271
36.1295
30.9592
29.7425
32.3867
36.6051
40.4783
43.002
43.756
42.902
40.9917
38.7867
37.0902
36.4711
37.0965
38.7851
40.9928
42.9156
43.762
42.9955
40.4698
36.6028
32.383
29.7424
30.9622
36.1319
42.9314
50.0219
56.7084
62.0865
65.5022
66.6763
64.4942
62.5814
58.4994
52.621
45.6439
38.2919
31.357
27.4765
28.0158
31.4735
35.7083
39.3409
41.6341
42.2046
41.2467
39.2704
37.0423
35.342
34.7286
35.3607
37.0441
39.2323
41.0828
41.8456
40.9701
38.3382
34.4321
30.6252
29.2781
31.9042
37.299
43.685
50.4847
56.6892
61.3938
64.0799
64.4865
58.3128
55.7745
51.2128
45.0758
38.0034
30.3707
24.4548
22.5684
24.4528
28.1053
32.0626
35.3191
37.269
37.6105
36.5028
34.4457
32.1951
30.5003
29.9006
30.5368
32.2081
34.3294
36.1204
36.8274
35.895
33.2514
29.5601
26.5148
26.445
29.7222
34.749
40.8012
47.1386
52.6889
56.6655
58.6103
58.3154
49.2706
46.3214
41.5794
35.4848
28.1897
21.2807
17.4314
17.3457
19.678
23.0658
26.5304
29.3836
30.967
31.024
29.7323
27.6042
25.3304
23.6492
23.0579
23.6868
25.3006
27.3203
29.0292
29.6722
28.7268
26.1857
22.8618
20.7402
21.5177
24.7853
29.3774
35.0172
40.7593
45.6068
48.8609
50.1353
49.2699
38.9978
36.0651
31.5528
25.3852
18.634
13.7615
11.9522
12.5848
14.6598
17.5245
20.4667
22.8545
24.0893
23.9159
22.4585
20.2431
17.9557
16.2719
15.6544
16.2328
17.7346
19.6328
21.2052
21.7837
20.8416
18.4665
15.6451
14.2476
15.3559
18.2901
22.4565
27.5561
32.6284
36.7751
39.3948
40.1651
38.9951
29.6058
27.1541
22.7329
17.1062
12.3122
9.50055
8.55896
9.01266
10.4802
12.6249
15.0715
17.0889
18.0538
17.6877
16.1143
13.8325
11.509
9.77493
9.09793
9.54108
10.8957
12.6328
14.0863
14.5824
13.7192
11.5854
9.19781
8.19512
9.21786
11.7033
15.3684
19.8021
24.1828
27.7059
29.8903
30.5189
29.6078
23.0963
20.8474
17.1229
13.3699
10.3829
8.35384
7.2754
7.13484
7.79031
9.29434
11.3477
13.1461
13.9461
13.456
11.7976
9.44286
7.03687
5.2048
4.38644
4.66555
5.8576
7.45115
8.81139
9.32316
8.61209
6.75723
4.6659
3.67547
4.31374
6.27867
9.28018
13.0103
16.7464
19.8762
22.0849
23.2771
23.0988
20.0897
18.6558
16.4982
14.2025
11.8533
9.68595
8.06242
7.1501
7.07058
8.04828
9.83581
11.5839
12.3531
11.7738
10.0164
7.54527
5.01422
3.01801
2.04217
2.17119
3.22558
4.74693
6.12893
6.74417
6.28597
4.73815
2.7833
1.51773
1.57826
2.84566
5.10696
8.15049
11.5052
14.8343
17.8524
19.9071
20.0874
21.214
21.0118
19.9537
17.9941
15.4235
12.7512
10.4525
8.77163
8.06741
8.77793
10.5963
12.3803
13.1232
12.5073
10.6486
8.02192
5.31079
3.16039
2.00722
2.05325
3.07696
4.66324
6.18628
7.0248
6.84054
5.56687
3.63129
1.95546
1.26762
1.75142
3.33274
5.97456
9.62899
13.89
17.8432
20.2987
21.217
25.79
26.2107
25.2734
23.1043
20.0865
16.7912
13.7282
11.2864
10.187
10.9299
12.899
14.7705
15.5525
14.8515
12.8641
10.0936
7.24942
4.96726
3.73952
3.76082
4.89119
6.63667
8.40221
9.53869
9.57688
8.47902
6.54982
4.47806
3.07767
2.85287
4.02843
6.96115
11.5576
16.7335
21.0512
24.0308
25.7863
31.5788
32.0181
30.8286
28.2487
24.6664
20.6573
16.8194
13.7415
12.5357
13.5011
15.6919
17.6323
18.3806
17.6235
15.5481
12.6815
9.753
7.42441
6.23498
6.35391
7.64642
9.66534
11.6834
13.0808
13.3415
12.3289
10.3389
8.00673
6.05704
5.39257
6.81719
10.6353
16.1035
21.5287
26.1123
29.5377
31.5765
36.6184
36.7969
35.2773
32.1806
27.9631
23.2357
18.5909
15.1649
14.1758
15.5192
17.8618
19.7633
20.4675
19.6824
17.5542
14.6696
11.7348
9.4965
8.40607
8.71851
10.2501
12.5184
14.8125
16.4232
16.8231
15.8516
13.7714
11.1826
9.01697
8.47813
10.6349
15.309
21.0197
26.4834
31.1673
34.681
36.62
39.6952
39.5313
37.5269
33.9058
29.0919
23.6221
18.4073
15.1185
14.6455
16.2794
18.5792
20.3874
21.0103
20.1789
18.0834
15.2524
12.4263
10.312
9.44356
9.99379
11.756
14.2244
16.7146
18.476
18.9777
18.0265
15.8456
13.1362
11.0087
11.0625
14.03
19.0749
24.6189
29.9987
34.6505
38.0153
39.6954
40.1995
39.6436
37.2226
33.135
27.7364
21.68
16.5039
13.7755
13.7796
15.5245
17.6508
19.284
19.7951
18.9408
16.915
14.2222
11.5663
9.67394
9.01663
9.7506
11.7166
14.3515
16.9321
18.7422
19.2639
18.282
16.0641
13.3706
11.7162
12.527
16.0015
20.8675
26.1572
31.3755
35.8112
38.877
40.2011
38.3662
37.4853
34.7398
30.2604
24.3852
18.2346
13.615
11.5718
11.8824
13.4872
15.3615
16.7952
17.1906
16.3326
14.3778
11.8579
9.43908
7.76464
7.28479
8.18393
10.2173
12.8682
15.4788
17.2832
17.7414
16.7467
14.5463
12.1476
11.1172
12.5697
16.0906
20.5125
25.5253
30.4849
34.6124
37.3563
38.3607
35.0104
33.9822
31.0385
26.2239
20.1862
14.527
10.7145
9.194
9.4901
10.8079
12.407
13.633
13.9175
13.0777
11.2575
8.92616
6.70057
5.19436
4.85321
5.78818
7.78985
10.3752
12.8768
14.6066
15.0229
14.0675
11.998
10.0404
9.61495
11.3412
14.5449
18.5773
23.2687
27.9128
31.7448
34.2093
35.0196
31.4098
30.3933
27.2644
22.277
16.6315
11.7787
8.6366
7.25285
7.26671
8.19586
9.52262
10.6286
10.8958
10.1353
8.43897
6.24988
4.14846
2.73527
2.40033
3.29231
5.18792
7.64846
9.98298
11.5962
12.0154
11.102
9.31005
7.79612
7.75268
9.38696
12.1355
15.8071
20.2153
24.5936
28.1906
30.5777
31.4163
28.8302
27.7927
24.5085
19.8246
14.9107
10.6949
7.78216
6.22448
5.83301
6.32195
7.46172
8.51798
8.89492
8.24753
6.67271
4.56159
2.4937
1.04557
0.626628
1.38442
3.12457
5.39959
7.60768
9.1261
9.54695
8.83168
7.35386
6.16307
6.22003
7.50268
9.81494
13.1722
17.29
21.4891
25.1381
27.7705
28.8378
27.9298
26.7612
23.7106
19.6275
15.2712
11.2857
8.22735
6.32967
5.45216
5.60239
6.65911
7.88355
8.40313
7.90503
6.37952
4.27372
2.14375
0.574354
0
0.571222
2.14391
4.27112
6.38547
7.90218
8.40514
7.89045
6.66053
5.60445
5.45938
6.32372
8.22637
11.2862
15.277
19.6194
23.7108
26.7668
27.9381
