68.0204
66.813
63.2901
57.7531
50.8053
43.3808
36.1316
30.4635
28.9076
31.3305
35.4591
39.3226
41.791
42.4539
41.4675
39.4294
37.1436
35.3965
34.756
35.3963
37.1428
39.4289
41.4675
42.4538
41.7912
39.3223
35.4588
31.3303
28.9073
30.4635
36.1314
43.3806
50.8049
57.7528
63.2891
66.8114
68.0201
65.7607
63.7907
59.5725
53.4765
46.2042
38.4817
31.0195
26.7037
26.9626
30.3112
34.5256
38.1618
40.4074
40.9044
39.8198
37.7307
35.4107
33.6538
33.0146
33.6466
35.3659
37.6229
39.6036
40.51
39.7621
37.1958
33.3517
29.6958
28.6014
31.6169
37.5002
44.254
51.3489
57.7529
62.5882
65.3431
65.7603
59.3955
56.7615
52.0108
45.6133
38.2352
30.1233
23.7158
21.5091
23.2141
26.85
30.819
34.0944
36.0174
36.2966
35.0781
32.9216
30.5804
28.8217
28.1737
28.7999
30.4948
32.6848
34.6016
35.4624
34.6744
32.1335
28.5329
25.6959
25.8912
29.5635
34.9998
41.3616
47.9439
53.6619
57.7365
59.7177
59.3957
50.0702
46.9739
42.0104
35.6686
27.9672
20.5556
16.3405
16.0593
18.3549
21.76
25.2758
28.1352
29.7173
29.7271
28.349
26.1113
23.7584
22.0075
21.3606
21.9629
23.5962
25.6948
27.5246
28.3311
27.528
25.092
21.9429
20.0117
21.0559
24.6785
29.6025
35.4937
41.4279
46.4056
49.731
51.0036
50.0703
39.469
36.3513
31.643
25.1386
17.9075
12.6624
10.654
11.2361
13.3324
16.2152
19.2135
21.6477
22.8963
22.6715
21.14
18.8343
16.4672
14.7188
14.0582
14.5968
16.1209
18.0854
19.7993
20.5318
19.7503
17.5154
14.8603
13.644
14.9933
18.2091
22.6359
27.9197
33.1392
37.3793
40.0239
40.7473
39.4691
29.7489
27.1684
22.4607
16.4009
11.242
8.20674
7.21209
7.69697
9.17444
11.39
13.8931
15.9829
16.9802
16.5783
14.9255
12.5667
10.1705
8.38249
7.6531
8.08286
9.46246
11.2754
12.8586
13.5258
12.8183
10.8245
8.60287
7.74512
8.9538
11.6514
15.4787
20.0616
24.538
28.1036
30.2576
30.7941
29.749
23.0118
20.546
16.4343
12.3288
9.12584
7.03377
5.97902
5.86353
6.57811
8.16583
10.302
12.196
13.0541
12.5419
10.8045
8.36566
5.89299
4.01536
3.15848
3.43875
4.66131
6.33793
7.83796
8.50675
7.9423
6.22028
4.27576
3.3958
4.1669
6.25226
9.35957
13.1675
16.9461
20.0542
22.1791
23.2636
23.0116
19.7253
17.9578
15.4968
12.9814
10.5618
8.38916
6.82958
5.97464
5.94676
7.034
8.96396
10.8328
11.6496
11.065
9.23073
6.67147
4.06845
2.05073
1.0461
1.18242
2.28933
3.90084
5.41515
6.20007
5.85683
4.40136
2.557
1.37894
1.4974
2.83365
5.13779
8.18334
11.4895
14.7366
17.6715
19.6989
19.7253
20.492
20.0252
18.7893
16.7676
14.1933
11.5504
9.31976
7.67276
7.03437
7.9069
9.8743
11.7898
12.5749
11.9278
9.97866
7.26786
4.50433
2.33139
1.22049
1.27678
2.35925
4.036
5.68686
6.68463
6.59757
5.37907
3.49929
1.86859
1.21183
1.7003
3.22272
5.77983
9.30737
13.5058
17.4907
19.859
20.4923
24.8411
25.1391
24.1437
21.9588
18.9922
15.7348
12.7012
10.2809
9.26292
10.1839
12.3322
14.2903
15.1105
14.3801
12.3086
9.4486
6.5481
4.25885
3.05742
3.14556
4.31889
6.16969
8.04952
9.31008
9.4486
8.38146
6.42964
4.37327
2.95618
2.6547
3.69765
6.454
10.9744
16.1961
20.4824
23.2646
24.8408
30.5975
30.9948
29.8224
27.2671
23.7246
19.7559
15.9387
12.8563
11.7494
12.8913
15.2143
17.2446
18.0389
17.2492
15.0872
12.1294
9.13884
6.80923
5.64047
5.81262
7.19361
9.28319
11.4311
12.9437
13.2751
12.2816
10.2558
7.85838
5.82596
5.00943
6.2143
9.89567
15.4009
20.836
25.3178
28.6363
30.5978
35.6987
35.8932
34.3965
31.3768
27.219
22.5209
17.8386
14.4057
13.5372
15.0363
17.4769
19.4722
20.2117
19.3797
17.1646
14.1874
11.2042
8.94329
7.8875
8.24144
9.83909
12.1873
14.6123
16.336
16.8124
15.8434
13.71
11.0241
8.69151
7.91047
9.87149
14.5184
20.2663
25.6883
30.3047
33.7735
35.6988
38.849
38.7497
36.8306
33.2932
28.5326
23.0437
17.76
14.5121
14.1494
15.903
18.3036
20.1744
20.8336
19.9614
17.7689
14.8565
11.9718
9.84413
8.98667
9.5591
11.3755
13.9364
16.545
18.4484
19.0127
18.0381
15.7933
12.9618
10.6472
10.4497
13.2998
18.3616
23.866
29.1798
33.8021
37.1407
38.8488
39.474
39.015
36.6901
32.6906
27.326
21.1984
15.9521
13.2727
13.4102
15.2418
17.4586
19.1546
19.6905
18.7897
16.6622
13.8836
11.1847
9.26922
8.60642
9.37164
11.3745
14.0855
16.7942
18.7172
19.3104
18.3379
16.0324
13.1931
11.29
11.9002
15.3342
20.1563
25.3814
30.5579
34.9818
38.0762
39.4739
37.7759
37.0119
34.3748
29.9742
24.0485
17.7844
13.1518
11.2172
11.6304
13.3112
15.2702
16.7587
17.16
16.2529
14.2179
11.618
9.13729
7.43185
6.95463
7.8697
9.93576
12.6789
15.375
17.2828
17.8223
16.8217
14.5355
11.9693
10.6964
12.0107
15.4804
19.8355
24.7803
29.7207
33.8635
36.6683
37.7763
34.5938
33.6919
30.8559
26.0329
19.8702
14.1585
10.3952
8.97559
9.35502
10.738
12.4194
13.6983
13.9921
13.1028
11.2002
8.78983
6.5062
4.96826
4.6124
5.55561
7.60704
10.2661
12.8646
14.6733
15.1608
14.1794
12.0212
9.89118
9.24927
10.877
14.0184
17.9673
22.6145
27.2492
31.1246
33.6751
34.5937
31.1876
30.3148
27.2201
22.1122
16.3725
11.5021
8.42554
7.14007
7.23063
8.22735
9.64464
10.7936
11.075
10.2633
8.48577
6.22553
4.07123
2.61311
2.26848
3.16903
5.10704
7.62322
10.0538
11.7541
12.2187
11.2818
9.39753
7.70526
7.52185
9.07465
11.7319
15.3403
19.7128
24.0817
27.7393
30.2205
31.1877
28.8053
27.8258
24.4531
19.6499
14.6835
10.4745
7.62361
6.15354
5.83263
6.41496
7.6302
8.77744
9.15433
8.45994
6.80569
4.62526
2.50328
1.0224
0.588506
1.35145
3.12505
5.46067
7.74919
9.36188
9.82887
9.07116
7.49735
6.16228
6.08722
7.29521
9.51859
12.8358
16.9275
21.1387
24.8511
27.5988
28.8052
27.9999
26.7517
23.5652
19.3926
15.0211
11.0387
8.03366
6.21493
5.43465
5.683
6.8499
8.1496
8.71396
8.14997
6.55212
4.37461
2.18893
0.586222
0
0.586274
2.18883
4.37458
6.55222
8.15097
8.7139
8.14976
6.8499
5.68297
5.43394
6.21495
8.03343
11.0386
15.0209
19.3926
23.5653
26.7512
28.0001
