153.92
147.06
128.09
101.07
78.363
71.585
74.221
73.543
69.088
66.627
69.088
73.542
74.221
71.585
78.363
101.07
128.09
147.06
140.07
124.85
97.673
69.261
57.036
61.059
65.245
64.026
59.934
58.268
61.143
65.227
67.153
73.105
89.088
111.52
131.74
142.37
103.74
81.465
54.681
36.893
37.651
42.665
45.675
44.153
40.339
38.845
41.209
45.132
52.106
65.756
82.387
99.973
112.11
113.95
62.709
45.593
28.768
24.983
25.488
28.878
31.251
29.149
24.785
22.783
24.684
29.074
39.809
52.705
64.471
74.272
78.188
74.017
44.005
37.91
32.864
28.367
26.929
29.899
31.951
28.834
23.421
20.818
22.887
28.526
37.165
42.823
45.708
48.171
50.44
53.102
55.645
53.888
47.683
40.887
37.842
41.349
43.349
39.67
33.777
31.135
33.69
38.602
41.887
40.589
37.634
38.236
45.834
52.532
68.845
65.929
57.485
47.521
44.393
48.613
50.678
47.173
41.587
39.31
42.433
47.645
49.39
45.641
40.873
44.602
55.671
64.84
69.112
64.871
54.256
43.411
41.985
45.847
47.594
44.582
39.743
38.092
41.536
46.964
48.9
45.138
41.824
47.699
57.491
66.124
60.371
55.871
44.884
36.739
35.542
37.875
39.269
36.818
32.655
31.166
34.26
39.203
41.06
38.048
36.819
41.69
49.954
57.624
55.953
51.661
43.224
36.051
33.15
34.071
35.991
34
29.78
27.618
29.78
34
35.992
34.072
33.15
36.051
43.223
51.66
60.371
57.624
49.954
41.69
36.819
38.048
41.06
39.203
34.26
31.166
32.656
36.818
39.269
37.875
35.542
36.739
44.884
55.871
69.112
66.124
57.491
47.699
41.824
45.138
48.9
46.964
41.536
38.093
39.743
44.581
47.594
45.847
41.985
43.411
54.256
64.871
68.845
64.841
55.671
44.603
40.873
45.642
49.39
47.645
42.433
39.309
41.586
47.174
50.678
48.613
44.393
47.521
57.486
65.929
55.644
52.532
45.834
38.236
37.634
40.589
41.887
38.602
33.69
31.135
33.778
39.67
43.349
41.349
37.842
40.887
47.683
53.887
44.005
51.682
50.44
48.171
45.708
42.823
37.165
28.526
22.888
20.818
23.422
28.834
31.951
29.899
26.929
28.367
32.864
37.909
62.709
74.017
78.188
74.272
64.471
52.705
39.809
29.074
24.684
22.783
24.785
29.149
31.251
28.877
25.488
24.983
28.768
45.13
103.74
113.95
112.11
99.973
82.387
65.756
53.714
45.132
41.209
38.844
40.339
44.153
45.675
42.664
37.651
36.892
54.682
81.465
140.07
142.37
131.74
111.52
89.088
73.105
67.153
65.227
61.142
58.268
59.934
64.026
65.246
61.059
57.036
69.261
97.673
124.85
147.06
136.71
114.29
84.621
65.289
64.926
69.49
68.563
64.205
62.018
64.67
69.062
69.696
70.073
81.431
105.34
129.36
144.61
124.85
105.81
76.677
50.948
47.24
53.499
57.544
56.507
52.686
51.126
53.816
57.721
61.076
70.512
90.453
108.57
124.67
130.74
81.465
61.253
35.496
27.462
29.813
34.791
38.027
36.736
32.938
31.304
33.605
37.771
46.389
63.937
76.101
89.115
96.403
94.501
45.13
28.933
21.774
18.708
19.377
23.208
25.791
23.458
18.919
16.746
18.901
25.28
36.63
46.377
52.665
57.418
58.981
55.904
37.909
35.617
30.76
26.622
25.661
28.971
31.021
27.649
22.128
19.493
21.674
26.853
32.666
33.547
33.23
34.063
36.145
38.831
53.888
52.2
46.076
39.514
36.754
40.456
42.549
38.938
33.078
30.379
32.825
37.334
38.866
35.519
31.097
32.184
41.312
49.934
65.928
63.177
54.86
45.016
42.145
46.446
48.575
45.144
39.533
37.163
40.127
45.256
47.014
43.238
38.307
41.897
52.72
61.886
64.871
60.856
50.462
40.024
38.774
42.503
44.151
41.141
36.256
34.494
37.904
43.382
45.456
41.784
38.293
43.666
53.065
61.728
55.871
51.651
41.101
33.232
31.92
34.022
35.293
32.791
28.604
27.039
30.145
35.13
37.1
34.155
32.616
37.048
45.052
52.805
51.661
47.83
39.792
32.642
29.49
30.073
31.793
29.8
25.575
23.418
25.589
29.845
31.801
29.837
28.546
31.212
38.294
47.06
57.624
55.24
47.688
39.259
33.948
34.819
37.667
35.817
30.969
27.952
29.46
33.572
35.935
34.359
31.773
33.006
41.486
52.805
66.124
63.278
54.645
44.583
38.361
41.414
45.053
43.189
37.818
34.361
35.978
40.791
43.792
42.014
38.137
39.79
50.953
61.728
64.84
60.951
52.417
41.335
37.802
41.985
44.888
42.776
37.47
34.3
36.572
42.175
45.676
43.678
39.593
43.078
53.317
61.886
52.532
53.516
46.912
40.463
39.125
39.559
37.927
33.192
28.163
25.732
28.499
34.343
37.943
35.863
32.646
36.249
43.464
49.934
51.682
55.742
57.117
55.094
48.736
40.91
32.532
23.716
19.231
17.505
20.163
25.33
28.213
26.136
23.624
25.71
30.643
38.831
74.017
86.098
87.743
79.487
65.205
50.482
40.161
34.797
23.628
21.837
23.715
27.835
29.871
27.602
24.442
24.31
33.805
55.904
113.95
120.57
114.5
98.172
78.086
61.627
50.662
45.821
42.051
39.314
40.664
44.572
46.219
43.175
38.536
43.8
66.563
94.5
142.37
140.4
125.93
102.91
79.229
66.415
64.773
63.944
59.495
56.613
58.506
62.835
64.006
59.976
60.591
77.888
107.14
130.74
128.09
114.3
87.815
60.506
46.957
52.261
56.864
55.986
52.039
50.172
52.872
57.147
58.048
60.761
78.685
99.138
118.97
129.36
97.673
76.678
51.56
33.553
34.347
40.339
44.565
43.969
40.524
39.116
41.787
45.659
49.082
61.824
78.664
94.228
105.12
107.14
54.682
35.497
19.736
14.106
16.376
21.773
25.348
24.063
20.113
18.322
20.765
26.837
37.488
50.744
59.352
67.611
69.856
66.563
28.768
21.773
15.222
12.276
13.44
17.51
19.936
17.388
12.375
9.9653
12.146
17.863
26.49
29.372
31.715
34.15
35.557
33.805
32.864
30.76
25.933
21.841
20.881
24.308
26.457
23.212
17.661
14.977
16.995
21
22.998
20.296
16.812
18.354
24.034
30.643
47.683
46.076
39.986
33.227
30.383
34.158
36.444
32.97
27.121
24.277
26.447
30.689
31.966
28.355
23.816
25.023
34.533
43.464
57.485
54.859
46.561
36.675
33.813
38.083
40.281
37.012
31.351
28.788
31.593
36.716
38.651
35.127
30.224
33.686
44.064
53.317
54.256
50.462
40.291
30.12
28.776
32.303
33.937
31.006
26.125
24.187
27.44
32.992
35.342
31.944
28.428
33.369
42.385
50.953
44.884
41.101
31.069
23.497
22.012
23.891
24.959
22.344
18.066
16.462
19.511
24.555
26.657
23.772
22.017
26.01
33.709
41.486
43.223
39.792
32.067
24.985
21.624
21.954
23.469
21.348
17.13
15.034
17.238
21.506
23.358
21.25
19.731
22.214
29.294
38.294
49.954
47.687
40.2
31.701
26.247
26.919
29.639
27.783
23.002
20.03
21.552
25.665
28.046
26.424
23.788
25.057
33.709
45.052
57.491
54.646
46.107
36.159
29.923
32.663
36.026
34.071
28.735
25.317
27
31.794
34.795
33.088
29.338
31.159
42.385
53.065
55.671
52.417
44.607
33.875
30.535
33.215
34.971
32.604
27.334
24.322
26.705
32.309
35.79
33.784
29.881
33.699
44.064
52.719
45.835
46.912
41.081
36.436
32.932
30.162
27.158
22.535
17.905
15.785
18.704
24.497
27.875
25.773
22.9
26.97
34.533
41.312
50.44
57.117
59.29
54.135
43.94
33.618
24.85
15.691
10.83
9.3666
11.943
16.831
19.365
17.213
15.085
17.612
24.034
36.145
78.188
87.743
85.378
73.101
56.569
42.157
30.362
22.715
18.73
16.534
18.134
22.154
24.149
21.891
18.762
20.831
35.557
58.981
112.11
114.5
104.3
85.452
64.334
48.676
41.812
39.555
35.444
32.527
34.033
38.229
39.981
36.79
33.777
43.914
69.856
96.402
131.74
125.93
108.57
82.266
59.524
52.145
55.02
54.19
49.648
47.031
49.271
53.736
54.722
51.664
55.982
77.785
105.12
124.67
101.07
84.621
60.208
35.299
29.96
36.379
41.366
41.012
37.518
35.974
38.897
43.424
45.094
49.798
66.806
84.88
99.137
105.34
69.261
50.948
31.886
18.087
18.566
25.499
30.314
29.77
25.997
24.217
26.889
32.118
39.434
51.006
61.659
71.457
78.955
82.172
36.893
27.463
14.106
8.0387
10.822
16.63
20.144
18.317
13.755
11.609
14.062
19.492
27.711
31.688
34.591
39.164
43.913
43.8
24.984
18.708
12.276
9.3976
10.367
14.384
16.887
14.314
9.3356
6.877
8.9263
12.923
15.3
13.137
11.009
15.069
20.831
24.31
28.367
26.622
21.842
17.363
15.937
19.166
21.605
18.535
13.011
10.103
11.739
15.331
16.229
12.616
9.1017
10.942
17.613
25.71
40.887
39.515
33.228
25.943
22.6
26.272
28.778
25.539
19.633
16.544
18.422
22.671
24.183
20.835
16.255
17.405
26.97
36.249
47.521
45.016
36.675
26.491
23.359
27.384
29.667
26.56
20.891
18.19
20.813
26.056
28.354
25.048
20.17
23.47
33.699
43.078
43.411
40.024
30.12
20.08
18.544
21.741
23.247
20.319
15.431
13.484
16.612
22.086
24.505
21.299
17.824
22.388
31.159
39.79
36.74
33.232
23.497
16.004
14.316
16.047
17.035
14.436
10.173
8.5099
11.436
16.344
18.332
15.552
13.719
17.457
25.057
33.006
36.051
32.642
24.985
17.854
14.501
14.998
16.56
14.44
10.183
8.027
10.146
14.382
16.375
14.389
12.831
15.195
22.216
31.212
41.69
39.259
31.701
23.396
18.174
19.041
21.754
19.849
15.029
11.985
13.533
17.755
20.236
18.798
16.205
17.457
26.01
37.048
47.699
44.584
36.159
26.512
20.562
23.262
26.5
24.534
19.225
15.927
17.675
22.552
25.671
24.051
20.486
22.388
33.369
43.666
44.602
41.335
33.875
24.035
20.298
22.382
24.2
21.751
16.582
13.789
16.262
21.818
25.238
23.314
19.618
23.47
33.686
41.898
38.237
40.464
36.436
31.092
25.525
22.215
19.187
13.422
8.4995
6.555
9.5033
15.005
18.026
15.819
13.083
17.4
25.024
32.185
48.171
55.094
54.134
45.57
34.39
25.783
19.427
9.2056
4.8142
3.0469
5.4681
10.211
12.635
10.437
8.2906
10.942
18.354
34.063
74.273
79.487
73.101
58.774
42.644
29.476
19.576
15.304
11.482
9.0354
10.821
15.169
17.356
15.015
11.853
15.069
34.15
57.418
99.973
98.172
85.452
64.775
43.011
31.182
30.366
29.315
24.934
22.261
24.255
28.745
30.465
27.126
25.103
39.164
66.469
89.115
111.52
102.91
82.266
55.098
36.396
37.152
41.926
40.973
36.733
34.568
37.119
41.628
42.558
39.847
47.377
71.272
94.228
108.57
78.363
65.289
46.501
29.961
22.925
29.64
35.573
35.45
31.59
29.523
32.169
36.875
40.036
44.984
56.626
66.806
76.669
81.431
57.036
47.24
32.959
18.566
19.235
26.929
31.847
30.79
26.335
24.183
26.944
31.811
35.706
39.574
41.293
47.378
55.982
60.592
37.651
29.813
16.377
10.822
13.794
19.54
22.908
20.977
16.401
14.337
16.848
21.079
22.615
20.43
18.843
25.103
33.778
38.536
25.488
19.376
13.44
10.367
10.944
14.612
17.279
14.92
10.016
7.4641
9.1837
12.581
12.964
9.1047
7.5561
11.852
18.762
24.442
26.929
25.661
20.881
15.936
13.837
16.813
19.417
16.67
11.1
7.8615
9.1666
12.605
13.548
10.208
6.8919
8.2905
15.085
23.625
37.842
36.754
30.383
22.6
18.658
22.165
24.737
21.656
15.73
12.374
14.097
18.433
20.23
17.047
12.203
13.083
22.9
32.646
44.393
42.145
33.812
23.359
19.94
23.752
25.898
22.848
17.279
14.495
17.068
22.256
24.552
21.249
16.309
19.618
29.881
39.593
41.985
38.774
28.776
18.544
16.811
19.844
21.382
18.574
13.77
11.788
14.813
20.075
22.374
19.139
15.835
20.486
29.338
38.137
35.542
31.92
22.012
14.316
12.487
14.31
15.553
13.138
8.9306
7.1468
9.8505
14.574
16.636
14.071
12.477
16.204
23.788
31.774
33.15
29.49
21.624
14.502
11.302
12.19
13.996
12.019
7.6946
5.3117
7.2549
11.422
13.629
12.006
10.547
12.831
19.731
28.546
36.819
33.948
26.247
18.174
13.321
14.812
17.643
15.715
10.791
7.6759
9.2042
13.439
16.129
14.925
12.477
13.72
22.017
32.616
41.824
38.361
29.923
20.562
15.338
18.52
21.757
19.634
14.262
11.024
12.852
17.664
20.693
19.141
15.834
17.824
28.428
38.294
40.873
37.802
30.535
20.298
17.197
20.139
21.538
18.736
13.555
10.826
13.364
18.799
21.909
19.848
16.308
20.171
30.224
38.307
37.634
39.125
32.931
25.525
20.99
20.127
16.951
12.569
7.9291
5.8265
8.7636
14.346
17.359
15.076
12.203
16.251
23.816
31.097
45.708
48.737
43.939
34.39
25.69
19.92
11.402
7.298
3.1917
1.3366
4.1239
9.3267
11.971
9.6487
7.1555
9.1022
16.812
33.23
64.471
65.204
56.569
42.644
27.43
14.876
12.054
10.203
6.1029
4.0058
6.4564
11.274
13.566
11.033
7.5561
11.009
31.715
52.665
82.387
78.086
64.334
43.01
22.266
18.421
21.953
20.948
16.987
15.069
17.635
22.335
24.012
20.684
18.843
34.592
59.119
76.1
89.088
79.229
59.524
36.396
23.334
26.531
31.74
31.478
27.945
26.22
28.933
33.563
34.973
33.763
41.293
61.613
78.663
88.419
71.585
64.926
51.887
36.379
29.64
37.071
43.409
43.082
38.774
36.357
39.005
43.946
45.39
43.756
44.984
49.798
60.556
70.073
61.06
53.499
39.21
25.499
26.929
34.687
39.491
38.292
33.846
31.808
34.682
39.357
40.051
35.969
33.763
39.847
51.664
59.976
42.664
34.792
21.773
16.63
19.54
25.043
28.388
26.603
22.21
20.179
22.573
26.321
26.291
21.44
20.684
27.126
36.79
43.176
28.877
23.207
17.51
14.383
14.612
18.092
20.835
18.685
13.875
11.105
12.519
15.615
15.738
12.094
11.033
15.015
21.891
27.602
29.899
28.971
24.308
19.166
16.813
19.62
22.26
19.562
13.952
10.495
11.613
15.065
16.141
12.865
9.3945
10.437
17.213
26.136
41.349
40.456
34.158
26.272
22.165
25.499
27.988
24.903
18.979
15.583
17.279
21.647
23.442
20.12
15.076
15.819
25.773
35.863
48.612
46.446
38.083
27.384
23.753
27.452
29.624
26.64
21.15
18.454
20.985
26.04
28.198
24.809
19.848
23.314
33.784
43.678
45.847
42.503
32.303
21.741
19.844
22.948
24.654
22.005
17.314
15.281
18.18
23.304
25.505
22.288
19.141
24.051
33.088
42.014
37.875
34.022
23.891
16.047
14.309
16.373
17.846
15.591
11.355
9.4293
11.948
16.552
18.668
16.265
14.925
18.798
26.424
34.36
34.071
30.073
21.954
14.998
12.19
13.518
15.493
13.427
9.0059
6.5642
8.3965
12.493
14.726
13.257
12.006
14.388
21.25
29.837
38.049
34.819
26.919
19.041
14.812
16.762
19.55
17.452
12.4
9.2872
10.793
14.916
17.453
16.265
14.07
15.552
23.772
34.155
45.138
41.413
32.663
23.262
18.52
22.152
25.475
23.225
17.769
14.489
16.323
21.05
23.883
22.288
19.139
21.3
31.944
41.784
45.641
41.985
33.215
22.382
20.139
23.531
25.948
23.715
18.436
15.699
18.307
23.786
26.885
24.809
21.249
25.048
35.127
43.238
40.589
39.559
30.162
22.215
20.127
19.349
19.146
16.803
12.113
10.16
13.406
19.282
22.445
20.12
17.047
20.835
28.355
35.519
42.823
40.91
33.617
25.783
20.928
12.483
11.35
9.2858
5.2798
3.9855
7.3641
12.967
15.68
13.215
10.573
13.017
20.307
34.145
52.846
51.227
43.665
32.79
15.855
9.0074
10.768
9.5807
6.1883
4.9361
7.9125
12.858
15.038
12.489
9.4498
13.188
30.637
46.377
65.756
61.628
48.676
31.182
18.421
16.26
20.259
20.162
16.969
15.371
17.862
22.386
24.21
21.44
20.43
31.688
50.457
62.044
73.105
66.415
52.145
37.152
26.531
28.818
34.961
35.241
31.548
29.295
31.576
36.209
37.91
35.969
39.574
51.005
61.824
70.512
74.223
69.49
56.687
41.366
35.574
43.409
49.77
49.428
45.114
42.776
45.489
50.342
51.22
45.39
40.036
45.094
57.885
69.696
65.246
57.544
43.461
30.314
31.847
39.49
44.332
43.285
39.004
37.048
39.838
44.157
44.195
37.91
34.973
42.558
54.722
64.006
45.675
38.027
25.348
20.144
22.908
28.388
31.845
30.259
25.95
23.843
25.971
29.403
29.051
24.21
24.012
30.465
39.98
46.219
31.251
25.791
19.937
16.887
17.278
20.835
23.599
21.468
16.62
13.764
15.045
18.046
18.221
14.652
13.566
17.356
24.149
29.871
31.952
31.021
26.457
21.605
19.417
22.26
24.826
22.114
16.501
13.052
14.233
17.696
18.678
15.291
11.645
12.635
19.365
28.214
43.35
42.55
36.444
28.778
24.737
27.988
30.491
27.465
21.623
18.296
19.999
24.267
25.923
22.445
17.359
18.026
27.875
37.942
50.678
48.575
40.281
29.667
25.898
29.624
31.913
29.058
23.622
20.92
23.362
28.305
30.345
26.885
21.91
25.238
35.79
45.676
47.594
44.151
33.936
23.247
21.382
24.639
26.473
23.886
19.192
17.13
19.909
24.941
27.076
23.883
20.693
25.671
34.794
43.792
39.269
35.294
24.959
17.035
15.551
17.846
19.355
17.041
12.768
10.831
13.313
17.856
19.869
17.454
16.129
20.236
28.046
35.935
35.991
31.793
23.469
16.56
13.996
15.493
17.371
15.251
10.782
8.3435
10.19
14.21
16.255
14.726
13.628
16.374
23.358
31.801
41.06
37.667
29.64
21.754
17.643
19.55
22.39
20.214
15.106
12.017
13.454
17.487
19.87
18.668
16.636
18.332
26.657
37.1
48.9
45.053
36.026
26.5
21.757
25.475
28.894
26.564
21.02
17.72
19.574
24.282
27.076
25.505
22.374
24.506
35.342
45.456
49.39
44.888
34.971
24.2
21.538
25.948
29.25
26.851
21.535
18.877
21.605
27.221
30.345
28.197
24.553
28.354
38.651
47.014
41.887
37.927
27.158
19.187
16.951
19.146
21.661
19.371
14.865
13.26
16.792
22.816
25.923
23.442
20.23
24.183
31.966
38.866
37.165
32.532
24.85
17.182
11.27
10.878
12.761
11.064
7.6672
6.8141
10.428
16.051
18.678
16.141
13.548
16.229
22.998
32.666
39.809
37.775
30.362
19.576
12.054
10.133
12.479
12.136
9.4205
8.434
11.346
16.113
18.222
15.739
12.964
15.3
26.49
36.63
52.105
50.662
41.811
30.366
21.953
20.259
24.957
25.533
22.458
20.558
22.714
27.122
29.051
26.29
22.615
27.712
37.488
46.389
67.153
64.773
55.02
41.926
31.74
34.96
41.659
42.032
38.14
35.654
37.874
42.572
44.195
40.052
35.707
39.434
49.082
61.076
73.542
68.563
55.814
41.011
35.45
43.084
49.428
49.196
44.982
42.734
45.432
49.939
50.342
43.946
36.873
43.424
56.897
69.062
64.026
56.507
42.819
29.77
30.79
38.293
43.285
42.494
38.332
36.317
38.879
42.848
42.572
36.21
33.563
41.628
53.736
62.835
44.153
36.736
24.062
18.317
20.977
26.603
30.259
28.819
24.518
22.251
24.173
27.479
27.122
22.386
22.335
28.746
38.229
44.571
29.149
23.458
17.388
14.314
14.92
18.685
21.468
19.383
14.527
11.657
12.936
15.943
16.113
12.473
11.274
15.169
22.154
27.835
28.834
27.649
23.212
18.535
16.67
19.562
22.114
19.44
13.928
10.588
11.784
15.219
16.051
12.528
8.9253
10.212
16.831
25.33
39.67
38.938
32.97
25.54
21.656
24.903
27.465
24.553
18.795
15.501
17.156
21.289
22.816
19.282
14.345
15.005
24.497
34.343
47.173
45.144
37.012
26.559
22.849
26.64
29.059
26.234
20.792
18.02
20.376
25.25
27.221
23.786
18.799
21.818
32.309
42.174
44.582
41.141
31.006
20.319
18.574
22.005
23.886
21.248
16.471
14.351
17.121
22.167
24.282
21.051
17.663
22.552
31.795
40.791
36.818
32.792
22.344
14.436
13.138
15.591
17.041
14.616
10.3
8.4045
10.988
15.563
17.486
14.916
13.439
17.755
25.664
33.572
34
29.8
21.349
14.44
12.018
13.427
15.251
13.084
8.6646
6.3406
8.2842
12.291
14.21
12.492
11.422
14.382
21.506
29.845
39.203
35.817
27.783
19.849
15.715
17.452
20.214
18.045
13.032
10.007
11.549
15.564
17.856
16.552
14.574
16.343
24.554
35.131
46.964
43.189
34.071
24.533
19.634
23.225
26.563
24.172
18.667
15.488
17.395
22.167
24.941
23.303
20.074
22.086
32.992
43.382
47.645
42.776
32.604
21.75
18.736
23.715
26.851
24.383
19.172
16.654
19.567
25.25
28.306
26.039
22.255
26.056
36.716
45.256
38.602
33.192
22.535
13.423
12.57
16.803
19.37
17.249
13.086
11.693
15.325
21.289
24.267
21.647
18.433
22.671
30.688
37.334
28.525
23.716
15.691
9.2056
7.0775
8.7758
11.065
9.987
6.9683
6.2094
9.7593
15.219
17.696
15.065
12.605
15.332
21.001
26.852
29.073
28.124
22.714
15.304
10.203
8.9876
12.136
12.409
9.8072
8.6316
11.311
15.942
18.046
15.615
12.581
12.923
17.864
25.28
45.131
45.821
39.555
29.315
20.948
20.162
25.533
26.306
23.093
20.972
23.039
27.479
29.404
26.321
21.079
19.492
26.837
37.771
65.227
63.944
54.19
40.973
31.479
35.241
42.032
42.398
38.408
35.912
38.213
42.848
44.157
39.358
31.81
32.118
44.675
57.721
69.089
64.205
51.788
37.518
31.589
38.774
45.114
44.983
40.874
38.658
41.193
45.432
45.489
39.005
32.169
38.896
52.652
64.67
59.934
52.686
39.318
25.997
26.335
33.846
39.004
38.332
34.195
32.047
34.388
38.213
37.873
31.576
28.933
37.12
49.271
58.506
40.339
32.938
20.113
13.755
16.401
22.209
25.951
24.518
20.147
17.785
19.685
23.039
22.714
17.861
17.635
24.255
34.033
40.664
24.785
18.92
12.374
9.3356
10.016
13.875
16.62
14.527
9.7153
6.9055
8.2867
11.311
11.346
7.5043
6.4564
10.821
18.134
23.715
23.423
22.128
17.661
13.011
11.1
13.952
16.501
13.928
8.5404
5.2744
6.4623
9.7594
10.428
6.8949
3.6893
5.4686
11.944
20.163
33.777
33.078
27.121
19.633
15.729
18.98
21.623
18.796
13.082
9.7392
11.292
15.325
16.792
13.406
8.7636
9.5031
18.704
28.498
41.586
39.532
31.351
20.89
17.279
21.149
23.622
20.791
15.276
12.402
14.709
19.568
21.605
18.308
13.364
16.263
26.705
36.572
39.743
36.256
26.125
15.431
13.77
17.314
19.192
16.471
11.583
9.4468
12.271
17.395
19.574
16.322
12.852
17.675
27
35.978
32.656
28.604
18.066
10.173
8.9305
11.355
12.768
10.3
5.9851
4.167
6.8716
11.549
13.454
10.793
9.2045
13.533
21.552
29.46
29.78
25.575
17.13
10.183
7.6942
9.0062
10.782
8.6647
4.3505
2.135
4.1894
8.2841
10.19
8.3962
7.2549
10.146
17.238
25.589
34.26
30.968
23.001
15.028
10.791
12.4
15.106
13.031
8.1216
5.2333
6.8714
10.987
13.313
11.947
9.8505
11.436
19.511
30.145
41.536
37.817
28.735
19.225
14.262
17.769
21.021
18.667
13.305
10.237
12.27
17.122
19.909
18.179
14.813
16.611
27.44
37.904
42.433
37.47
27.335
16.582
13.555
18.436
21.535
19.172
14.09
11.737
14.709
20.376
23.362
20.985
17.068
20.813
31.593
40.127
33.689
28.163
17.905
8.4995
7.9293
12.112
14.865
13.086
9.0508
7.6917
11.292
17.156
19.999
17.28
14.097
18.423
26.447
32.825
22.888
19.231
10.83
4.8143
2.9328
4.776
7.6675
6.9685
3.9952
3.0904
6.4624
11.784
14.233
11.613
9.1667
11.739
16.995
21.674
24.684
23.628
18.73
11.481
6.1027
5.6338
9.4207
9.8071
7.0777
5.6938
8.2867
12.936
15.045
12.518
9.1837
8.9262
12.146
18.901
41.209
42.051
35.444
24.934
16.987
16.969
22.458
23.093
19.715
17.538
19.685
24.173
25.971
22.573
16.848
14.062
20.766
33.604
61.142
59.495
49.647
36.734
27.945
31.548
38.14
38.408
34.43
32.052
34.388
38.879
39.838
34.682
26.944
26.889
40.523
53.815
66.627
62.018
49.925
35.974
29.522
36.357
42.776
42.735
38.658
36.351
38.658
42.734
42.776
36.356
29.523
35.974
49.925
62.018
58.269
51.125
37.846
24.217
24.182
31.808
37.048
36.317
32.047
29.757
32.052
35.912
35.655
29.295
26.22
34.567
47.031
56.613
38.844
31.304
18.322
11.608
14.337
20.179
23.843
22.25
17.785
15.49
17.539
20.972
20.558
15.371
15.069
22.261
32.527
39.313
22.783
16.746
9.9652
6.877
7.4643
11.104
13.764
11.657
6.9056
4.2397
5.695
8.6316
8.4339
4.4683
4.0054
9.0353
16.534
21.836
20.818
19.494
14.976
10.103
7.8615
10.495
13.051
10.588
5.2744
1.9946
3.0902
6.2093
6.8138
3.4785
0.97648
3.0469
9.3662
17.504
31.134
30.379
24.276
16.544
12.373
15.583
18.295
15.501
9.7392
6.2599
7.6916
11.693
13.26
10.159
5.8269
6.555
15.784
25.732
39.31
37.163
28.788
18.19
14.495
18.454
20.919
18.021
12.402
9.4393
11.737
16.654
18.877
15.699
10.825
13.788
24.322
34.299
38.092
34.494
24.187
13.484
11.788
15.281
17.131
14.351
9.447
7.3125
10.238
15.488
17.72
14.489
11.024
15.927
25.317
34.363
31.166
27.039
16.462
8.51
7.147
9.4292
10.831
8.4046
4.1676
2.4391
5.2331
10.008
12.017
9.2872
7.6755
11.985
20.031
27.952
27.618
23.418
15.034
8.0267
5.3111
6.5638
8.3434
6.3401
2.1345
0
2.1336
6.3403
8.3435
6.5639
5.3111
8.0268
15.034
23.417
31.166
27.952
20.03
11.985
7.6755
9.2874
12.017
10.007
5.2336
2.4391
4.1674
8.4055
10.831
9.4296
7.1468
8.5097
16.463
27.039
38.091
34.361
25.316
15.927
11.023
14.489
17.72
15.488
10.236
7.3116
9.4462
14.352
17.13
15.28
11.788
13.484
24.187
34.494
39.309
34.299
24.322
13.788
10.825
15.699
18.877
16.654
11.738
9.4394
12.402
18.021
20.92
18.454
14.495
18.19
28.788
37.163
31.134
25.732
15.785
6.5552
5.827
10.16
13.26
11.693
7.6914
6.2592
9.7401
15.501
18.295
15.583
12.374
16.544
24.276
30.379
20.818
17.505
9.3662
3.0468
0.97642
3.4788
6.8138
6.2093
3.0901
1.994
5.2742
10.588
13.052
10.495
7.8621
10.103
14.976
19.493
22.783
21.836
16.534
9.0354
4.0054
4.468
8.4339
8.6316
5.6937
4.2401
6.9056
11.658
13.764
11.104
7.4643
6.877
9.9653
16.746
38.845
39.314
32.527
22.262
15.07
15.372
20.558
20.972
17.539
15.49
17.785
22.25
23.843
20.179
14.337
11.609
18.321
31.304
58.268
56.614
47.031
34.567
26.22
29.295
35.654
35.912
32.052
29.757
32.047
36.317
37.049
31.808
24.182
24.217
37.844
51.126
