67.7474
66.4401
62.6563
56.5908
49.0864
41.2869
34.8069
29.5812
27.6738
30.297
34.6285
38.7526
41.4255
42.0354
40.9603
38.6814
36.0848
34.2341
33.5786
34.2338
36.0848
38.6812
40.9602
42.0355
41.4252
38.7526
34.6285
30.297
27.674
29.5811
34.8069
41.2865
49.0819
56.5918
62.6543
66.4399
67.7473
65.3883
63.1908
58.4698
51.8585
44.098
36.5942
29.8917
25.3774
25.6737
29.4015
33.8221
37.743
40.0617
40.5664
39.2816
36.9546
34.3356
32.4917
31.8105
32.4838
34.4582
36.8306
39.0527
40.113
39.292
36.4409
32.4042
28.5656
27.6416
30.9112
35.7472
42.4517
50.1297
56.9948
62.1364
65.0173
65.388
58.6613
55.6597
50.4499
43.5982
36.145
28.8144
21.9832
19.7835
22.0218
26.0171
30.2754
33.7344
35.776
35.9492
34.5559
32.1724
29.5403
27.6746
27.1065
27.8185
29.693
32.0099
34.1222
35.0224
34.0276
31.1773
27.4629
24.5262
25.1569
28.474
33.3725
39.9591
46.9745
53.0425
57.2975
59.1725
58.6613
48.9283
45.4327
40.1191
33.7163
26.6345
18.6506
14.1688
14.434
17.4515
21.1916
24.9183
27.8006
29.4504
29.408
27.8919
25.464
22.9322
21.0807
20.4385
21.1596
22.987
25.1946
27.1443
27.8434
26.7187
24.0633
20.8041
19.0591
20.3895
23.4017
28.1753
34.3286
40.5893
45.6849
49.0363
50.1647
48.9283
37.9287
34.5716
29.9543
23.9751
16.0556
10.2757
8.5952
10.0666
12.771
15.9567
18.9935
21.4451
22.6516
22.4976
20.897
18.3837
15.9246
14.0218
13.3779
14.051
15.7657
17.8044
19.5415
20.0441
18.9168
16.503
13.8238
12.8886
14.3965
17.0406
21.354
26.7985
32.2317
36.5244
39.058
39.5444
37.9287
28.0747
25.7437
21.5284
14.7406
8.99462
6.04317
5.76744
7.04306
9.05855
11.3934
13.8727
15.8488
16.839
16.5656
14.9154
12.4679
9.94616
8.08622
7.30083
7.92497
9.39764
11.2346
12.7624
13.1371
12.1309
9.97995
7.84778
7.3661
8.55464
10.7614
14.409
18.996
23.4514
26.9197
28.8865
29.2139
28.0747
21.8463
19.8169
15.022
10.3767
7.25544
5.64897
5.16635
5.74325
6.85529
8.45723
10.3962
12.1891
13.1725
12.7898
11.1221
8.63065
6.04986
4.09565
3.23698
3.61371
4.89955
6.64236
7.94174
8.32278
7.47351
5.68917
3.92321
3.41412
4.08782
5.63401
8.39026
11.9327
15.501
18.4246
20.4158
21.589
21.8464
19.0667
16.75
14.038
11.6376
9.53631
7.69187
6.61881
6.27132
6.39183
7.40438
9.20684
11.0814
12.0353
11.6298
9.89506
7.3075
4.60011
2.48632
1.44893
1.64204
2.82958
4.42633
5.74234
6.29511
5.74286
4.26271
2.66344
1.74501
1.7239
2.3859
4.05144
6.59709
9.59746
12.725
15.9484
18.7129
19.0668
19.5441
19.0243
17.926
16.13
13.8431
11.4492
9.5255
8.21984
7.67562
8.33833
10.2495
12.3171
13.3266
12.8744
10.9821
8.24058
5.41223
3.09289
1.86248
1.92058
3.05968
4.71251
6.33339
7.09707
6.87495
5.66226
3.91297
2.43484
1.55099
1.22876
1.87936
3.81666
7.14716
11.7391
16.5567
19.2005
19.5442
24.2043
24.7768
23.9677
22.0005
19.098
16.0086
13.174
10.9923
9.77358
10.6613
12.9069
15.0285
16.0529
15.5002
13.5058
10.5959
7.59738
5.20161
3.92454
3.9319
5.13976
7.07181
8.94122
10.1666
10.1272
9.03849
7.08134
4.9314
3.15995
2.01544
2.12876
4.45574
9.26539
15.2778
19.8582
22.576
24.2042
30.5303
31.1928
30.1773
27.7114
24.0431
20.0276
16.385
13.3663
12.1107
13.3803
15.8507
18.0535
19.0798
18.4496
16.3266
13.2947
10.182
7.7609
6.5439
6.69416
8.10263
10.2582
12.4614
14.0327
14.3377
13.157
10.9835
8.29921
5.78781
4.28552
4.83439
8.53301
14.6188
20.3211
24.8169
28.2698
30.5302
36.1158
36.5328
34.9293
31.6782
27.2935
22.6071
18.2048
14.6156
13.7362
15.4509
18.091
20.3494
21.2004
20.4747
18.2604
15.1875
12.195
9.84198
8.75431
9.1114
10.7537
13.2325
15.7679
17.5393
18.0086
16.8962
14.4272
11.3691
8.59061
7.27277
9.02151
14.0183
19.8594
25.2683
30.1562
33.9476
36.1158
39.4289
39.1794
37.0084
33.217
28.3425
22.9667
17.6669
14.2797
14.1558
16.2176
18.8161
20.9622
21.7937
21.0076
18.7709
15.7412
12.7528
10.5662
9.67003
10.3474
12.2178
14.9548
17.7265
19.6885
20.2342
19.0253
16.5132
13.2552
10.5851
10.1776
13.2336
18.2946
23.5816
29.0868
34.0101
37.6778
39.4289
39.6228
38.9347
36.398
32.1851
26.8318
20.6922
15.1985
12.6682
13.2652
15.3899
17.9552
19.8991
20.5839
19.7555
17.482
14.649
11.833
9.85019
9.19308
9.97916
12.0378
14.9765
17.8391
19.8775
20.4288
19.237
16.6349
13.597
11.3791
12.1013
15.8051
20.1945
25.3056
30.6715
35.2601
38.3563
39.6228
37.3701
36.3702
33.5661
29.143
23.1834
16.5618
11.8451
10.3436
11.2596
13.4033
15.6736
17.3757
17.9125
16.9847
14.8749
12.1451
9.55514
7.85959
7.39005
8.34387
10.4989
13.3429
16.2228
18.1637
18.6805
17.5138
15.0688
12.3036
10.9885
12.5429
15.7282
19.6731
24.5864
29.5887
33.718
36.4022
37.37
33.5697
32.5744
29.7968
24.9802
18.3982
12.3558
8.80278
7.93271
8.99943
10.8132
12.7051
14.1115
14.5388
13.6428
11.7156
9.17132
6.74727
5.13598
4.87093
5.88403
8.01263
10.7651
13.3944
15.1867
15.6998
14.6118
12.4388
10.2423
9.67442
11.3774
13.9229
17.5403
22.1021
26.6636
30.4143
32.8007
33.5699
29.817
29.0872
26.0902
20.5863
14.3987
9.49055
6.83137
6.16289
6.97144
8.31252
9.819
11.0229
11.4285
10.7303
8.87724
6.4617
4.18468
2.64971
2.31175
3.41189
5.42754
8.00938
10.4595
12.0906
12.4247
11.5518
9.65656
7.98055
7.88162
9.19198
11.2216
14.4699
18.6452
22.8606
26.422
28.8262
29.817
27.476
26.6866
22.9592
17.7293
12.5862
8.5549
6.17607
5.31674
5.67783
6.51513
7.70815
8.87556
9.3765
8.81065
7.21648
4.82386
2.59728
1.03925
0.600032
1.41315
3.40008
5.80099
8.09468
9.62705
9.9633
9.11424
7.56249
6.36726
6.31745
7.07499
8.636
11.5078
15.362
19.4395
23.1393
25.9757
27.476
26.8702
25.3338
21.7602
17.4181
13.0944
9.36106
6.83163
5.59612
5.42142
5.76901
6.901
8.18946
8.85347
8.44056
6.91373
4.70295
2.29563
0.61505
0
0.614945
2.29563
4.70301
6.91365
8.44064
8.85345
8.18949
6.90126
5.76906
5.42145
5.5961
6.83171
9.36104
13.0944
17.4181
21.7604
25.3338
26.8702
