67.9817
66.7089
63.008
57.1266
49.7503
42.1232
35.48
30.1905
28.9619
32.8606
38.0074
42.8576
46.0428
46.2713
45.2954
43.1595
40.7601
38.9681
38.319
38.9679
40.7599
43.1594
45.2952
46.2712
46.0428
42.8572
38.007
32.8606
28.9619
30.1902
35.4799
42.123
49.7501
57.1267
63.0058
66.707
68.224
65.6627
63.5765
59.1084
52.6369
45.0107
37.5933
30.7389
26.5203
27.3241
32.4543
37.7957
41.9911
44.2476
44.8213
43.6449
41.4344
38.9946
37.1367
36.4853
37.1377
38.8877
41.1909
43.2184
44.0858
43.3515
40.2358
35.3174
30.6733
28.3379
31.1048
36.3922
43.0193
50.4494
57.2646
62.3768
65.2456
65.6628
59.1721
56.332
51.272
44.5762
37.2379
29.7585
23.2936
21.3704
24.6275
29.3335
34.2992
38.3165
39.8498
40.1433
38.8403
36.5216
33.9997
32.1678
31.505
32.1063
33.814
36.04
37.9396
38.654
37.7161
34.5324
29.6393
25.4128
25.5047
28.6981
33.6759
40.1915
47.1571
53.2385
57.5295
59.5671
59.1722
49.5747
46.259
41.116
34.8546
27.683
20.1018
15.8505
16.9312
20.1732
24.8092
28.8128
31.661
33.4247
33.3916
31.8904
29.51
26.9988
25.143
24.4672
25.0547
26.6615
28.7351
30.5053
31.3352
30.0033
26.5399
22.3798
19.2846
20.2756
23.5408
28.2907
34.4283
40.7073
45.9675
49.4255
50.6671
49.5747
38.7093
35.5515
31.16
25.1873
17.6477
12.1266
10.4763
12.8522
15.7642
19.4724
23.0292
25.022
26.3558
26.1531
24.512
22.0256
19.4811
17.63
16.9207
17.3984
18.8859
20.8038
22.0596
23.0075
21.6464
18.2117
14.8776
12.7686
14.1761
17.7364
21.4471
26.9648
32.4161
36.8038
39.4678
40.112
38.7092
29.0796
27.0112
22.8534
16.4528
10.8985
8.01681
8.56467
9.87695
11.9881
14.7535
16.9908
19.1291
20.2166
19.8342
18.0833
15.581
13.0177
11.1358
10.3303
10.682
11.961
13.6849
15.1004
15.6492
14.3624
11.2414
8.53715
7.01444
8.98724
11.379
14.4364
19.0986
23.6431
27.2433
29.407
29.9488
29.0796
23.1466
21.2195
16.8554
12.4132
9.23286
8.39204
7.94629
8.52208
9.97086
11.8456
13.293
15.1954
16.1246
15.6679
13.8543
11.2713
8.65076
6.64588
5.69329
5.83793
6.95122
8.53261
9.83413
10.4249
9.35224
6.85576
4.4596
3.04781
4.5324
6.26192
8.38351
12.0381
15.7688
18.9177
21.2031
22.6608
23.1466
20.7894
18.6881
16.0692
14.3355
12.2493
10.3938
9.59305
9.29574
9.71679
10.655
11.8574
13.7566
14.6772
14.1628
12.226
9.55299
6.80107
4.65018
3.47509
3.4591
4.45718
5.96858
7.30131
8.11164
7.41982
5.37855
3.38913
2.34489
2.41189
3.25578
4.11797
6.80236
10.0864
13.5952
17.1061
20.0769
20.7894
21.6451
21.9367
21.0123
19.1371
17.0314
14.5586
12.9261
11.4911
10.8228
10.9
12.7953
14.7235
14.9542
14.4935
12.4693
9.60174
6.50302
4.1742
3.63451
3.51623
4.45849
6.05579
7.61051
9.0585
8.49221
6.82139
4.86172
3.25079
2.52489
2.34045
2.28484
4.49919
8.15914
13.1684
18.1257
21.0097
21.6451
27.3309
27.887
27.0332
25.2306
22.553
19.3555
15.9323
13.7684
12.5608
13.3389
15.4642
16.7969
17.7407
17.0275
14.8542
11.8086
8.72606
6.2641
4.89824
5.4043
6.48919
8.28876
10.1603
12.1194
12.1775
10.7533
8.44621
6.17011
4.32275
3.31958
3.57362
5.54863
10.7003
17.5553
22.3174
25.3255
27.3308
33.6396
34.5437
33.7422
31.1317
26.8433
22.8671
19.2694
16.2633
14.9175
15.345
17.7163
19.8834
20.7626
19.926
17.6315
14.4909
11.317
8.80435
7.50048
7.56588
9.60508
11.7172
13.8991
15.4191
16.3571
15.2897
12.825
9.78043
7.24541
5.85208
6.73509
10.792
17.0452
22.9316
27.7188
31.379
33.6438
39.7431
40.0382
37.8939
34.6683
30.3056
25.6147
21.145
17.5308
15.7137
17.3677
19.9642
21.9223
22.8903
21.972
19.5791
16.4273
13.2354
10.5694
9.68628
9.969
11.5681
13.9799
17.1932
18.9792
19.4611
19.0244
16.6819
13.6783
10.5571
9.16817
11.2688
16.5179
22.4982
28.1179
33.4357
37.3007
39.7433
42.3254
42.1856
40.0614
36.2588
31.327
25.9144
20.5938
16.3903
16.0916
17.8057
20.468
22.7025
23.3842
22.383
20.0321
16.912
13.8495
11.5747
10.4354
10.9381
13.0792
15.7313
18.4648
21.1877
21.7848
20.6971
18.1994
15.6613
12.7262
12.4772
15.8417
21.0928
26.5499
32.1885
37.4609
41.0855
42.3253
42.5865
41.9861
39.4321
35.2058
29.797
23.5764
18.0235
14.275
14.6947
16.8625
19.5437
21.4416
21.9896
20.9614
18.6673
15.6925
12.8121
10.7571
9.99247
10.7202
12.5614
15.3684
18.5288
20.5983
21.2791
20.876
18.3166
15.2921
13.8758
14.7986
18.6203
23.1481
28.3983
33.2853
38.0023
41.2031
42.5864
40.0814
39.1872
36.6304
32.1066
26.0902
19.3914
14.2045
11.7093
12.562
14.6383
17.0314
18.663
19.098
17.8583
15.6659
12.875
10.2194
8.39139
8.08313
8.94558
11.0277
13.6832
16.5212
18.5779
19.5053
18.4199
16.6958
14.0155
12.8315
14.6113
17.9361
22.0041
27.0141
32.1797
36.2458
39.0653
40.0814
36.3421
35.3957
32.2715
27.3469
20.66
14.4912
10.2485
9.15795
10.0194
11.7563
13.7767
15.1591
15.2686
14.3471
12.279
9.69605
7.25111
5.61277
5.20125
6.12521
8.42066
11.1555
13.7027
15.654
16.1817
15.453
13.2465
11.8045
11.19
13.0315
15.7412
19.4966
24.2036
28.9547
32.884
35.4315
36.3421
32.2792
31.544
28.4628
22.8714
16.5534
11.4363
7.73357
6.94552
7.54787
8.78778
10.256
11.6289
11.9315
11.1255
9.22346
6.7724
4.4732
2.93599
2.56238
3.4424
5.40751
8.2504
10.8047
12.4502
12.6997
11.7351
9.88577
8.5366
9.27503
10.0647
12.9578
16.3854
20.7551
25.1734
28.917
31.4806
32.5847
29.8809
29.0489
25.2914
19.8747
14.507
9.49649
6.88235
5.9596
6.10164
6.80692
7.98394
9.12099
9.48459
8.80763
7.2463
4.92378
2.6904
1.15824
0.71067
1.45676
3.25037
5.6815
7.88629
9.82677
10.1035
9.32551
7.81007
6.55306
6.65254
7.56911
9.34578
12.718
17.449
21.7457
25.6519
28.3619
29.8809
29.2078
27.6771
24.0362
19.489
14.9027
10.2518
7.50594
6.1835
5.78852
5.99677
7.09145
8.3524
9.13553
8.35505
6.63755
4.30314
2.22508
0.582625
0
0.582388
2.22566
4.30304
6.63747
8.35594
9.13501
8.35313
7.09163
5.99672
5.78841
6.18363
7.50594
10.2517
14.9029
19.489
24.0363
27.6772
29.2083
