68.791
67.4992
63.7261
57.8131
50.3206
42.5023
36.2889
30.2516
28.9157
31.2311
34.2748
38.4368
39.6089
40.237
39.5912
37.2843
34.77
32.9174
31.7019
32.9174
34.7701
37.2848
39.5911
40.2369
39.6086
38.4367
34.2747
31.2311
28.9157
30.2515
36.2891
42.5022
50.3205
57.8127
63.7235
67.499
68.7903
66.4299
64.2662
59.6703
53.1155
45.58
38.0418
30.698
26.0938
27.1708
30.8922
34.0348
36.458
38.7943
39.1924
37.8757
35.5524
33.0326
30.5939
29.921
31.1742
33.0499
35.5199
37.767
38.31
38.0306
36.6634
32.5477
30.0393
28.3345
32.0254
36.9951
43.6618
51.2653
58.1107
63.2164
66.0595
66.4298
59.8379
56.4632
51.2694
44.6959
37.6453
29.9209
22.8092
21.0483
23.5931
26.2476
30.536
32.4832
34.3889
34.5475
33.1754
30.7898
28.2345
26.3662
25.6855
26.3966
28.2954
30.724
32.8399
33.7728
34.2393
31.3895
28.9503
26.0463
25.8609
29.6889
34.5109
41.0891
48.1183
54.1399
58.5757
60.324
59.8379
50.2101
46.5177
41.2327
34.8397
27.7091
19.4704
14.9978
15.9816
18.9985
21.454
23.6574
26.539
28.0779
27.7687
26.2683
24.0851
21.5414
19.6647
19.0344
19.7557
21.5967
23.9029
25.8684
26.5769
26.9387
24.2497
22.2819
20.2242
21.5885
24.6277
29.3007
35.4624
41.9301
47.105
50.4339
51.5572
50.2101
39.2247
35.9114
31.0686
25.0681
16.8504
11.3575
10.1104
11.6166
12.9897
16.2
17.741
20.0917
21.0344
20.8082
19.213
16.759
14.2179
12.3818
11.7397
12.4354
14.3978
16.5373
18.276
18.7955
19.1063
16.6861
15.3221
13.7221
15.8596
18.5099
22.5789
28.2688
33.6311
38.1977
40.3094
40.7719
39.2248
29.3973
27.0902
22.8383
15.5052
10.051
7.53311
7.3054
8.61151
9.31787
11.6306
12.5068
14.2249
15.2215
15.1057
13.4718
11.0137
8.46729
6.60996
5.69529
6.22522
8.03324
9.97002
11.5233
11.9103
12.3144
10.173
9.3425
8.84371
10.0222
12.2309
16.1224
20.7004
25.1189
28.1565
30.1215
30.4743
29.3972
23.167
21.0892
16.2826
11.7299
8.95681
7.1212
5.34048
5.90898
7.02287
7.09134
8.75741
10.5635
11.7215
11.3061
9.66268
7.15793
4.57735
2.63645
1.75662
2.13679
3.27329
5.28117
6.68804
7.0794
7.6468
7.2478
5.40698
4.86862
5.83969
7.39273
10.1024
13.6015
17.1548
19.6653
21.697
22.6601
23.167
20.3185
18.0473
15.6878
13.2684
11.2564
8.14876
7.04813
6.71474
6.85093
5.78319
7.55422
9.41486
10.5875
10.1701
8.43815
5.85156
3.14679
1.03067
0
0.172863
1.1365
2.79968
4.49
5.06861
5.93578
4.44109
4.12159
3.48299
3.44791
4.10205
5.7619
8.29508
10.8968
13.9943
17.2969
20.0039
20.3181
21.2335
20.6546
19.6401
17.9357
14.2676
11.8788
9.97065
7.20989
6.30081
6.95482
8.84904
11.081
12.0646
11.6199
9.77374
7.0131
4.14905
1.87101
0.671524
0.455551
1.61145
3.09076
4.97427
5.84891
7.0596
6.10311
5.67707
4.18933
3.26339
2.90995
3.56477
5.14131
8.48354
13.0612
17.8436
20.5109
21.2335
25.8861
26.4941
24.4174
22.4053
19.5161
14.9013
11.7795
9.58791
8.43051
9.43221
11.6602
13.551
14.5607
14.0669
13.578
10.7165
6.34898
3.72167
2.67872
2.72283
3.94489
5.63582
7.57769
9.06782
10.555
9.46015
7.50998
6.73328
4.87009
3.70408
3.83499
6.13125
10.9576
17
21.5448
24.2238
25.8856
30.49
31.1179
30.0954
26.1267
22.2372
18.1725
14.5494
11.5256
10.8965
12.1099
14.3615
17.6718
18.7065
18.0911
15.9292
12.9431
9.80735
7.86941
5.079
5.45587
6.87298
9.07257
11.1029
12.6672
12.9789
13.569
11.3967
8.2734
5.73596
5.54479
6.06349
9.78613
15.875
21.5191
26.0561
29.5777
30.4903
36.026
34.9118
33.0886
29.8715
25.4673
20.708
16.28
12.8821
11.7812
13.4818
17.6759
19.9356
20.9299
20.2023
17.961
14.9185
11.8113
9.48367
8.38503
7.18108
8.81483
11.5412
14.1156
15.7217
16.1708
15.0547
12.968
11.3433
8.54204
7.22511
8.9973
13.9623
19.8052
25.1914
30.1194
33.8572
36.0261
37.5757
37.3295
35.1979
31.3335
26.4029
21.0022
15.7277
12.3539
12.1698
14.2585
18.5088
20.7433
21.5862
20.7889
18.557
15.5321
12.5359
10.3535
9.39084
9.95999
10.3087
12.978
16.001
18.0404
18.3372
17.2015
14.6817
11.7967
10.5571
10.1553
13.2057
18.2464
23.5251
29.0065
32.5424
36.0796
37.5758
37.2574
36.5375
33.9856
29.7059
24.3172
18.2198
13.2363
10.7758
11.3126
15.0799
17.7194
19.6883
20.4058
19.5106
17.3673
14.4451
11.6405
9.66184
8.96432
9.75539
11.7469
14.5964
15.9062
17.9322
18.7549
17.5711
14.8226
11.7667
9.89378
10.6536
13.6607
18.0498
23.1836
28.3233
32.9009
35.97
37.2574
34.9648
33.9296
31.1265
26.6909
20.6886
14.1104
9.39596
7.84807
8.86581
12.6298
14.8997
16.5934
17.1415
16.2977
15.286
12.5581
8.86836
7.08258
7.1929
8.16509
10.2755
12.487
15.2727
15.6871
16.1828
15.0787
12.8362
9.95117
8.63679
10.1382
13.3574
17.2671
22.2311
27.2057
31.3445
34.0069
34.9647
31.1036
30.1331
27.3396
22.5018
15.8952
9.87624
6.36282
5.54269
6.68468
10.0664
11.9298
13.3516
13.8046
12.9895
12.1246
9.62146
7.2028
4.48488
4.10867
5.1553
7.26489
10.0436
12.6732
14.388
13.2483
12.185
9.95122
8.01458
7.19878
9.0727
11.6867
15.302
19.6209
24.2148
27.9795
30.3473
31.1036
27.3627
26.6469
23.6239
18.1012
11.9439
7.02786
4.3133
3.78642
4.67455
7.58347
9.08208
10.2986
10.6861
10.0026
8.23063
6.93379
4.66638
3.1334
1.68197
2.67008
4.71138
7.29138
9.71312
11.361
11.6976
9.10085
7.22443
5.53954
5.38059
6.70096
8.7697
12.0191
16.2004
20.4338
23.9298
26.3574
27.3628
25.0766
24.2333
20.5217
15.2778
10.1541
6.06081
3.68644
2.99128
3.43129
4.2338
6.99454
8.16499
8.65596
8.08428
6.4795
4.22863
3.10208
1.5559
1.10111
0.837219
2.67599
5.07604
7.36245
8.91502
9.2275
8.37348
5.22734
3.943
3.87558
4.58551
6.18174
9.09878
12.8918
16.9897
20.6877
23.5529
25.0768
24.4304
22.9118
19.3804
15.0299
10.6592
6.92993
4.3708
3.26778
3.09531
3.42407
4.62813
7.47065
8.14506
7.71787
6.18471
3.97275
1.69452
1.10985
0.486846
1.1098
1.69431
3.97278
6.18463
7.71684
8.14596
7.47055
4.62802
3.4241
3.09528
3.26762
4.37096
6.93048
10.6593
15.0299
19.3804
22.9118
24.4304
