67.826
66.568
62.878
57.034
49.684
42.019
35.6
30.035
28.229
30.895
35.496
39.744
42.303
42.927
41.797
39.583
37.131
35.277
34.608
35.277
37.131
39.583
41.797
42.926
42.303
39.744
35.495
30.895
28.229
30.035
35.6
42.019
49.684
57.034
62.878
66.567
67.825
65.547
63.438
58.956
52.487
44.852
37.443
30.65
25.942
26.261
30.097
34.803
38.684
41.026
41.435
40.18
37.895
35.41
33.556
32.884
33.567
35.406
37.814
39.952
40.949
40.101
37.327
33.088
29.086
28.009
31.322
36.414
43.025
50.487
57.245
62.314
65.157
65.546
59.088
56.204
51.11
44.37
37.011
29.673
22.869
20.522
22.662
26.904
31.317
34.739
36.712
36.892
35.498
33.144
30.64
28.79
28.13
28.814
30.618
32.952
34.987
35.832
34.916
31.975
28.014
24.987
25.278
29.036
33.803
40.34
47.295
53.319
57.56
59.546
59.088
49.526
46.134
40.896
34.567
27.525
19.7
15.136
15.189
18.18
22.104
25.936
28.8
30.416
30.366
28.837
26.413
23.902
22.071
21.421
22.086
23.816
26.034
27.92
28.716
27.549
24.71
21.223
19.288
20.682
23.88
28.539
34.688
40.955
46.16
49.545
50.701
49.526
38.656
35.351
30.803
24.906
17.189
11.396
9.5291
10.851
13.604
16.813
19.814
22.285
23.576
23.329
21.68
19.22
16.717
14.896
14.233
14.818
16.42
18.476
20.174
20.793
19.607
16.971
14.104
13.051
14.69
17.434
21.773
27.285
32.742
37.076
39.66
40.181
38.656
28.862
26.613
22.476
15.933
10.183
7.0977
6.6779
7.9044
9.8548
12.012
14.472
16.582
17.652
17.281
15.567
13.07
10.554
8.7063
7.9561
8.4106
9.8479
11.71
13.226
13.731
12.627
10.294
7.9787
7.3943
8.7923
11.086
14.823
19.482
24.033
27.57
29.6
29.957
28.862
22.721
20.763
16.186
11.641
8.3886
6.6365
6.1478
6.6219
7.5693
8.865
10.874
12.799
13.784
13.357
11.586
9.0383
6.4597
4.5061
3.618
3.8938
5.1439
6.8504
8.2628
8.7773
7.8753
5.9183
3.9653
3.3944
4.2949
5.9612
8.8061
12.471
16.162
19.191
21.252
22.423
22.721
20.016
17.915
15.271
12.795
10.563
8.7201
7.5511
6.9625
6.9015
7.7499
9.6006
11.53
12.525
12.063
10.215
7.5618
4.8391
2.7237
1.6607
1.777
2.8995
4.5339
5.9855
6.6832
6.092
4.4925
2.7023
1.7653
1.9121
2.7518
4.5081
7.2041
10.351
13.594
16.854
19.649
20.016
20.664
20.202
19.103
17.303
14.938
12.472
10.338
8.9023
8.0593
8.6772
10.633
12.669
13.697
13.173
11.193
8.3795
5.488
3.2028
1.9923
2.0131
3.114
4.8374
6.4781
7.3513
7.2324
5.9116
4.0745
2.5626
1.7854
1.6361
2.4141
4.4863
7.9766
12.695
17.521
20.179
20.664
25.316
25.878
25.14
23.128
20.066
16.832
13.939
11.622
10.29
11.045
13.262
15.428
16.445
15.816
13.694
10.72
7.6776
5.2706
3.9989
4.0339
5.2381
7.1591
9.0969
10.315
10.379
9.2432
7.3735
5.205
3.4516
2.436
2.7226
5.2153
10.177
16.234
20.813
23.626
25.316
31.606
32.276
31.156
28.612
24.959
20.932
17.263
14.122
12.713
13.861
16.33
18.575
19.539
18.787
16.677
13.471
10.345
7.9101
6.6698
6.8296
8.2469
10.437
12.686
14.221
14.517
13.457
11.267
8.6687
6.1534
4.7211
5.4773
9.3713
15.49
21.196
25.763
29.337
31.607
37.005
37.359
35.831
32.657
28.309
23.602
19.077
15.389
14.384
16.029
18.81
21.046
21.901
21.053
18.765
15.661
12.552
10.17
8.9357
9.29
10.941
13.409
15.945
17.748
18.203
17.133
14.766
11.654
8.9471
7.7828
9.7801
14.895
20.716
26.183
31.13
34.93
37.005
40.235
40.083
37.992
34.222
29.316
23.931
18.618
15.092
14.821
16.982
19.666
21.773
22.498
21.583
19.301
16.26
13.251
11.03
10.108
10.681
12.44
15.127
17.864
19.85
20.43
19.32
16.758
13.526
10.877
10.716
13.977
19.088
24.455
30.015
34.836
38.428
40.235
40.565
39.906
37.345
33.153
27.778
21.664
16.135
13.581
14.037
16.216
18.76
20.648
21.236
20.286
18.072
15.158
12.325
10.315
9.6139
10.384
12.44
15.266
17.963
20.016
20.616
19.468
16.85
13.731
11.66
12.537
16.272
20.776
25.994
31.434
36.081
39.256
40.565
38.276
37.284
34.472
30.157
24.21
17.656
12.884
11.218
12.082
14.14
16.377
18.007
18.478
17.547
15.43
12.7
10.078
8.2768
7.7556
8.6764
10.813
13.652
16.479
18.487
18.9
17.707
15.19
12.443
11.189
12.89
16.272
20.343
25.381
30.477
34.682
37.386
38.276
34.429
33.388
30.673
25.841
19.38
13.368
9.7531
8.7983
9.6611
11.366
13.215
14.606
14.998
14.126
12.148
9.6003
7.176
5.5458
5.1556
6.1217
8.232
11.002
13.712
15.613
16.065
14.74
12.433
10.194
9.7342
11.642
14.442
18.207
22.887
27.562
31.351
33.721
34.428
30.653
29.81
26.765
21.411
15.315
10.393
7.6346
6.8955
7.4379
8.6314
10.098
11.33
11.734
10.977
9.1475
6.7562
4.4716
2.9313
2.5629
3.4763
5.475
8.0991
10.656
12.404
12.778
11.679
9.6697
7.826
7.8517
9.4781
11.752
15.182
19.462
23.745
27.286
29.626
30.653
28.093
27.199
23.639
18.528
13.416
9.3451
6.8596
5.9309
5.9746
6.5934
7.7919
9.0135
9.5421
8.9349
7.2371
4.9363
2.6913
1.1347
0.68308
1.4645
3.301
5.753
8.1551
9.7985
10.169
9.2262
7.5615
6.2588
6.373
7.484
9.2864
12.312
16.105
20.349
24.019
26.76
28.093
27.338
25.935
22.532
18.257
13.905
10.11
7.4676
6.1397
5.605
5.7434
6.8721
8.2487
8.9803
8.5169
6.8893
4.5833
2.2741
0.60355
0
0.60342
2.2741
4.5833
6.8893
8.517
8.9804
8.249
6.8721
5.7436
5.605
6.1395
7.4675
10.11
13.905
18.258
22.532
25.935
27.338
