67.7779
66.52
62.8408
56.9957
49.6137
41.9451
35.5069
29.9961
28.2178
31.5037
36.2522
40.7691
43.7954
43.9096
42.8096
40.577
38.094
36.2381
35.5678
36.2378
38.094
40.5765
42.8096
43.9094
43.795
40.7689
36.2518
31.5036
28.218
29.9959
35.5066
41.9449
49.6133
56.9955
62.839
66.5185
68.0649
65.4846
63.3893
58.9214
52.4374
44.7733
37.3638
30.6316
25.9429
26.2607
30.861
35.8338
39.8292
41.9938
42.4211
41.1497
38.8724
36.3845
34.4997
33.8367
34.532
36.3693
38.7725
40.9182
41.9224
41.2661
38.3542
33.8451
29.7094
28.0067
31.1924
36.3665
42.9687
50.4168
57.2044
62.2706
65.098
65.4843
59.0344
56.1533
51.058
44.2976
36.9086
29.564
22.7441
20.4922
23.2639
27.6731
32.3566
36.2374
37.6584
37.8414
36.4733
34.124
31.6002
29.7628
29.1066
29.7712
31.5785
33.9223
35.9445
36.451
35.9455
32.9964
28.6082
24.9884
25.3359
28.9488
33.7464
40.2728
47.2306
53.2697
57.5083
59.4856
59.0343
49.4686
46.0668
40.8172
34.4739
27.4207
19.5601
14.9852
15.6731
18.6514
23.0048
26.8427
29.6404
31.3532
31.1825
29.6592
27.3567
24.8552
23.0141
22.3767
23.0382
24.7637
26.9622
28.521
29.7443
28.5804
25.5001
21.7419
19.2083
20.5758
24.3964
28.4713
34.61
40.8796
46.1016
49.491
50.6486
49.4686
38.5625
35.2484
30.7236
24.8269
17.0628
11.2793
9.40462
11.492
14.2507
17.7055
21.164
23.1004
24.3695
24.1462
22.5101
20.0459
17.5352
15.7187
15.0475
15.6293
17.2466
19.2986
20.6438
21.6772
20.4955
17.4823
14.5893
12.9626
14.5943
17.92
21.6912
27.2239
32.6685
37.0166
39.5916
40.1093
38.5626
28.7562
26.5259
22.3765
15.7755
10.0509
7.01287
7.33544
8.54676
10.5148
13.0228
15.2496
17.343
18.428
18.0536
16.3378
13.8732
11.3453
9.49735
8.7615
9.21243
10.6295
12.4961
13.7067
14.6181
13.5136
10.8023
8.45713
7.30724
9.30073
11.5576
14.7147
19.4137
23.9618
27.4919
29.5128
29.8573
28.7562
22.6163
20.6305
16.0868
11.5428
8.28345
7.26788
6.77416
7.25108
8.41633
10.204
11.6615
13.5818
14.5528
14.1379
12.3676
9.81963
7.24294
5.28138
4.39364
4.65149
5.91454
7.63243
9.04319
9.64895
8.72926
6.5721
4.43988
3.29634
4.77972
6.42554
8.67586
12.3656
16.0803
19.1054
21.1634
22.3292
22.616
19.933
17.8256
15.1372
13.2844
11.2076
9.35313
8.41173
7.96781
8.23036
9.0805
10.3661
12.3699
13.3577
12.8993
10.9763
8.38853
5.6725
3.56136
2.49974
2.53594
3.67483
5.31427
6.75625
7.54921
6.94765
5.14456
3.3295
2.41402
2.5607
3.37805
4.37117
7.05724
10.2483
13.5521
16.7657
19.5137
19.9335
20.659
20.1821
19.883
18.0626
15.927
13.4639
11.806
10.35
9.37621
9.46283
11.4652
13.5001
13.9491
13.5275
11.5592
8.73123
5.70873
3.42638
2.82735
2.83302
3.87067
5.58759
7.22719
8.66651
8.08318
6.55879
4.72228
3.20056
2.53153
2.34875
2.3661
4.50092
7.98262
12.7126
17.5242
20.2082
20.6591
26.0949
26.6654
25.9142
24.1099
21.2033
18.3133
14.8585
12.5266
11.1814
11.9984
14.222
15.7911
16.8256
16.1826
14.0676
11.0723
8.03923
5.62933
4.34583
4.85455
6.05771
7.9168
9.97223
11.7485
11.8008
10.3258
8.14357
5.95881
4.18885
3.18436
3.31837
5.21955
10.1835
16.3088
21.3856
24.1841
26.0945
32.3755
33.2589
32.2719
30.0518
25.8435
21.8466
18.2197
15.0409
13.6664
14.2459
16.6998
18.9467
19.9113
19.1487
16.9255
13.8427
10.7228
8.27135
7.03802
7.20477
9.19156
11.3814
13.5694
15.1037
15.9663
14.8683
12.6769
9.41938
6.93085
5.50591
6.23848
10.1212
16.2495
21.9691
26.5631
30.1074
32.3757
38.2424
38.8855
36.8501
33.6677
29.3646
24.665
20.1633
16.4837
14.7279
16.3975
19.0517
21.1046
22.1835
21.3261
19.0248
15.9422
12.8122
10.1016
9.30309
9.66888
11.3311
13.7922
16.8906
18.6325
19.0942
18.5679
16.324
12.8657
10.0329
8.69188
10.6816
15.8005
21.6089
27.0699
32.2098
36.0305
38.5365
41.2412
41.1014
39.0375
35.2612
30.3633
24.9829
19.6949
16.1748
15.3234
17.0254
19.72
22.0429
22.7654
21.8476
19.5711
16.5351
13.5308
11.3081
10.1819
10.7465
12.9508
15.6383
18.3702
20.9333
21.4722
20.3261
17.7638
15.1114
12.0925
11.7906
15.1043
20.1994
25.5427
31.0979
36.3624
39.9587
41.241
41.5855
40.9342
38.3782
34.1751
28.828
22.7084
17.2477
13.6842
14.0947
16.2592
18.9996
20.9203
21.5117
20.557
18.3436
15.4419
12.6126
10.5951
9.87154
10.4637
12.4979
15.3232
18.4913
20.5194
21.1371
20.5345
17.8524
14.7551
13.2257
14.1083
17.8688
22.3409
27.5338
32.436
37.0955
40.2413
41.5855
39.1315
38.3067
35.5119
31.0343
25.1369
18.6124
13.5456
11.2697
12.1366
14.1977
16.6355
18.2862
18.498
17.5495
15.4373
12.7059
10.0865
8.2798
8.04495
8.95382
11.0788
13.7188
16.5396
18.545
19.4064
18.2221
16.2496
13.4456
12.2112
13.9613
17.2911
21.3629
26.3502
31.5049
35.5422
38.2317
39.1314
35.3096
34.2571
31.4162
26.2784
19.8097
13.8482
9.84305
8.84857
9.7102
11.4165
13.4766
14.8874
15.0088
14.1554
12.1528
9.61566
7.19329
5.56063
5.16425
6.13637
8.52812
11.2867
13.7723
15.6683
16.1012
15.2638
12.9174
11.2497
10.8051
12.526
15.3239
19.0945
23.7603
28.4178
32.2018
34.5648
35.3093
31.4181
30.2537
27.2122
21.8531
15.7953
10.8659
7.4915
6.77915
7.34738
8.53411
10.0052
11.6339
11.7393
11.0043
9.16447
6.7557
4.46535
2.92068
2.55359
3.47196
5.48916
8.40144
10.9357
12.4766
12.8449
11.5766
9.57874
8.71125
8.75147
9.79753
12.6427
16.0607
20.3585
24.6348
28.1762
30.5146
31.4182
28.5408
27.6484
24.1094
18.9829
13.8694
9.2122
6.70579
5.82081
5.87907
6.50531
7.70524
8.92452
9.40312
8.79364
7.23386
4.94292
2.70765
1.15425
0.701192
1.48018
3.32044
5.76825
8.01862
9.92796
10.058
9.13288
7.47826
6.14758
6.28631
7.36889
9.19818
13.0977
17.0223
21.1354
24.7955
27.5155
28.5407
27.7537
26.3793
23.0115
18.742
14.3774
10.022
7.35988
6.0324
5.50622
5.63099
6.7692
8.14782
8.86608
8.38018
6.72538
4.582
2.27169
0.598824
0
0.598824
2.27166
4.42447
6.72535
8.38015
8.86623
8.14932
6.7693
5.63104
5.50615
6.03238
7.35988
10.0221
14.3778
18.7422
23.0116
26.3792
27.7537
