69.36
68.199
64.816
59.534
52.971
46.064
39.63
35.525
35.851
39.92
45.496
50.586
53.991
55.29
54.738
53.02
50.978
49.389
48.795
49.389
50.978
53.02
54.738
55.29
53.991
50.586
45.496
39.92
35.851
35.525
39.63
46.064
52.971
59.534
64.816
68.199
69.36
67.051
65.144
61.113
55.367
48.611
41.528
35.343
32.905
34.876
39.584
44.955
49.551
52.524
53.539
52.825
51.029
48.966
47.392
46.825
47.435
49.011
51.002
52.623
53.02
51.475
47.742
42.43
37.17
34.3
35.606
40.398
46.611
53.324
59.427
64.047
66.672
67.051
60.604
58.123
53.697
47.821
41.025
33.865
29.174
28.718
31.754
36.409
41.188
45.145
47.62
48.305
47.402
45.524
43.453
41.906
41.366
41.97
43.492
45.381
46.862
47.079
45.314
41.399
36.211
31.722
30.224
32.575
37.286
43.317
49.63
55.112
59.012
60.905
60.604
51.311
48.569
44.158
38.44
31.435
25.503
22.952
23.959
27.191
31.255
35.262
38.541
40.497
40.825
39.711
37.743
35.664
34.143
33.61
34.167
35.578
37.302
38.587
38.594
36.646
32.722
27.959
24.451
24.084
26.715
31.232
36.944
42.706
47.527
50.766
52.071
51.311
41.007
38.494
34.5
28.614
22.608
18.842
18.01
19.46
22.152
25.355
28.569
31.214
32.686
32.673
31.355
29.296
27.197
25.672
25.099
25.552
26.79
28.295
29.344
29.133
27.067
23.3
19.125
16.546
16.798
19.319
23.559
28.788
33.941
38.158
40.892
41.86
41.007
31.853
30.057
26.024
21.002
17.13
15.163
14.93
15.913
17.673
19.964
22.475
24.603
25.691
25.406
23.915
21.762
19.607
18.019
17.339
17.623
18.641
19.901
20.714
20.328
18.249
14.769
11.211
9.2902
9.6803
11.925
15.716
20.358
24.924
28.678
31.169
32.215
31.853
25.876
24.162
20.929
17.938
15.769
14.419
13.793
13.852
14.601
16.095
18.093
19.89
20.737
20.266
18.628
16.351
14.075
12.346
11.489
11.561
12.347
13.388
14.035
13.591
11.65
8.5597
5.5137
3.8613
4.0609
5.8599
9.0527
13.072
17.153
20.703
23.421
25.234
25.876
23.28
22.299
20.869
19.319
17.644
15.93
14.464
13.535
13.41
14.364
16.11
17.774
18.506
17.901
16.105
13.653
11.189
9.2576
8.1885
8.0523
8.661
9.5884
10.226
9.9242
8.2998
5.6238
2.8555
1.1036
0.87395
2.0827
4.6013
8.0556
11.908
15.787
19.507
22.514
23.28
24.686
25.139
24.762
23.488
21.427
18.965
16.615
14.814
14.084
14.823
16.548
18.204
18.877
18.146
16.171
13.512
10.833
8.6953
7.4477
7.1839
7.7435
8.7297
9.56
9.5938
8.3971
6.0794
3.3808
1.3015
0.49412
1.0562
2.962
6.1164
10.32
15.316
20.251
23.324
24.686
29.692
30.765
30.42
28.717
25.983
22.747
19.583
17.078
16.053
16.834
18.65
20.331
20.952
20.099
17.956
15.11
12.254
9.9735
8.6429
8.3802
9.044
10.248
11.412
11.876
11.136
9.1481
6.4742
4.0448
2.6559
2.6589
4.2549
7.7047
12.965
19.034
23.921
27.359
29.692
35.866
36.756
35.951
33.646
30.242
26.279
22.356
19.355
18.31
19.26
21.171
22.855
23.42
22.473
20.215
17.256
14.309
11.988
10.692
10.556
11.443
12.959
14.51
15.413
15.112
13.464
10.895
8.257
6.4536
6.1681
7.9923
12.336
18.489
24.431
29.384
33.318
35.866
40.919
41.341
40.005
37.131
33.105
28.427
23.833
20.612
19.762
20.896
22.843
24.487
24.993
23.991
21.694
18.721
15.797
13.551
12.398
12.48
13.653
15.508
17.432
18.728
18.814
17.492
15.108
12.455
10.525
10.361
12.868
17.999
24.09
29.816
34.86
38.7
40.919
43.561
43.523
41.716
38.337
33.712
28.332
23.295
20.202
19.665
20.917
22.816
24.365
24.796
23.769
21.508
18.622
15.831
13.764
12.834
13.175
14.631
16.782
19.01
20.611
20.994
19.938
17.757
15.234
13.481
13.799
16.995
22.27
28.012
33.558
38.34
41.789
43.561
43.459
43.046
40.856
37.031
31.806
25.854
20.808
18.138
17.891
19.15
20.913
22.308
22.635
21.6
19.431
16.713
14.14
12.316
11.635
12.215
13.89
16.239
18.651
20.434
21.002
20.129
18.129
15.828
14.47
15.398
18.959
23.981
29.39
34.623
39.025
42.074
43.459
41.056
40.395
37.935
33.688
27.887
21.787
17.199
15.017
14.91
16.045
17.592
18.782
18.991
17.967
15.93
13.428
11.108
9.5354
9.0712
9.8164
11.603
14.022
16.48
18.31
18.949
18.185
16.353
14.348
13.495
14.939
18.525
23.182
28.26
33.157
37.217
39.949
41.056
37.389
36.649
33.983
29.252
23.194
17.517
13.56
11.687
11.518
12.407
13.68
14.658
14.776
13.799
11.923
9.6447
7.5583
6.1847
5.8572
6.6656
8.4481
10.814
13.198
14.965
15.588
14.889
13.241
11.592
11.241
12.982
16.355
20.652
25.425
30.033
33.84
36.389
37.389
33.779
33.055
30.046
24.986
19.271
14.276
10.772
8.9373
8.524
9.0762
10.07
10.902
11.01
10.133
8.4243
6.3318
4.407
3.1387
2.8444
3.6133
5.2969
7.5259
9.7635
11.412
11.988
11.357
9.926
8.6526
8.6854
10.453
13.495
17.472
21.984
26.385
30.089
32.666
33.779
31.357
30.444
27.064
22.235
17.173
12.702
9.3408
7.3232
6.5451
6.7286
7.5281
8.3494
8.5502
7.809
6.236
4.2497
2.3806
1.1072
0.7464
1.3971
2.9271
4.9888
7.0725
8.6159
9.1778
8.6589
7.4741
6.5192
6.7179
8.2712
10.95
14.645
18.963
23.311
27.152
30.017
31.357
30.565
29.263
25.986
21.716
17.167
12.901
9.4367
7.1116
5.9236
5.8159
6.595
7.552
7.9121
7.292
5.781
3.7952
1.871
0.49635
0
0.49635
1.871
3.7952
5.7809
7.292
7.912
7.552
6.595
5.816
5.9236
7.1116
9.4366
12.901
17.167
21.716
25.986
29.263
30.565
