0
0.20584
0.89075
2.062
3.7423
5.9531
8.7242
12.096
16.1
20.797
26.247
32.519
39.695
47.86
57.11
67.54
79.231
76.953
65.614
55.473
46.478
38.541
31.568
25.476
20.185
15.628
11.743
8.4745
5.7791
3.6288
1.9901
0.84305
0.1737
-0.022369
0.25436
1.0119
2.263
4.026
6.326
9.1991
12.674
16.799
21.633
27.238
33.685
41.06
49.452
58.959
69.678
71.998
61.008
51.237
42.616
35.043
28.424
22.672
17.707
13.461
9.8758
6.9004
4.4865
2.6103
1.2403
0.35772
-0.047758
0.020059
0.56264
1.591
3.1177
5.1698
7.7633
10.937
14.729
19.188
24.369
30.336
37.163
44.929
53.723
63.635
74.75
72.752
61.956
52.288
43.713
36.137
29.482
23.665
18.618
14.272
10.577
7.4823
4.951
2.9488
1.4498
0.44161
-0.087613
-0.14207
0.28203
1.1947
2.6154
4.5579
7.0551
10.142
13.86
18.261
23.404
29.358
36.205
44.031
52.938
63.024
74.395
77.032
65.332
54.933
45.753
37.688
30.636
24.502
19.199
14.657
10.81
7.6029
4.9891
2.9293
1.3943
0.35628
-0.19219
-0.26171
0.14435
1.0354
2.4259
4.3273
6.7675
9.776
13.389
17.648
22.608
28.321
34.859
42.296
50.71
60.189
70.814
69.077
58.732
49.456
41.221
33.947
27.547
21.956
17.106
12.937
9.4016
6.4554
4.0636
2.1991
0.83848
-0.035628
-0.4241
-0.33016
0.25339
1.3345
2.9361
5.0812
7.8047
11.145
15.147
19.87
25.376
31.742
39.055
47.413
56.917
67.679
79.797
70.326
59.197
49.368
40.727
33.167
26.583
20.886
15.996
11.843
8.3652
5.5129
3.2431
1.5215
0.32044
-0.38009
-0.59604
-0.32002
0.44032
1.6957
3.4663
5.7698
8.6364
12.097
16.192
20.966
26.474
32.777
39.944
48.049
57.174
67.393
78.777
77.096
65.968
55.936
46.977
39.017
31.978
25.787
20.378
15.686
11.663
8.2619
5.4447
3.1798
1.4425
0.21348
-0.5193
-0.76192
-0.51221
0.23798
1.5053
3.313
5.6906
8.6752
12.308
16.643
21.74
27.67
34.517
42.374
51.349
61.545
73.074
76.122
64.198
53.628
44.324
36.173
29.068
22.911
17.613
13.1
9.3068
6.1781
3.6649
1.7295
0.33977
-0.52872
-0.89225
-0.75929
-0.1302
1.0013
2.6492
4.8324
7.5758
10.909
14.868
19.495
24.839
30.954
37.906
45.764
54.603
64.493
75.5
74.129
63.339
53.599
44.892
37.148
30.296
24.265
18.996
14.432
10.528
7.2414
4.5384
2.3912
0.77668
-0.32367
-0.91654
-1.0069
-0.58806
0.34985
1.8273
3.8707
6.5147
9.7992
13.774
18.495
24.029
30.453
37.856
46.342
56.017
66.993
79.374
82.93
70.112
58.722
48.67
39.849
32.145
25.458
19.686
14.755
10.593
7.139
4.3431
2.1606
0.55437
-0.50433
-1.0357
-1.0517
-0.55658
0.453
1.9861
4.0586
6.6926
9.919
13.769
18.279
23.494
29.465
36.249
43.915
52.526
62.154
72.855
71.82
61.296
51.788
43.277
35.699
28.988
23.084
17.926
13.459
9.6518
6.463
3.8643
1.8246
0.33008
-0.63926
-1.0857
-1.0108
-0.40619
0.74215
2.458
4.7732
7.726
11.363
15.733
20.901
26.939
33.926
41.965
51.158
61.617
73.45
77.138
64.859
53.983
44.409
36.029
28.735
22.427
17.015
12.427
8.5967
5.4705
2.9976
1.1403
-0.13571
-0.85539
-1.0358
-0.68473
0.19639
1.6136
3.5832
6.1237
9.2587
13.018
17.436
22.555
28.414
35.07
42.587
51.025
60.447
70.907
70.254
59.934
50.602
42.241
34.787
28.183
22.368
17.294
12.913
9.1873
6.0832
3.577
1.6443
0.27003
-0.55913
-0.8462
-0.5904
0.22222
1.6087
3.6002
6.2302
9.5409
13.583
18.407
24.086
30.694
38.324
47.075
57.058
68.38
81.141
72.299
60.519
50.115
40.979
33.002
26.083
20.125
15.05
10.787
7.2761
4.4689
2.3183
0.79064
-0.14527
-0.51037
-0.32128
0.421
1.7199
3.5867
6.0372
9.0922
12.776
17.12
22.159
27.937
34.504
41.912
50.222
59.488
69.763
69.563
59.396
50.195
41.938
34.573
28.044
22.299
17.287
12.972
9.3159
6.2927
3.8791
2.0562
0.80921
0.13072
0.019402
0.47923
1.5286
3.1918
5.5004
8.4934
12.216
16.719
22.064
28.324
35.582
43.931
53.479
64.33
76.585
81.329
68.59
57.281
47.308
38.569
30.959
24.381
18.75
13.99
10.04
6.844
4.356
2.535
1.3466
0.76586
0.77334
1.3621
2.5317
4.2894
6.6472
9.6244
13.242
17.527
22.511
28.231
34.733
42.067
50.287
59.441
69.579
69.921
59.865
50.755
42.571
35.266
28.788
23.088
18.125
13.862
10.272
7.33
5.0142
3.3086
2.203
1.6927
1.7803
2.4763
3.8012
5.7831
8.4575
11.867
16.061
21.095
27.036
33.954
41.94
51.091
61.511
73.297
78.532
66.261
55.381
45.8
37.42
30.142
23.878
18.552
14.095
10.453
7.5717
5.4089
3.9259
3.093
2.8887
3.2998
4.3221
5.9577
8.2167
11.112
14.666
18.9
23.841
29.522
35.983
43.268
51.425
60.503
70.54
71.532
61.554
52.507
44.372
37.104
30.658
24.992
20.069
15.86
12.336
9.4796
7.2717
5.699
4.7556
4.4408
4.7618
5.734
7.3791
9.7319
12.832
16.723
21.458
27.097
33.707
41.365
50.162
60.193
71.551
77.463
65.616
55.119
45.886
37.826
30.851
24.881
19.847
15.686
12.349
9.7853
7.9561
6.8268
6.3709
6.5716
7.4184
8.9115
11.056
13.862
17.344
21.524
26.425
32.075
38.507
45.762
53.88
62.904
72.87
74.638
64.716
55.712
47.609
40.365
33.944
28.31
23.433
19.281
15.836
13.079
10.999
9.5857
8.8363
8.7555
9.3522
10.649
12.673
15.46
19.053
23.499
28.853
35.176
42.54
51.025
60.715
71.694
78.515
67.038
56.874
47.944
40.169
33.468
27.773
23.018
19.148
16.115
13.875
12.391
11.633
11.578
12.212
13.53
15.533
18.228
21.624
25.739
30.591
36.205
42.611
49.841
57.934
66.919
76.828
79.518
69.644
60.677
52.597
45.38
38.991
33.399
28.577
24.503
21.157
18.529
16.61
15.394
14.881
15.084
16.017
17.704
20.178
23.475
27.642
32.729
38.792
45.894
54.105
63.503
74.16
71.01
61.124
52.451
44.92
38.465
33.02
28.529
24.941
22.21
20.297
19.167
18.796
19.165
20.263
22.085
24.633
27.914
31.939
36.723
42.284
48.65
55.849
63.909
72.857
76.66
67.744
59.707
52.533
46.197
40.67
35.932
31.965
28.758
26.3
24.588
23.624
23.412
23.969
25.316
27.477
30.49
34.393
39.234
45.066
51.943
59.929
69.089
79.485
78.114
68.441
59.969
52.639
46.39
41.168
36.919
33.595
31.157
29.567
28.798
28.827
29.637
31.219
33.568
36.687
40.581
45.258
50.737
57.034
64.174
72.178
81.066
77.303
69.342
62.248
56.001
50.583
45.978
42.173
39.161
36.94
35.506
34.873
35.05
36.058
37.919
40.664
44.33
48.957
54.595
61.294
69.111
78.099
79.495
71.156
63.967
57.877
52.836
48.79
45.703
43.535
42.256
41.84
42.268
43.523
45.594
48.478
52.172
56.684
62.022
68.2
75.233
83.136
81.928
74.975
68.886
63.65
59.254
55.693
52.964
51.072
50.023
49.835
50.521
52.108
54.621
58.09
62.553
68.053
74.637
79.618
73.613
68.686
64.79
61.888
59.951
58.949
58.859
59.663
61.342
63.886
67.284
71.533
76.641
82.615
80.421
76.346
73.147
70.827
69.401
68.885
69.298
70.661
72.998
76.337
80.71
