69.981
68.863
66.128
62.762
58.839
53.664
46.72
38.799
32.531
30.053
30.782
32.486
33.482
33.385
32.284
30.497
28.528
26.931
26.309
26.931
28.528
30.497
32.284
33.385
33.482
32.486
30.782
30.053
32.531
38.798
46.72
53.663
58.839
62.762
66.128
68.862
69.979
68.863
67.341
65.337
62.856
58.819
52.233
43.352
34.29
28.786
28.033
29.964
32.07
33.296
33.329
32.215
30.255
27.931
26.017
25.147
25.569
27.201
29.305
31.264
32.621
32.9
32.097
30.831
30.886
33.975
39.769
46.36
52.404
57.738
62.584
66.678
68.923
68.862
66.128
65.337
64.209
61.481
55.748
46.796
36.022
27.483
24.584
26.011
28.7
30.965
32.168
31.953
30.376
27.866
25.042
22.881
22.073
22.867
24.878
27.359
29.643
31.136
31.445
30.479
29.262
29.438
32.398
37.657
43.993
50.557
56.925
62.399
65.787
66.678
66.128
62.762
62.856
61.481
56.935
48.632
37.357
26.573
21.346
21.394
24.027
26.856
28.9
29.611
28.716
26.434
23.333
20.303
18.381
18.144
19.687
22.206
24.957
27.323
28.675
28.533
27.043
25.487
25.688
28.683
34.432
41.738
49.376
56.14
60.621
62.399
62.584
62.762
58.839
58.819
55.748
48.632
37.858
26.178
18.96
17.397
19.03
21.62
23.976
25.376
25.284
23.648
20.862
17.575
14.912
13.799
14.419
16.509
19.27
21.997
24.057
24.788
23.972
21.888
20.129
20.789
24.992
32.034
40.299
48.06
53.539
56.14
56.925
57.738
58.839
53.664
52.233
46.796
37.357
26.178
18.197
15.113
15.218
16.577
18.412
19.939
20.508
19.723
17.689
14.879
12.038
10.249
9.9438
11.12
13.341
15.93
18.244
19.712
19.72
18.264
15.998
14.856
16.958
22.617
30.49
38.525
44.671
48.06
49.376
50.557
52.404
53.663
46.72
43.352
36.022
26.573
18.96
15.113
13.703
13.483
13.787
14.525
15.17
15.191
14.173
12.386
10.1
8.1568
7.1227
7.1457
8.248
10.152
12.253
14.007
14.861
14.454
12.932
11.251
11.542
15.072
21.226
28.409
34.603
38.525
40.299
41.738
43.993
46.36
46.72
38.799
34.29
27.483
21.346
17.397
15.218
13.483
12.01
11.065
10.758
10.888
10.858
10.331
9.1684
7.7053
6.4025
5.5093
5.3712
6.0317
7.341
8.8692
10.151
10.756
10.492
9.5512
9.1325
10.528
14.21
19.339
24.527
28.409
30.49
32.034
34.432
37.657
39.769
38.798
32.531
28.786
24.584
21.394
19.03
16.577
13.787
11.065
9.0045
8.1676
8.3298
8.861
8.9986
8.5892
7.629
6.4499
5.3782
4.7808
4.8412
5.5355
6.6455
7.8149
8.7021
9.0072
8.943
9.2824
10.647
13.174
16.43
19.339
21.226
22.617
24.992
28.683
32.398
33.975
32.531
30.053
28.033
26.011
24.027
21.62
18.412
14.525
10.758
8.1676
7.3535
8.092
9.1548
9.8251
9.7778
8.9456
7.7108
6.3662
5.3627
4.9205
5.2011
6.2288
7.5829
8.9478
9.8565
10.222
10.485
11.025
11.986
13.174
14.21
15.072
16.958
20.789
25.688
29.438
30.886
30.053
30.782
29.964
28.7
26.856
23.976
19.939
15.17
10.888
8.3298
8.092
9.2553
10.697
11.565
11.554
10.795
9.4853
7.9743
6.6709
6.0022
6.1787
7.2991
8.9101
10.545
11.706
12.051
11.864
11.454
11.025
10.647
10.528
11.542
14.856
20.129
25.487
29.262
30.831
30.782
32.486
32.07
30.965
28.9
25.376
20.508
15.191
10.858
8.861
9.1548
10.697
12.263
13.169
13.226
12.463
11.065
9.4246
7.9732
7.2127
7.4998
8.6886
10.427
12.048
13.186
13.495
12.964
11.864
10.485
9.2824
9.1325
11.251
15.998
21.888
27.043
30.479
32.097
32.486
33.482
33.296
32.168
29.611
25.284
19.723
14.173
10.331
8.9986
9.8251
11.565
13.169
14.135
14.228
13.402
11.905
10.098
8.5528
7.802
8.1575
9.4058
11.078
12.722
13.834
14.161
13.495
12.051
10.222
8.943
9.5512
12.932
18.264
23.972
28.533
31.445
32.9
33.482
33.385
33.329
31.953
28.716
23.648
17.689
12.386
9.1684
8.5892
9.7778
11.554
13.226
14.228
14.26
13.342
11.678
9.6709
8.0624
7.3572
7.7675
9.0656
10.749
12.405
13.522
13.834
13.186
11.706
9.8565
9.0072
10.492
14.454
19.72
24.788
28.675
31.136
32.621
33.385
32.284
32.215
30.376
26.434
20.862
14.879
10.1
7.7053
7.629
8.9456
10.795
12.463
13.402
13.342
12.233
10.342
8.2305
6.5865
5.9676
6.4426
7.7709
9.5306
11.211
12.405
12.722
12.048
10.545
8.9478
8.7021
10.756
14.861
19.712
24.057
27.323
29.643
31.264
32.284
30.497
30.255
27.866
23.333
17.575
12.038
8.1568
6.4025
6.4499
7.7108
9.4853
11.065
11.905
11.678
10.342
8.2826
6.1249
4.5584
4.0135
4.5475
5.9507
7.7509
9.5306
10.749
11.078
10.427
8.9101
7.5829
7.8149
10.151
14.007
18.244
21.997
24.957
27.359
29.305
30.497
28.528
27.931
25.042
20.303
14.912
10.249
7.1227
5.5093
5.3782
6.3662
7.9743
9.4246
10.098
9.6709
8.2305
6.1249
4.0191
2.5064
2.0254
2.6133
4.067
5.9507
7.7709
9.0656
9.4058
8.6886
7.2991
6.2288
6.6455
8.8692
12.253
15.93
19.27
22.206
24.878
27.201
28.528
26.931
26.017
22.881
18.381
13.799
9.9438
7.1457
5.3712
4.7808
5.3627
6.6709
7.9732
8.5528
8.0624
6.5865
4.5584
2.5064
1.0292
0.56162
1.1607
2.6133
4.5475
6.4426
7.7675
8.1575
7.4998
6.1787
5.2011
5.5355
7.341
10.152
13.341
16.509
19.687
22.867
25.569
26.931
26.309
25.147
22.073
18.144
14.419
11.12
8.248
6.0317
4.8412
4.9205
6.0022
7.2127
7.802
7.3572
5.9676
4.0135
2.0254
0.56162
0.00010502
0.56162
2.0254
4.0135
5.9676
7.3572
7.802
7.2127
6.0022
4.9205
4.8412
6.0317
8.248
11.12
14.419
18.144
22.073
25.147
26.309
