66.135
63.924
57.703
48.573
38.188
28.667
22.147
19.147
20.311
24.942
30.842
35.992
39.178
39.74
37.892
34.553
30.938
28.285
27.35
28.285
30.938
34.553
37.891
39.74
39.179
35.992
30.842
24.941
20.311
19.147
22.147
28.666
38.188
48.573
57.702
63.924
66.133
64.941
61.978
55.11
45.545
35.161
26.185
19.854
17.6
20.054
25.339
31.252
36.211
38.976
39.18
37.009
33.523
29.93
27.246
26.189
27.223
30.097
33.78
36.955
38.439
37.543
34.097
28.851
23.266
19.48
19.035
22.346
29.648
39.434
49.502
58.045
63.532
64.941
61.481
57.849
50.475
40.731
30.596
21.697
16.017
15.422
18.879
24.381
30.063
34.628
36.981
36.73
34.273
30.624
26.804
23.989
23.146
24.619
27.731
31.317
34.249
35.41
34.214
30.612
25.464
20.339
17.06
16.999
21.201
29.103
38.738
48.289
56.125
60.828
61.481
56.076
51.91
44.283
34.597
24.38
15.956
12.142
13.065
16.94
22.183
27.502
31.534
33.36
32.646
29.86
25.819
21.846
19.335
19.118
20.983
24.148
27.575
30.158
31.029
29.574
25.936
20.948
16.083
13.138
13.999
19.05
26.998
36.18
45.062
52.133
56.09
56.075
49.322
44.882
37.181
27.232
17.468
11.061
9.1179
10.669
14.418
19.195
23.94
27.347
28.591
27.285
24.006
19.821
16.248
14.466
14.81
16.826
19.811
22.965
25.224
25.839
24.231
20.54
15.554
10.909
8.8916
10.69
15.972
23.52
32.049
40.188
46.537
49.841
49.322
42.18
37.531
29.442
20.136
12.47
8.1645
7.0977
8.5559
11.773
15.956
19.961
22.672
23.066
21.235
17.86
14.216
11.441
10.296
10.867
12.755
15.471
18.324
20.287
20.627
18.728
14.823
10.105
6.3578
5.2708
7.377
12.285
19.154
26.946
34.384
40.126
42.978
42.18
35.385
30.441
23.332
16.135
10.617
7.2465
6.0539
6.9649
9.5615
12.966
16.173
18.054
17.952
16.128
13.287
10.428
8.2794
7.3843
7.8398
9.4488
11.828
14.312
15.87
15.786
13.702
10.218
6.3175
3.4416
2.6481
4.4009
8.5917
14.704
21.809
28.695
34.035
36.582
35.385
30.02
26.366
21.318
16.013
11.266
7.7351
5.9642
6.1536
7.9462
10.588
13.158
14.714
14.756
13.473
11.276
8.9013
6.9265
5.8292
5.9736
7.2139
9.1962
11.194
12.398
12.369
10.818
8.1157
4.9502
2.3055
1.1317
2.1693
5.5807
11.007
17.576
24.046
28.962
31.098
30.02
28.624
26.807
23.19
18.392
13.415
9.2561
6.7076
6.1236
7.2965
9.5858
12.036
13.773
14.292
13.528
11.624
9.2236
6.9584
5.4449
5.1216
5.9641
7.599
9.539
11.049
11.61
10.838
8.7047
5.6768
2.6241
0.69907
0.9424
3.6271
8.4648
14.569
20.692
25.548
28.276
28.625
31.213
30.247
26.869
21.85
16.304
11.483
8.2601
7.1646
8.1279
10.409
13.062
15.17
16.009
15.266
13.282
10.579
7.9332
6.0194
5.3391
5.9656
7.6952
10.008
12.134
13.353
13.009
11.001
7.6864
4.0646
1.4437
0.91935
2.9751
7.3956
13.366
19.778
25.474
29.516
31.213
35.466
34.491
30.884
25.382
19.317
13.953
10.373
9.0643
9.9823
12.39
15.28
17.521
18.291
17.419
15.185
12.222
9.2967
7.209
6.4342
7.2187
9.2893
12.007
14.613
16.088
15.828
13.658
10.14
6.1986
3.201
2.246
3.972
8.3588
14.679
21.817
28.439
33.311
35.466
39.403
38.24
34.179
28.262
21.725
16.02
12.197
10.83
11.755
14.294
17.247
19.412
20.112
19.082
16.631
13.469
10.437
8.3369
7.709
8.7295
11.126
14.095
16.822
18.342
18.045
15.824
12.198
8.2675
5.1901
4.2312
6.0512
10.7
17.456
25.107
32.174
37.236
39.403
41.925
40.516
36.163
29.833
22.971
16.982
13.039
11.626
12.551
15.092
18.001
20.152
20.779
19.617
17.04
13.784
10.745
8.7415
8.2983
9.5168
12.061
15.118
17.834
19.385
19.07
16.872
13.338
9.4382
6.5934
5.8007
7.8744
12.794
19.81
27.637
34.832
39.942
41.926
42.684
41.133
36.52
29.916
22.801
16.63
12.574
11.037
11.945
14.421
17.274
19.392
19.961
18.795
16.225
12.972
10.011
8.1301
7.7987
9.095
11.655
14.738
17.424
18.918
18.616
16.476
13.12
9.4908
6.8217
6.3293
8.6345
13.71
20.814
28.669
35.818
40.809
42.684
41.853
40.177
35.415
28.649
21.36
15.087
10.937
9.2991
10.085
12.414
15.22
17.299
17.876
16.784
14.319
11.217
8.3902
6.5887
6.3095
7.589
10.059
13.011
15.616
17.051
16.855
14.891
11.728
8.3685
6.0107
5.7298
8.1309
13.245
20.295
28.064
35.096
40.046
41.853
39.945
38.21
33.376
26.517
19.176
12.843
8.6058
6.8663
7.4881
9.7062
12.387
14.447
15.092
14.128
11.838
8.9219
6.2378
4.5382
4.2266
5.3977
7.7069
10.514
13
14.474
14.315
12.599
9.6999
6.5847
4.4571
4.321
6.7907
11.821
18.737
26.37
33.32
38.19
39.945
37.742
35.983
31.112
24.268
16.911
10.538
6.215
4.3266
4.8162
6.8936
9.4935
11.57
12.334
11.528
9.4627
6.737
4.1802
2.5012
2.1359
3.143
5.2694
7.9033
10.335
11.798
11.817
10.275
7.6158
4.7846
2.8092
2.724
5.1591
10.059
16.818
24.327
31.201
36.021
37.743
36.031
34.272
29.433
22.593
15.251
8.8301
4.3944
2.3506
2.6984
4.6688
7.2252
9.3751
10.281
9.6671
7.804
5.2696
2.7914
1.0754
0.57874
1.4324
3.3672
5.8884
8.2768
9.8314
10.016
8.7199
6.2864
3.5705
1.7036
1.6042
3.9091
8.6462
15.276
22.695
29.516
34.318
36.032
35.385
33.656
28.833
22.021
14.661
8.1615
3.5838
1.4203
1.5852
3.4999
6.1114
8.3429
9.4429
9.0435
7.3656
4.9285
2.4833
0.67187
0
0.67181
2.4832
4.929
7.3654
9.0431
9.4418
8.3431
6.1106
3.5
1.585
1.4202
3.5838
8.1615
14.661
22.02
28.832
33.656
35.386
