65.583
65.034
63.074
58.929
52.401
44.112
35.781
29.798
28.114
30.537
34.653
38.486
41.09
41.985
41.335
39.613
37.574
36.005
35.385
36.005
37.574
39.613
41.335
41.985
41.09
38.485
34.653
30.538
28.112
29.798
35.781
44.112
52.401
58.929
63.074
65.03
65.583
63.484
62.687
59.985
54.77
47.163
38.288
30.341
25.942
26.2
29.547
33.69
37.348
39.746
40.462
39.698
37.897
35.808
34.227
33.656
34.288
35.847
37.837
39.476
40.078
39.059
36.389
32.586
28.923
27.941
31.163
37.869
45.908
53.192
58.506
61.725
63.151
63.484
57.656
56.393
52.815
46.551
38.216
29.513
23.033
20.814
22.531
26.135
30.067
33.391
35.433
35.949
34.975
33.063
30.949
29.383
28.832
29.486
31.028
32.969
34.547
35.108
34.034
31.433
27.824
25.052
25.401
29.552
36.244
43.426
49.574
53.863
56.346
57.454
57.656
49.032
47.174
42.723
35.709
27.372
19.939
15.793
15.504
17.752
21.117
24.641
27.52
29.184
29.399
28.229
26.225
24.084
22.545
22.02
22.656
24.158
26.033
27.532
28.044
26.977
24.493
21.321
19.515
20.822
25.253
31.371
37.592
42.646
46.021
47.98
48.995
49.031
39.045
36.582
31.504
24.455
17.294
12.22
10.319
10.836
12.788
15.644
18.637
21.065
22.393
22.285
20.959
18.872
16.743
15.199
14.661
15.244
16.656
18.41
19.806
20.228
19.257
16.971
14.331
13.241
14.975
19.157
24.525
29.694
33.754
36.438
38.182
39.243
39.045
29.355
26.567
21.561
15.619
10.745
8.0565
7.1354
7.3808
8.7207
10.839
13.329
15.401
16.415
16.135
14.679
12.564
10.385
8.7879
8.1617
8.619
9.9077
11.529
12.826
13.262
12.357
10.35
8.1574
7.4427
9.078
12.651
17.086
21.249
24.484
26.767
28.587
29.764
29.355
21.974
19.47
15.543
11.626
8.8801
7.1818
6.1057
5.735
6.2184
7.6818
9.7572
11.566
12.45
12.062
10.539
8.325
6.0501
4.3476
3.5839
3.8742
5.025
6.537
7.7754
8.2724
7.5544
5.8307
3.8929
3.1436
4.277
6.9907
10.406
13.654
16.318
18.64
20.816
22.303
21.974
18.789
17.2
14.793
12.475
10.562
8.7935
7.1575
5.8895
5.6091
6.6082
8.4355
10.183
11.02
10.588
8.9601
6.5948
4.187
2.3759
1.4201
1.5787
2.6052
4.0974
5.4465
6.0368
5.5903
4.1032
2.2452
1.1035
1.431
3.1172
5.5386
8.0742
10.626
13.566
16.575
18.617
18.789
20.231
19.53
18.1
16.397
14.486
12.249
9.7221
7.6197
6.7545
7.4975
9.3121
11.105
11.964
11.414
9.7
7.2402
4.6807
2.6638
1.585
1.6822
2.6952
4.2512
5.764
6.6176
6.394
5.1689
3.2888
1.6211
1.0184
1.6533
3.2083
5.4849
8.6888
12.809
16.784
19.444
20.231
24.744
24.514
23.486
21.913
19.602
16.502
13.032
10.187
9.0014
9.7458
11.713
13.601
14.423
13.89
12.071
9.4671
6.773
4.645
3.5
3.5541
4.6761
6.3884
8.115
9.2233
9.3041
8.1719
6.2761
4.2238
2.7688
2.4968
3.6137
6.3762
10.824
16.069
20.697
23.643
24.744
30.284
30.267
29.349
27.482
24.489
20.416
16.05
12.641
11.371
12.35
14.539
16.481
17.354
16.763
14.845
12.112
9.3597
7.2198
6.1106
6.2742
7.5118
9.4862
11.461
12.809
13.053
12.045
10.037
7.7114
5.7537
4.9792
6.325
10.077
15.622
21.509
26.199
29.063
30.284
35.094
35.162
34.138
31.834
27.938
22.824
17.67
14.055
13.081
14.414
16.717
18.677
19.518
18.852
16.908
14.187
11.433
9.327
8.343
8.6921
10.171
12.398
14.617
16.15
16.52
15.512
13.446
10.837
8.6364
8.0567
10.1
14.834
20.995
26.849
31.246
33.892
35.094
38.084
38.134
36.826
33.751
28.878
22.895
17.422
14.103
13.55
15.23
17.551
19.433
20.124
19.448
17.513
14.856
12.193
10.248
9.442
9.9929
11.704
14.108
16.542
18.213
18.641
17.643
15.455
12.733
10.616
10.644
13.581
18.931
25.073
30.522
34.428
36.844
38.084
38.641
38.543
36.798
32.918
27.214
20.793
15.509
12.741
12.79
14.575
16.759
18.437
19.023
18.287
16.403
13.864
11.369
9.6387
9.0427
9.7976
11.695
14.239
16.733
18.477
18.917
17.868
15.638
12.976
11.285
12.075
15.706
21.188
26.901
31.753
35.212
37.476
38.641
36.942
36.659
34.366
29.786
23.566
17.283
12.64
10.623
11.009
12.638
14.566
16.046
16.481
15.733
13.934
11.552
9.2873
7.7503
7.3651
8.2655
10.213
12.83
15.272
16.957
17.405
16.324
14.144
11.77
10.743
12.23
16.123
21.29
26.381
30.535
33.629
35.789
36.942
33.776
33.236
30.377
25.348
19.184
13.553
9.8447
8.386
8.7025
9.9853
11.653
12.92
13.258
12.523
10.836
8.6379
6.5861
5.2191
4.9283
5.8694
7.8106
10.287
12.703
14.274
14.606
13.627
11.577
9.646
9.2458
11.101
14.88
19.458
23.82
27.489
30.428
32.625
33.776
30.228
29.321
26.087
21.061
15.543
10.974
8.0038
6.6263
6.5288
7.397
8.7751
9.9057
10.261
9.5836
8.0146
5.9962
4.0433
2.751
2.4833
3.3543
5.1783
7.5039
9.7065
11.207
11.519
10.582
8.8226
7.3824
7.3549
9.2376
12.607
16.523
20.284
23.676
26.648
29.043
30.227
27.391
26.292
23.013
18.405
13.862
10.171
7.4734
5.7705
5.1279
5.583
6.7051
7.8483
8.2694
7.6965
6.2465
4.3164
2.381
1.0499
0.67189
1.4184
3.0306
5.1943
7.2543
8.6623
9.0031
8.2431
6.755
5.6
5.6771
7.3458
10.148
13.473
16.849
20.24
23.462
26.188
27.391
26.308
25.147
22.073
18.143
14.419
11.119
8.2476
6.0141
4.8417
4.9204
6.0023
7.2123
7.802
7.3578
5.9676
4.0132
2.0255
0.56102
2.6255e-05
0.56102
2.0264
4.0137
5.9677
7.3572
7.8024
7.2123
6.0023
4.9204
4.8412
6.0316
8.2476
11.12
14.419
18.144
22.073
25.147
26.308
