141.0 -141.0
141.0 -139.0
141.0 -137.0
141.0 -135.0
141.0 -133.0
141.0 -131.0
141.0 -129.0
141.0 -127.0
141.0 -125.0
141.0 -123.0
141.0 -121.0
141.0 -119.0
141.0 -117.0
141.0 -115.0
141.0 -113.0
141.0 -111.0
141.0 -109.0
141.0 -107.0
141.0 -105.0
141.0 -103.0
141.0 -101.0
141.0 -99.0
141.0 -97.0
141.0 -95.0
141.0 -93.0
141.0 -91.0
141.0 -89.0
141.0 -87.0
143.0 -89.0
143.0 -91.0
143.0 -93.0
143.0 -95.0
143.0 -97.0
143.0 -99.0
143.0 -101.0
143.0 -103.0
143.0 -105.0
143.0 -107.0
143.0 -109.0
143.0 -111.0
143.0 -113.0
143.0 -115.0
143.0 -117.0
143.0 -119.0
143.0 -121.0
143.0 -123.0
143.0 -125.0
143.0 -127.0
143.0 -129.0
143.0 -131.0
143.0 -133.0
143.0 -135.0
143.0 -137.0
143.0 -139.0
143.0 -141.0
143.0 -143.0
143.0 -145.0
143.0 -147.0
143.0 -149.0
143.0 -151.0
143.0 -153.0
143.0 -155.0
143.0 -157.0
143.0 -159.0
143.0 -161.0
143.0 -163.0
143.0 -165.0
143.0 -167.0
143.0 -169.0
143.0 -171.0
143.0 -173.0
143.0 -175.0
143.0 -177.0
143.0 -179.0
143.0 -181.0
145.0 -183.0
145.0 -181.0
145.0 -179.0
145.0 -177.0
145.0 -175.0
145.0 -173.0
145.0 -171.0
145.0 -169.0
145.0 -167.0
145.0 -165.0
145.0 -163.0
145.0 -161.0
145.0 -159.0
145.0 -157.0
145.0 -155.0
145.0 -153.0
145.0 -151.0
145.0 -149.0
145.0 -147.0
145.0 -145.0
145.0 -143.0
145.0 -141.0
145.0 -139.0
145.0 -137.0
145.0 -135.0
145.0 -133.0
145.0 -131.0
145.0 -129.0
145.0 -127.0
145.0 -125.0
145.0 -123.0
145.0 -121.0
145.0 -119.0
145.0 -117.0
145.0 -115.0
145.0 -113.0
145.0 -111.0
145.0 -109.0
145.0 -107.0
145.0 -105.0
145.0 -103.0
145.0 -101.0
145.0 -99.0
145.0 -97.0
145.0 -95.0
145.0 -93.0
145.0 -91.0
147.0 -93.0
147.0 -95.0
147.0 -97.0
147.0 -99.0
147.0 -101.0
147.0 -103.0
147.0 -105.0
147.0 -107.0
147.0 -109.0
147.0 -111.0
147.0 -113.0
147.0 -115.0
147.0 -117.0
147.0 -119.0
147.0 -121.0
147.0 -123.0
147.0 -125.0
147.0 -127.0
147.0 -129.0
147.0 -131.0
147.0 -133.0
147.0 -135.0
147.0 -137.0
147.0 -139.0
147.0 -141.0
147.0 -143.0
147.0 -145.0
147.0 -147.0
147.0 -149.0
147.0 -151.0
147.0 -153.0
147.0 -155.0
147.0 -157.0
147.0 -159.0
147.0 -161.0
147.0 -163.0
147.0 -165.0
147.0 -167.0
147.0 -169.0
147.0 -171.0
147.0 -173.0
147.0 -175.0
147.0 -177.0
147.0 -179.0
147.0 -181.0
147.0 -183.0
149.0 -185.0
149.0 -183.0
149.0 -181.0
149.0 -179.0
149.0 -177.0
149.0 -175.0
149.0 -173.0
149.0 -171.0
149.0 -169.0
149.0 -167.0
149.0 -165.0
149.0 -163.0
149.0 -161.0
149.0 -159.0
149.0 -157.0
149.0 -155.0
149.0 -153.0
149.0 -151.0
149.0 -149.0
149.0 -147.0
149.0 -145.0
149.0 -143.0
149.0 -141.0
149.0 -139.0
149.0 -137.0
149.0 -135.0
149.0 -133.0
149.0 -131.0
149.0 -129.0
149.0 -127.0
149.0 -125.0
149.0 -123.0
149.0 -121.0
149.0 -119.0
149.0 -117.0
149.0 -115.0
149.0 -113.0
149.0 -111.0
149.0 -109.0
149.0 -107.0
149.0 -105.0
149.0 -103.0
149.0 -101.0
149.0 -99.0
149.0 -97.0
151.0 -99.0
151.0 -101.0
151.0 -103.0
151.0 -105.0
151.0 -107.0
151.0 -109.0
151.0 -111.0
151.0 -113.0
151.0 -115.0
151.0 -117.0
151.0 -119.0
151.0 -121.0
151.0 -123.0
151.0 -125.0
151.0 -127.0
151.0 -129.0
151.0 -131.0
151.0 -133.0
151.0 -135.0
151.0 -137.0
151.0 -139.0
151.0 -141.0
151.0 -143.0
151.0 -145.0
151.0 -147.0
151.0 -149.0
151.0 -151.0
151.0 -153.0
151.0 -155.0
151.0 -157.0
151.0 -159.0
151.0 -161.0
151.0 -163.0
151.0 -165.0
151.0 -167.0
151.0 -169.0
151.0 -171.0
151.0 -173.0
151.0 -175.0
151.0 -177.0
151.0 -179.0
151.0 -181.0
151.0 -183.0
151.0 -185.0
153.0 -187.0
153.0 -185.0
153.0 -183.0
153.0 -181.0
153.0 -179.0
153.0 -177.0
153.0 -175.0
153.0 -173.0
153.0 -171.0
153.0 -169.0
153.0 -167.0
153.0 -165.0
153.0 -163.0
153.0 -161.0
153.0 -159.0
153.0 -157.0
153.0 -155.0
153.0 -153.0
153.0 -151.0
153.0 -149.0
153.0 -147.0
153.0 -145.0
153.0 -143.0
153.0 -141.0
153.0 -139.0
153.0 -137.0
153.0 -135.0
153.0 -133.0
153.0 -131.0
153.0 -129.0
153.0 -127.0
153.0 -125.0
153.0 -123.0
153.0 -121.0
153.0 -119.0
153.0 -117.0
153.0 -115.0
153.0 -113.0
153.0 -111.0
153.0 -109.0
153.0 -107.0
153.0 -105.0
153.0 -103.0
153.0 -101.0
155.0 -103.0
155.0 -105.0
155.0 -107.0
155.0 -109.0
155.0 -111.0
155.0 -113.0
155.0 -115.0
155.0 -117.0
155.0 -119.0
155.0 -121.0
155.0 -123.0
155.0 -125.0
155.0 -127.0
155.0 -129.0
155.0 -131.0
155.0 -133.0
155.0 -135.0
155.0 -137.0
155.0 -139.0
155.0 -141.0
155.0 -143.0
155.0 -145.0
155.0 -147.0
155.0 -149.0
155.0 -151.0
155.0 -153.0
155.0 -155.0
155.0 -157.0
155.0 -159.0
155.0 -161.0
155.0 -163.0
155.0 -165.0
155.0 -167.0
155.0 -169.0
155.0 -171.0
155.0 -173.0
155.0 -175.0
155.0 -177.0
155.0 -179.0
155.0 -181.0
155.0 -183.0
155.0 -185.0
155.0 -187.0
157.0 -187.0
157.0 -185.0
157.0 -183.0
157.0 -181.0
157.0 -179.0
157.0 -177.0
157.0 -175.0
157.0 -173.0
157.0 -171.0
157.0 -169.0
157.0 -167.0
157.0 -165.0
157.0 -163.0
157.0 -161.0
157.0 -159.0
157.0 -157.0
157.0 -155.0
157.0 -153.0
157.0 -151.0
157.0 -149.0
157.0 -147.0
157.0 -145.0
157.0 -143.0
157.0 -141.0
157.0 -139.0
157.0 -137.0
157.0 -135.0
157.0 -133.0
157.0 -131.0
157.0 -129.0
157.0 -127.0
157.0 -125.0
157.0 -123.0
157.0 -121.0
157.0 -119.0
157.0 -117.0
157.0 -115.0
157.0 -113.0
157.0 -111.0
157.0 -109.0
157.0 -107.0
157.0 -105.0
159.0 -107.0
159.0 -109.0
159.0 -111.0
159.0 -113.0
159.0 -115.0
159.0 -117.0
159.0 -119.0
159.0 -121.0
159.0 -123.0
159.0 -125.0
159.0 -127.0
159.0 -129.0
159.0 -131.0
159.0 -133.0
159.0 -135.0
159.0 -137.0
159.0 -139.0
159.0 -141.0
159.0 -143.0
159.0 -145.0
159.0 -147.0
159.0 -149.0
159.0 -151.0
159.0 -153.0
159.0 -155.0
159.0 -157.0
159.0 -159.0
159.0 -161.0
159.0 -163.0
159.0 -165.0
159.0 -167.0
159.0 -169.0
159.0 -171.0
159.0 -173.0
159.0 -175.0
159.0 -177.0
159.0 -179.0
159.0 -181.0
159.0 -183.0
159.0 -185.0
159.0 -187.0
159.0 -189.0
161.0 -189.0
161.0 -187.0
161.0 -185.0
161.0 -183.0
161.0 -181.0
161.0 -179.0
161.0 -177.0
161.0 -175.0
161.0 -173.0
161.0 -171.0
161.0 -169.0
161.0 -167.0
161.0 -165.0
161.0 -163.0
161.0 -161.0
161.0 -159.0
161.0 -157.0
161.0 -155.0
161.0 -153.0
161.0 -151.0
161.0 -149.0
161.0 -147.0
161.0 -145.0
161.0 -143.0
161.0 -141.0
161.0 -139.0
161.0 -137.0
161.0 -135.0
161.0 -133.0
161.0 -131.0
161.0 -129.0
161.0 -127.0
161.0 -125.0
161.0 -123.0
161.0 -121.0
161.0 -119.0
161.0 -117.0
161.0 -115.0
161.0 -113.0
161.0 -111.0
161.0 -109.0
163.0 -111.0
163.0 -113.0
163.0 -115.0
163.0 -117.0
163.0 -119.0
163.0 -121.0
163.0 -123.0
163.0 -125.0
163.0 -127.0
163.0 -129.0
163.0 -131.0
163.0 -133.0
163.0 -135.0
163.0 -137.0
163.0 -139.0
163.0 -141.0
163.0 -143.0
163.0 -145.0
163.0 -147.0
163.0 -149.0
163.0 -151.0
163.0 -153.0
163.0 -155.0
163.0 -157.0
163.0 -159.0
163.0 -161.0
163.0 -163.0
163.0 -165.0
163.0 -167.0
163.0 -169.0
163.0 -171.0
163.0 -173.0
163.0 -175.0
163.0 -177.0
163.0 -179.0
163.0 -181.0
163.0 -183.0
163.0 -185.0
163.0 -187.0
163.0 -189.0
163.0 -191.0
165.0 -191.0
165.0 -189.0
165.0 -187.0
165.0 -185.0
165.0 -183.0
165.0 -181.0
165.0 -179.0
165.0 -177.0
165.0 -175.0
165.0 -173.0
165.0 -171.0
165.0 -169.0
165.0 -167.0
165.0 -165.0
165.0 -163.0
165.0 -161.0
165.0 -159.0
165.0 -157.0
165.0 -155.0
165.0 -153.0
165.0 -151.0
165.0 -149.0
165.0 -147.0
165.0 -145.0
165.0 -143.0
165.0 -141.0
165.0 -139.0
165.0 -137.0
165.0 -135.0
165.0 -133.0
165.0 -131.0
165.0 -129.0
165.0 -127.0
165.0 -125.0
165.0 -123.0
165.0 -121.0
165.0 -119.0
165.0 -117.0
165.0 -115.0
165.0 -113.0
167.0 -117.0
167.0 -119.0
167.0 -121.0
167.0 -123.0
167.0 -125.0
167.0 -127.0
167.0 -129.0
167.0 -131.0
167.0 -133.0
167.0 -135.0
167.0 -137.0
167.0 -139.0
167.0 -141.0
167.0 -143.0
167.0 -145.0
167.0 -147.0
167.0 -149.0
167.0 -151.0
167.0 -153.0
167.0 -155.0
167.0 -157.0
167.0 -159.0
167.0 -161.0
167.0 -163.0
167.0 -165.0
167.0 -167.0
167.0 -169.0
167.0 -171.0
167.0 -173.0
167.0 -175.0
167.0 -177.0
167.0 -179.0
167.0 -181.0
167.0 -183.0
167.0 -185.0
167.0 -187.0
167.0 -189.0
167.0 -191.0
169.0 -193.0
169.0 -191.0
169.0 -189.0
169.0 -187.0
169.0 -185.0
169.0 -183.0
169.0 -181.0
169.0 -179.0
169.0 -177.0
169.0 -175.0
169.0 -173.0
169.0 -171.0
169.0 -169.0
169.0 -167.0
169.0 -165.0
169.0 -163.0
169.0 -161.0
169.0 -159.0
169.0 -157.0
169.0 -155.0
169.0 -153.0
169.0 -151.0
169.0 -149.0
169.0 -147.0
169.0 -145.0
169.0 -143.0
169.0 -141.0
169.0 -139.0
169.0 -137.0
169.0 -135.0
169.0 -133.0
169.0 -131.0
169.0 -129.0
169.0 -127.0
169.0 -125.0
169.0 -123.0
169.0 -121.0
169.0 -119.0
171.0 -121.0
171.0 -123.0
171.0 -125.0
171.0 -127.0
171.0 -129.0
171.0 -131.0
171.0 -133.0
171.0 -135.0
171.0 -137.0
171.0 -139.0
171.0 -141.0
171.0 -143.0
171.0 -145.0
171.0 -147.0
171.0 -149.0
171.0 -151.0
171.0 -153.0
171.0 -155.0
171.0 -157.0
171.0 -159.0
171.0 -161.0
171.0 -163.0
171.0 -165.0
171.0 -167.0
171.0 -169.0
171.0 -171.0
171.0 -173.0
171.0 -175.0
171.0 -177.0
171.0 -179.0
171.0 -181.0
171.0 -183.0
171.0 -185.0
171.0 -187.0
171.0 -189.0
171.0 -191.0
171.0 -193.0
173.0 -193.0
173.0 -191.0
173.0 -189.0
173.0 -187.0
173.0 -185.0
173.0 -183.0
173.0 -181.0
173.0 -179.0
173.0 -177.0
173.0 -175.0
173.0 -173.0
173.0 -171.0
173.0 -169.0
173.0 -167.0
173.0 -165.0
173.0 -163.0
173.0 -161.0
173.0 -159.0
173.0 -157.0
173.0 -155.0
173.0 -153.0
173.0 -151.0
173.0 -149.0
173.0 -147.0
173.0 -145.0
173.0 -143.0
173.0 -141.0
173.0 -139.0
173.0 -137.0
173.0 -135.0
173.0 -133.0
173.0 -131.0
173.0 -129.0
173.0 -127.0
173.0 -125.0
173.0 -123.0
175.0 -125.0
175.0 -127.0
175.0 -129.0
175.0 -131.0
175.0 -133.0
175.0 -135.0
175.0 -137.0
175.0 -139.0
175.0 -141.0
175.0 -143.0
175.0 -145.0
175.0 -147.0
175.0 -149.0
175.0 -151.0
175.0 -153.0
175.0 -155.0
175.0 -157.0
175.0 -159.0
175.0 -161.0
175.0 -163.0
175.0 -165.0
175.0 -167.0
175.0 -169.0
175.0 -171.0
175.0 -173.0
175.0 -175.0
175.0 -177.0
175.0 -179.0
175.0 -181.0
175.0 -183.0
175.0 -185.0
175.0 -187.0
175.0 -189.0
175.0 -191.0
175.0 -193.0
177.0 -195.0
177.0 -193.0
177.0 -191.0
177.0 -189.0
177.0 -187.0
177.0 -185.0
177.0 -183.0
177.0 -181.0
177.0 -179.0
177.0 -177.0
177.0 -175.0
177.0 -173.0
177.0 -171.0
177.0 -169.0
177.0 -167.0
177.0 -165.0
177.0 -163.0
177.0 -161.0
177.0 -159.0
177.0 -157.0
177.0 -155.0
177.0 -153.0
177.0 -151.0
177.0 -149.0
177.0 -147.0
177.0 -145.0
177.0 -143.0
177.0 -141.0
177.0 -139.0
177.0 -137.0
177.0 -135.0
177.0 -133.0
177.0 -131.0
177.0 -129.0
179.0 -131.0
179.0 -133.0
179.0 -135.0
179.0 -137.0
179.0 -139.0
179.0 -141.0
179.0 -143.0
179.0 -145.0
179.0 -147.0
179.0 -149.0
179.0 -151.0
179.0 -153.0
179.0 -155.0
179.0 -157.0
179.0 -159.0
179.0 -161.0
179.0 -163.0
179.0 -165.0
179.0 -167.0
179.0 -169.0
179.0 -171.0
179.0 -173.0
179.0 -175.0
179.0 -177.0
179.0 -179.0
179.0 -181.0
179.0 -183.0
179.0 -185.0
179.0 -187.0
179.0 -189.0
179.0 -191.0
179.0 -193.0
179.0 -195.0
181.0 -195.0
181.0 -193.0
181.0 -191.0
181.0 -189.0
181.0 -187.0
181.0 -185.0
181.0 -183.0
181.0 -181.0
181.0 -179.0
181.0 -177.0
181.0 -175.0
181.0 -173.0
181.0 -171.0
181.0 -169.0
181.0 -167.0
181.0 -165.0
181.0 -163.0
181.0 -161.0
181.0 -159.0
181.0 -157.0
181.0 -155.0
181.0 -153.0
181.0 -151.0
181.0 -149.0
181.0 -147.0
181.0 -145.0
181.0 -143.0
181.0 -141.0
181.0 -139.0
181.0 -137.0
181.0 -135.0
181.0 -133.0
183.0 -137.0
183.0 -139.0
183.0 -141.0
183.0 -143.0
183.0 -145.0
183.0 -147.0
183.0 -149.0
183.0 -151.0
183.0 -153.0
183.0 -155.0
183.0 -157.0
183.0 -159.0
183.0 -161.0
183.0 -163.0
183.0 -165.0
183.0 -167.0
183.0 -169.0
183.0 -171.0
183.0 -173.0
183.0 -175.0
183.0 -177.0
183.0 -179.0
183.0 -181.0
183.0 -183.0
183.0 -185.0
183.0 -187.0
183.0 -189.0
183.0 -191.0
183.0 -193.0
183.0 -195.0
185.0 -195.0
185.0 -193.0
185.0 -191.0
185.0 -189.0
185.0 -187.0
185.0 -185.0
185.0 -183.0
185.0 -181.0
185.0 -179.0
185.0 -177.0
185.0 -175.0
185.0 -173.0
185.0 -171.0
185.0 -169.0
185.0 -167.0
185.0 -165.0
185.0 -163.0
185.0 -161.0
185.0 -159.0
185.0 -157.0
185.0 -155.0
185.0 -153.0
185.0 -151.0
185.0 -149.0
185.0 -147.0
185.0 -145.0
185.0 -143.0
185.0 -141.0
185.0 -139.0
187.0 -143.0
187.0 -145.0
187.0 -147.0
187.0 -149.0
187.0 -151.0
187.0 -153.0
187.0 -155.0
187.0 -157.0
187.0 -159.0
187.0 -161.0
187.0 -163.0
187.0 -165.0
187.0 -167.0
187.0 -169.0
187.0 -171.0
187.0 -173.0
187.0 -175.0
187.0 -177.0
187.0 -179.0
187.0 -181.0
187.0 -183.0
187.0 -185.0
187.0 -187.0
187.0 -189.0
187.0 -191.0
187.0 -193.0
187.0 -195.0
189.0 -195.0
189.0 -193.0
189.0 -191.0
189.0 -189.0
189.0 -187.0
189.0 -185.0
189.0 -183.0
189.0 -181.0
189.0 -179.0
189.0 -177.0
189.0 -175.0
189.0 -173.0
189.0 -171.0
189.0 -169.0
189.0 -167.0
189.0 -165.0
189.0 -163.0
189.0 -161.0
189.0 -159.0
189.0 -157.0
189.0 -155.0
189.0 -153.0
189.0 -151.0
189.0 -149.0
189.0 -147.0
189.0 -145.0
191.0 -149.0
191.0 -151.0
191.0 -153.0
191.0 -155.0
191.0 -157.0
191.0 -159.0
191.0 -161.0
191.0 -163.0
191.0 -165.0
191.0 -167.0
191.0 -169.0
191.0 -171.0
191.0 -173.0
191.0 -175.0
191.0 -177.0
191.0 -179.0
191.0 -181.0
191.0 -183.0
191.0 -185.0
191.0 -187.0
191.0 -189.0
191.0 -191.0
191.0 -193.0
191.0 -195.0
193.0 -195.0
193.0 -193.0
193.0 -191.0
193.0 -189.0
193.0 -187.0
193.0 -185.0
193.0 -183.0
193.0 -181.0
193.0 -179.0
193.0 -177.0
193.0 -175.0
193.0 -173.0
193.0 -171.0
193.0 -169.0
193.0 -167.0
193.0 -165.0
193.0 -163.0
193.0 -161.0
193.0 -159.0
193.0 -157.0
193.0 -155.0
193.0 -153.0
195.0 -157.0
195.0 -159.0
195.0 -161.0
195.0 -163.0
195.0 -165.0
195.0 -167.0
195.0 -169.0
195.0 -171.0
195.0 -173.0
195.0 -175.0
195.0 -177.0
195.0 -179.0
195.0 -181.0
195.0 -183.0
195.0 -185.0
195.0 -187.0
195.0 -189.0
195.0 -191.0
195.0 -193.0
197.0 -193.0
197.0 -191.0
197.0 -189.0
197.0 -187.0
197.0 -185.0
197.0 -183.0
197.0 -181.0
197.0 -179.0
197.0 -177.0
197.0 -175.0
197.0 -173.0
197.0 -171.0
197.0 -169.0
197.0 -167.0
197.0 -165.0
197.0 -163.0
199.0 -167.0
199.0 -169.0
199.0 -171.0
199.0 -173.0
199.0 -175.0
199.0 -177.0
199.0 -179.0
199.0 -181.0
199.0 -183.0
199.0 -185.0
199.0 -187.0
199.0 -189.0
201.0 -185.0
201.0 -183.0
201.0 -181.0
201.0 -179.0
201.0 -177.0
141.0 -143.0
141.0 -145.0
141.0 -147.0
141.0 -149.0
141.0 -151.0
141.0 -153.0
141.0 -155.0
141.0 -157.0
141.0 -159.0
141.0 -161.0
141.0 -163.0
141.0 -165.0
141.0 -167.0
141.0 -169.0
141.0 -171.0
141.0 -173.0
141.0 -175.0
141.0 -177.0
141.0 -179.0
141.0 -181.0
139.0 -179.0
139.0 -177.0
139.0 -175.0
139.0 -173.0
139.0 -171.0
139.0 -169.0
139.0 -167.0
139.0 -165.0
139.0 -163.0
139.0 -161.0
139.0 -159.0
139.0 -157.0
139.0 -155.0
139.0 -153.0
139.0 -151.0
139.0 -149.0
139.0 -147.0
139.0 -145.0
139.0 -143.0
139.0 -141.0
139.0 -139.0
139.0 -137.0
139.0 -135.0
139.0 -133.0
139.0 -131.0
139.0 -129.0
139.0 -127.0
139.0 -125.0
139.0 -123.0
139.0 -121.0
139.0 -119.0
139.0 -117.0
139.0 -115.0
139.0 -113.0
139.0 -111.0
139.0 -109.0
139.0 -107.0
139.0 -105.0
139.0 -103.0
139.0 -101.0
139.0 -99.0
139.0 -97.0
139.0 -95.0
139.0 -93.0
139.0 -91.0
139.0 -89.0
139.0 -87.0
139.0 -85.0
137.0 -83.0
137.0 -85.0
137.0 -87.0
137.0 -89.0
137.0 -91.0
137.0 -93.0
137.0 -95.0
137.0 -97.0
137.0 -99.0
137.0 -101.0
137.0 -103.0
137.0 -105.0
137.0 -107.0
137.0 -109.0
137.0 -111.0
137.0 -113.0
137.0 -115.0
137.0 -117.0
137.0 -119.0
137.0 -121.0
137.0 -123.0
137.0 -125.0
137.0 -127.0
137.0 -129.0
137.0 -131.0
137.0 -133.0
137.0 -135.0
137.0 -137.0
137.0 -139.0
137.0 -141.0
137.0 -143.0
137.0 -145.0
137.0 -147.0
137.0 -149.0
137.0 -151.0
137.0 -153.0
137.0 -155.0
137.0 -157.0
137.0 -159.0
137.0 -161.0
137.0 -163.0
137.0 -165.0
137.0 -167.0
137.0 -169.0
137.0 -171.0
137.0 -173.0
137.0 -175.0
137.0 -177.0
135.0 -177.0
135.0 -175.0
135.0 -173.0
135.0 -171.0
135.0 -169.0
135.0 -167.0
135.0 -165.0
135.0 -163.0
135.0 -161.0
135.0 -159.0
135.0 -157.0
135.0 -155.0
135.0 -153.0
135.0 -151.0
135.0 -149.0
135.0 -147.0
135.0 -145.0
135.0 -143.0
135.0 -141.0
135.0 -139.0
135.0 -137.0
135.0 -135.0
135.0 -133.0
135.0 -131.0
135.0 -129.0
135.0 -127.0
135.0 -125.0
135.0 -123.0
135.0 -121.0
135.0 -119.0
135.0 -117.0
135.0 -115.0
135.0 -113.0
135.0 -111.0
135.0 -109.0
135.0 -107.0
135.0 -105.0
135.0 -103.0
135.0 -101.0
135.0 -99.0
135.0 -97.0
135.0 -95.0
135.0 -93.0
135.0 -91.0
135.0 -89.0
135.0 -87.0
135.0 -85.0
135.0 -83.0
135.0 -81.0
135.0 -79.0
133.0 -77.0
133.0 -79.0
133.0 -81.0
133.0 -83.0
133.0 -85.0
133.0 -87.0
133.0 -89.0
133.0 -91.0
133.0 -93.0
133.0 -95.0
133.0 -97.0
133.0 -99.0
133.0 -101.0
133.0 -103.0
133.0 -105.0
133.0 -107.0
133.0 -109.0
133.0 -111.0
133.0 -113.0
133.0 -115.0
133.0 -117.0
133.0 -119.0
133.0 -121.0
133.0 -123.0
133.0 -125.0
133.0 -127.0
133.0 -129.0
133.0 -131.0
133.0 -133.0
133.0 -135.0
133.0 -137.0
133.0 -139.0
133.0 -141.0
133.0 -143.0
133.0 -145.0
133.0 -147.0
133.0 -149.0
133.0 -151.0
133.0 -153.0
133.0 -155.0
133.0 -157.0
133.0 -159.0
133.0 -161.0
133.0 -163.0
133.0 -165.0
133.0 -167.0
133.0 -169.0
133.0 -171.0
133.0 -173.0
133.0 -175.0
131.0 -173.0
131.0 -171.0
131.0 -169.0
131.0 -167.0
131.0 -165.0
131.0 -163.0
131.0 -161.0
131.0 -159.0
131.0 -157.0
131.0 -155.0
131.0 -153.0
131.0 -151.0
131.0 -149.0
131.0 -147.0
131.0 -145.0
131.0 -143.0
131.0 -141.0
131.0 -139.0
131.0 -137.0
131.0 -135.0
131.0 -133.0
131.0 -131.0
131.0 -129.0
131.0 -127.0
131.0 -125.0
131.0 -123.0
131.0 -121.0
131.0 -119.0
131.0 -117.0
131.0 -115.0
131.0 -113.0
131.0 -111.0
131.0 -109.0
131.0 -107.0
131.0 -105.0
131.0 -103.0
131.0 -101.0
131.0 -99.0
131.0 -97.0
131.0 -95.0
131.0 -93.0
131.0 -91.0
131.0 -89.0
131.0 -87.0
131.0 -85.0
131.0 -83.0
131.0 -81.0
131.0 -79.0
131.0 -77.0
131.0 -75.0
129.0 -73.0
129.0 -75.0
129.0 -77.0
129.0 -79.0
129.0 -81.0
129.0 -83.0
129.0 -85.0
129.0 -87.0
129.0 -89.0
129.0 -91.0
129.0 -93.0
129.0 -95.0
129.0 -97.0
129.0 -99.0
129.0 -101.0
129.0 -103.0
129.0 -105.0
129.0 -107.0
129.0 -109.0
129.0 -111.0
129.0 -113.0
129.0 -115.0
129.0 -117.0
129.0 -119.0
129.0 -121.0
129.0 -123.0
129.0 -125.0
129.0 -127.0
129.0 -129.0
129.0 -131.0
129.0 -133.0
129.0 -135.0
129.0 -137.0
129.0 -139.0
129.0 -141.0
129.0 -143.0
129.0 -145.0
129.0 -147.0
129.0 -149.0
129.0 -151.0
129.0 -153.0
129.0 -155.0
129.0 -157.0
129.0 -159.0
129.0 -161.0
129.0 -163.0
129.0 -165.0
129.0 -167.0
129.0 -169.0
129.0 -171.0
127.0 -171.0
127.0 -169.0
127.0 -167.0
127.0 -165.0
127.0 -163.0
127.0 -161.0
127.0 -159.0
127.0 -157.0
127.0 -155.0
127.0 -153.0
127.0 -151.0
127.0 -149.0
127.0 -147.0
127.0 -145.0
127.0 -143.0
127.0 -141.0
127.0 -139.0
127.0 -137.0
127.0 -135.0
127.0 -133.0
127.0 -131.0
127.0 -129.0
127.0 -127.0
127.0 -125.0
127.0 -123.0
127.0 -121.0
127.0 -119.0
127.0 -117.0
127.0 -115.0
127.0 -113.0
127.0 -111.0
127.0 -109.0
127.0 -107.0
127.0 -105.0
127.0 -103.0
127.0 -101.0
127.0 -99.0
127.0 -97.0
127.0 -95.0
127.0 -93.0
127.0 -91.0
127.0 -89.0
127.0 -87.0
127.0 -85.0
127.0 -83.0
127.0 -81.0
127.0 -79.0
127.0 -77.0
127.0 -75.0
127.0 -73.0
127.0 -71.0
125.0 -67.0
125.0 -69.0
125.0 -71.0
125.0 -73.0
125.0 -75.0
125.0 -77.0
125.0 -79.0
125.0 -81.0
125.0 -83.0
125.0 -85.0
125.0 -87.0
125.0 -89.0
125.0 -91.0
125.0 -93.0
125.0 -95.0
125.0 -97.0
125.0 -99.0
125.0 -101.0
125.0 -103.0
125.0 -105.0
125.0 -107.0
125.0 -109.0
125.0 -111.0
125.0 -113.0
125.0 -115.0
125.0 -117.0
125.0 -119.0
125.0 -121.0
125.0 -123.0
125.0 -125.0
125.0 -127.0
125.0 -129.0
125.0 -131.0
125.0 -133.0
125.0 -135.0
125.0 -137.0
125.0 -139.0
125.0 -141.0
125.0 -143.0
125.0 -145.0
125.0 -147.0
125.0 -149.0
125.0 -151.0
125.0 -153.0
125.0 -155.0
125.0 -157.0
125.0 -159.0
125.0 -161.0
125.0 -163.0
125.0 -165.0
125.0 -167.0
125.0 -169.0
123.0 -167.0
123.0 -165.0
123.0 -163.0
123.0 -161.0
123.0 -159.0
123.0 -157.0
123.0 -155.0
123.0 -153.0
123.0 -151.0
123.0 -149.0
123.0 -147.0
123.0 -145.0
123.0 -143.0
123.0 -141.0
123.0 -139.0
123.0 -137.0
123.0 -135.0
123.0 -133.0
123.0 -131.0
123.0 -129.0
123.0 -127.0
123.0 -125.0
123.0 -123.0
123.0 -121.0
123.0 -119.0
123.0 -117.0
123.0 -115.0
123.0 -113.0
123.0 -111.0
123.0 -109.0
123.0 -107.0
123.0 -105.0
123.0 -103.0
123.0 -101.0
123.0 -99.0
123.0 -97.0
123.0 -95.0
123.0 -93.0
123.0 -91.0
123.0 -89.0
123.0 -87.0
123.0 -85.0
123.0 -83.0
123.0 -81.0
123.0 -79.0
123.0 -77.0
123.0 -75.0
123.0 -73.0
123.0 -71.0
123.0 -69.0
123.0 -67.0
123.0 -65.0
121.0 -63.0
121.0 -65.0
121.0 -67.0
121.0 -69.0
121.0 -71.0
121.0 -73.0
121.0 -75.0
121.0 -77.0
121.0 -79.0
121.0 -81.0
121.0 -83.0
121.0 -85.0
121.0 -87.0
121.0 -89.0
121.0 -91.0
121.0 -93.0
121.0 -95.0
121.0 -97.0
121.0 -99.0
121.0 -101.0
121.0 -103.0
121.0 -105.0
121.0 -107.0
121.0 -109.0
121.0 -111.0
121.0 -113.0
121.0 -115.0
121.0 -117.0
121.0 -119.0
121.0 -121.0
121.0 -123.0
121.0 -125.0
121.0 -127.0
121.0 -129.0
121.0 -131.0
121.0 -133.0
121.0 -135.0
121.0 -137.0
121.0 -139.0
121.0 -141.0
121.0 -143.0
121.0 -145.0
121.0 -147.0
121.0 -149.0
121.0 -151.0
121.0 -153.0
121.0 -155.0
121.0 -157.0
121.0 -159.0
121.0 -161.0
121.0 -163.0
121.0 -165.0
119.0 -163.0
119.0 -161.0
119.0 -159.0
119.0 -157.0
119.0 -155.0
119.0 -153.0
119.0 -151.0
119.0 -149.0
119.0 -147.0
119.0 -145.0
119.0 -143.0
119.0 -141.0
119.0 -139.0
119.0 -137.0
119.0 -135.0
119.0 -133.0
119.0 -131.0
119.0 -129.0
119.0 -127.0
119.0 -125.0
119.0 -123.0
119.0 -121.0
119.0 -119.0
119.0 -117.0
119.0 -115.0
119.0 -113.0
119.0 -111.0
119.0 -109.0
119.0 -107.0
119.0 -105.0
119.0 -103.0
119.0 -101.0
119.0 -99.0
119.0 -97.0
119.0 -95.0
119.0 -93.0
119.0 -91.0
119.0 -89.0
119.0 -87.0
119.0 -85.0
119.0 -83.0
119.0 -81.0
119.0 -79.0
119.0 -77.0
119.0 -75.0
119.0 -73.0
119.0 -71.0
119.0 -69.0
119.0 -67.0
119.0 -65.0
119.0 -63.0
119.0 -61.0
117.0 -61.0
117.0 -63.0
117.0 -65.0
117.0 -67.0
117.0 -69.0
117.0 -71.0
117.0 -73.0
117.0 -75.0
117.0 -77.0
117.0 -79.0
117.0 -81.0
117.0 -83.0
117.0 -85.0
117.0 -87.0
117.0 -89.0
117.0 -91.0
117.0 -93.0
117.0 -95.0
117.0 -97.0
117.0 -99.0
117.0 -101.0
117.0 -103.0
117.0 -105.0
117.0 -107.0
117.0 -109.0
117.0 -111.0
117.0 -113.0
117.0 -115.0
117.0 -117.0
117.0 -119.0
117.0 -121.0
117.0 -123.0
117.0 -125.0
117.0 -127.0
117.0 -129.0
117.0 -131.0
117.0 -133.0
117.0 -135.0
117.0 -137.0
117.0 -139.0
117.0 -141.0
117.0 -143.0
117.0 -145.0
117.0 -147.0
117.0 -149.0
117.0 -151.0
117.0 -153.0
117.0 -155.0
117.0 -157.0
117.0 -159.0
117.0 -161.0
115.0 -159.0
115.0 -157.0
115.0 -155.0
115.0 -153.0
115.0 -151.0
115.0 -149.0
115.0 -147.0
115.0 -145.0
115.0 -143.0
115.0 -141.0
115.0 -139.0
115.0 -137.0
115.0 -135.0
115.0 -133.0
115.0 -131.0
115.0 -129.0
115.0 -127.0
115.0 -125.0
115.0 -123.0
115.0 -121.0
115.0 -119.0
115.0 -117.0
115.0 -115.0
115.0 -113.0
115.0 -111.0
115.0 -109.0
115.0 -107.0
115.0 -105.0
115.0 -103.0
115.0 -101.0
115.0 -99.0
115.0 -97.0
115.0 -95.0
115.0 -93.0
115.0 -91.0
115.0 -89.0
115.0 -87.0
115.0 -85.0
115.0 -83.0
115.0 -81.0
115.0 -79.0
115.0 -77.0
115.0 -75.0
115.0 -73.0
115.0 -71.0
115.0 -69.0
115.0 -67.0
115.0 -65.0
115.0 -63.0
115.0 -61.0
115.0 -59.0
113.0 -57.0
113.0 -59.0
113.0 -61.0
113.0 -63.0
113.0 -65.0
113.0 -67.0
113.0 -69.0
113.0 -71.0
113.0 -73.0
113.0 -75.0
113.0 -77.0
113.0 -79.0
113.0 -81.0
113.0 -83.0
113.0 -85.0
113.0 -87.0
113.0 -89.0
113.0 -91.0
113.0 -93.0
113.0 -95.0
113.0 -97.0
113.0 -99.0
113.0 -101.0
113.0 -103.0
113.0 -105.0
113.0 -107.0
113.0 -109.0
113.0 -111.0
113.0 -113.0
113.0 -115.0
113.0 -117.0
113.0 -119.0
113.0 -121.0
113.0 -123.0
113.0 -125.0
113.0 -127.0
113.0 -129.0
113.0 -131.0
113.0 -133.0
113.0 -135.0
113.0 -137.0
113.0 -139.0
113.0 -141.0
113.0 -143.0
113.0 -145.0
113.0 -147.0
113.0 -149.0
113.0 -151.0
113.0 -153.0
113.0 -155.0
113.0 -157.0
111.0 -155.0
111.0 -153.0
111.0 -151.0
111.0 -149.0
111.0 -147.0
111.0 -145.0
111.0 -143.0
111.0 -141.0
111.0 -139.0
111.0 -137.0
111.0 -135.0
111.0 -133.0
111.0 -131.0
111.0 -129.0
111.0 -127.0
111.0 -125.0
111.0 -123.0
111.0 -121.0
111.0 -119.0
111.0 -117.0
111.0 -115.0
111.0 -113.0
111.0 -111.0
111.0 -109.0
111.0 -107.0
111.0 -105.0
111.0 -103.0
111.0 -101.0
111.0 -99.0
111.0 -97.0
111.0 -95.0
111.0 -93.0
111.0 -91.0
111.0 -89.0
111.0 -87.0
111.0 -85.0
111.0 -83.0
111.0 -81.0
111.0 -79.0
111.0 -77.0
111.0 -75.0
111.0 -73.0
111.0 -71.0
111.0 -69.0
111.0 -67.0
111.0 -65.0
111.0 -63.0
111.0 -61.0
111.0 -59.0
111.0 -57.0
111.0 -55.0
109.0 -53.0
109.0 -55.0
109.0 -57.0
109.0 -59.0
109.0 -61.0
109.0 -63.0
109.0 -65.0
109.0 -67.0
109.0 -69.0
109.0 -71.0
109.0 -73.0
109.0 -75.0
109.0 -77.0
109.0 -79.0
109.0 -81.0
109.0 -83.0
109.0 -85.0
109.0 -87.0
109.0 -89.0
109.0 -91.0
109.0 -93.0
109.0 -95.0
109.0 -97.0
109.0 -99.0
109.0 -101.0
109.0 -103.0
109.0 -105.0
109.0 -107.0
109.0 -109.0
109.0 -111.0
109.0 -113.0
109.0 -115.0
109.0 -117.0
109.0 -119.0
109.0 -121.0
109.0 -123.0
109.0 -125.0
109.0 -127.0
109.0 -129.0
109.0 -131.0
109.0 -133.0
109.0 -135.0
109.0 -137.0
109.0 -139.0
109.0 -141.0
109.0 -143.0
109.0 -145.0
109.0 -147.0
109.0 -149.0
109.0 -151.0
109.0 -153.0
107.0 -151.0
107.0 -149.0
107.0 -147.0
107.0 -145.0
107.0 -143.0
107.0 -141.0
107.0 -139.0
107.0 -137.0
107.0 -135.0
107.0 -133.0
107.0 -131.0
107.0 -129.0
107.0 -127.0
107.0 -125.0
107.0 -123.0
107.0 -121.0
107.0 -119.0
107.0 -117.0
107.0 -115.0
107.0 -113.0
107.0 -111.0
107.0 -109.0
107.0 -107.0
107.0 -105.0
107.0 -103.0
107.0 -101.0
107.0 -99.0
107.0 -97.0
107.0 -95.0
107.0 -93.0
107.0 -91.0
107.0 -89.0
107.0 -87.0
107.0 -85.0
107.0 -83.0
107.0 -81.0
107.0 -79.0
107.0 -77.0
107.0 -75.0
107.0 -73.0
107.0 -71.0
107.0 -69.0
107.0 -67.0
107.0 -65.0
107.0 -63.0
107.0 -61.0
107.0 -59.0
107.0 -57.0
107.0 -55.0
107.0 -53.0
105.0 -51.0
105.0 -53.0
105.0 -55.0
105.0 -57.0
105.0 -59.0
105.0 -61.0
105.0 -63.0
105.0 -65.0
105.0 -67.0
105.0 -69.0
105.0 -71.0
105.0 -73.0
105.0 -75.0
105.0 -77.0
105.0 -79.0
105.0 -81.0
105.0 -83.0
105.0 -85.0
105.0 -87.0
105.0 -89.0
105.0 -91.0
105.0 -93.0
105.0 -95.0
105.0 -97.0
105.0 -99.0
105.0 -101.0
105.0 -103.0
105.0 -105.0
105.0 -107.0
105.0 -109.0
105.0 -111.0
105.0 -113.0
105.0 -115.0
105.0 -117.0
105.0 -119.0
105.0 -121.0
105.0 -123.0
105.0 -125.0
105.0 -127.0
105.0 -129.0
105.0 -131.0
105.0 -133.0
105.0 -135.0
105.0 -137.0
105.0 -139.0
105.0 -141.0
105.0 -143.0
105.0 -145.0
105.0 -147.0
105.0 -149.0
103.0 -147.0
103.0 -145.0
103.0 -143.0
103.0 -141.0
103.0 -139.0
103.0 -137.0
103.0 -135.0
103.0 -133.0
103.0 -131.0
103.0 -129.0
103.0 -127.0
103.0 -125.0
103.0 -123.0
103.0 -121.0
103.0 -119.0
103.0 -117.0
103.0 -115.0
103.0 -113.0
103.0 -111.0
103.0 -109.0
103.0 -107.0
103.0 -105.0
103.0 -103.0
103.0 -101.0
103.0 -99.0
103.0 -97.0
103.0 -95.0
103.0 -93.0
103.0 -91.0
103.0 -89.0
103.0 -87.0
103.0 -85.0
103.0 -83.0
103.0 -81.0
103.0 -79.0
103.0 -77.0
103.0 -75.0
103.0 -73.0
103.0 -71.0
103.0 -69.0
103.0 -67.0
103.0 -65.0
103.0 -63.0
103.0 -61.0
103.0 -59.0
103.0 -57.0
103.0 -55.0
103.0 -53.0
103.0 -51.0
101.0 -49.0
101.0 -51.0
101.0 -53.0
101.0 -55.0
101.0 -57.0
101.0 -59.0
101.0 -61.0
101.0 -63.0
101.0 -65.0
101.0 -67.0
101.0 -69.0
101.0 -71.0
101.0 -73.0
101.0 -75.0
101.0 -77.0
101.0 -79.0
101.0 -81.0
101.0 -83.0
101.0 -85.0
101.0 -87.0
101.0 -89.0
101.0 -91.0
101.0 -93.0
101.0 -95.0
101.0 -97.0
101.0 -99.0
101.0 -101.0
101.0 -103.0
101.0 -105.0
101.0 -107.0
101.0 -109.0
101.0 -111.0
101.0 -113.0
101.0 -115.0
101.0 -117.0
101.0 -119.0
101.0 -121.0
101.0 -123.0
101.0 -125.0
101.0 -127.0
101.0 -129.0
101.0 -131.0
101.0 -133.0
101.0 -135.0
101.0 -137.0
101.0 -139.0
101.0 -141.0
101.0 -143.0
101.0 -145.0
99.0 -143.0
99.0 -141.0
99.0 -139.0
99.0 -137.0
99.0 -135.0
99.0 -133.0
99.0 -131.0
99.0 -129.0
99.0 -127.0
99.0 -125.0
99.0 -123.0
99.0 -121.0
99.0 -119.0
99.0 -117.0
99.0 -115.0
99.0 -113.0
99.0 -111.0
99.0 -109.0
99.0 -107.0
99.0 -105.0
99.0 -103.0
99.0 -101.0
99.0 -99.0
99.0 -97.0
99.0 -95.0
99.0 -93.0
99.0 -91.0
99.0 -89.0
99.0 -87.0
99.0 -85.0
99.0 -83.0
99.0 -81.0
99.0 -79.0
99.0 -77.0
99.0 -75.0
99.0 -73.0
99.0 -71.0
99.0 -69.0
99.0 -67.0
99.0 -65.0
99.0 -63.0
99.0 -61.0
99.0 -59.0
99.0 -57.0
99.0 -55.0
99.0 -53.0
99.0 -51.0
99.0 -49.0
97.0 -49.0
97.0 -51.0
97.0 -53.0
97.0 -55.0
97.0 -57.0
97.0 -59.0
97.0 -61.0
97.0 -63.0
97.0 -65.0
97.0 -67.0
97.0 -69.0
97.0 -71.0
97.0 -73.0
97.0 -75.0
97.0 -77.0
97.0 -79.0
97.0 -81.0
97.0 -83.0
97.0 -85.0
97.0 -87.0
97.0 -89.0
97.0 -91.0
97.0 -93.0
97.0 -95.0
97.0 -97.0
97.0 -99.0
97.0 -101.0
97.0 -103.0
97.0 -105.0
97.0 -107.0
97.0 -109.0
97.0 -111.0
97.0 -113.0
97.0 -115.0
97.0 -117.0
97.0 -119.0
97.0 -121.0
97.0 -123.0
97.0 -125.0
97.0 -127.0
97.0 -129.0
97.0 -131.0
97.0 -133.0
97.0 -135.0
97.0 -137.0
97.0 -139.0
97.0 -141.0
95.0 -139.0
95.0 -137.0
95.0 -135.0
95.0 -133.0
95.0 -131.0
95.0 -129.0
95.0 -127.0
95.0 -125.0
95.0 -123.0
95.0 -121.0
95.0 -119.0
95.0 -117.0
95.0 -115.0
95.0 -113.0
95.0 -111.0
95.0 -109.0
95.0 -107.0
95.0 -105.0
95.0 -103.0
95.0 -101.0
95.0 -99.0
95.0 -97.0
95.0 -95.0
95.0 -93.0
95.0 -91.0
95.0 -89.0
95.0 -87.0
95.0 -85.0
95.0 -83.0
95.0 -81.0
95.0 -79.0
95.0 -77.0
95.0 -75.0
95.0 -73.0
95.0 -71.0
95.0 -69.0
95.0 -67.0
95.0 -65.0
95.0 -63.0
95.0 -61.0
95.0 -59.0
95.0 -57.0
95.0 -55.0
95.0 -53.0
95.0 -51.0
95.0 -49.0
95.0 -47.0
93.0 -47.0
93.0 -49.0
93.0 -51.0
93.0 -53.0
93.0 -55.0
93.0 -57.0
93.0 -59.0
93.0 -61.0
93.0 -63.0
93.0 -65.0
93.0 -67.0
93.0 -69.0
93.0 -71.0
93.0 -73.0
93.0 -75.0
93.0 -77.0
93.0 -79.0
93.0 -81.0
93.0 -83.0
93.0 -85.0
93.0 -87.0
93.0 -89.0
93.0 -91.0
93.0 -93.0
93.0 -95.0
93.0 -97.0
93.0 -99.0
93.0 -101.0
93.0 -103.0
93.0 -105.0
93.0 -107.0
93.0 -109.0
93.0 -111.0
93.0 -113.0
93.0 -115.0
93.0 -117.0
93.0 -119.0
93.0 -121.0
93.0 -123.0
93.0 -125.0
93.0 -127.0
93.0 -129.0
93.0 -131.0
93.0 -133.0
93.0 -135.0
93.0 -137.0
91.0 -135.0
91.0 -133.0
91.0 -131.0
91.0 -129.0
91.0 -127.0
91.0 -125.0
91.0 -123.0
91.0 -121.0
91.0 -119.0
91.0 -117.0
91.0 -115.0
91.0 -113.0
91.0 -111.0
91.0 -109.0
91.0 -107.0
91.0 -105.0
91.0 -103.0
91.0 -101.0
91.0 -99.0
91.0 -97.0
91.0 -95.0
91.0 -93.0
91.0 -91.0
91.0 -89.0
91.0 -87.0
91.0 -85.0
91.0 -83.0
91.0 -81.0
91.0 -79.0
91.0 -77.0
91.0 -75.0
91.0 -73.0
91.0 -71.0
91.0 -69.0
91.0 -67.0
91.0 -65.0
91.0 -63.0
91.0 -61.0
91.0 -59.0
91.0 -57.0
91.0 -55.0
91.0 -53.0
91.0 -51.0
91.0 -49.0
91.0 -47.0
89.0 -47.0
89.0 -49.0
89.0 -51.0
89.0 -53.0
89.0 -55.0
89.0 -57.0
89.0 -59.0
89.0 -61.0
89.0 -63.0
89.0 -65.0
89.0 -67.0
89.0 -69.0
89.0 -71.0
89.0 -73.0
89.0 -75.0
89.0 -77.0
89.0 -79.0
89.0 -81.0
89.0 -83.0
89.0 -85.0
89.0 -87.0
89.0 -89.0
89.0 -91.0
89.0 -93.0
89.0 -95.0
89.0 -97.0
89.0 -99.0
89.0 -101.0
89.0 -103.0
89.0 -105.0
89.0 -107.0
89.0 -109.0
89.0 -111.0
89.0 -113.0
89.0 -115.0
89.0 -117.0
89.0 -119.0
89.0 -121.0
89.0 -123.0
89.0 -125.0
89.0 -127.0
89.0 -129.0
89.0 -131.0
89.0 -133.0
87.0 -131.0
87.0 -129.0
87.0 -127.0
87.0 -125.0
87.0 -123.0
87.0 -121.0
87.0 -119.0
87.0 -117.0
87.0 -115.0
87.0 -113.0
87.0 -111.0
87.0 -109.0
87.0 -107.0
87.0 -105.0
87.0 -103.0
87.0 -101.0
87.0 -99.0
87.0 -97.0
87.0 -95.0
87.0 -93.0
87.0 -91.0
87.0 -89.0
87.0 -87.0
87.0 -85.0
87.0 -83.0
87.0 -81.0
87.0 -79.0
87.0 -77.0
87.0 -75.0
87.0 -73.0
87.0 -71.0
87.0 -69.0
87.0 -67.0
87.0 -65.0
87.0 -63.0
87.0 -61.0
87.0 -59.0
87.0 -57.0
87.0 -55.0
87.0 -53.0
87.0 -51.0
87.0 -49.0
87.0 -47.0
87.0 -45.0
85.0 -45.0
85.0 -47.0
85.0 -49.0
85.0 -51.0
85.0 -53.0
85.0 -55.0
85.0 -57.0
85.0 -59.0
85.0 -61.0
85.0 -63.0
85.0 -65.0
85.0 -67.0
85.0 -69.0
85.0 -71.0
85.0 -73.0
85.0 -75.0
85.0 -77.0
85.0 -79.0
85.0 -81.0
85.0 -83.0
85.0 -85.0
85.0 -87.0
85.0 -89.0
85.0 -91.0
85.0 -93.0
85.0 -95.0
85.0 -97.0
85.0 -99.0
85.0 -101.0
85.0 -103.0
85.0 -105.0
85.0 -107.0
85.0 -109.0
85.0 -111.0
85.0 -113.0
85.0 -115.0
85.0 -117.0
85.0 -119.0
85.0 -121.0
85.0 -123.0
85.0 -125.0
85.0 -127.0
85.0 -129.0
85.0 -131.0
83.0 -129.0
83.0 -127.0
83.0 -125.0
83.0 -123.0
83.0 -121.0
83.0 -119.0
83.0 -117.0
83.0 -115.0
83.0 -113.0
83.0 -111.0
83.0 -109.0
83.0 -107.0
83.0 -105.0
83.0 -103.0
83.0 -101.0
83.0 -99.0
83.0 -97.0
83.0 -95.0
83.0 -93.0
83.0 -91.0
83.0 -89.0
83.0 -87.0
83.0 -85.0
83.0 -83.0
83.0 -81.0
83.0 -79.0
83.0 -77.0
83.0 -75.0
83.0 -73.0
83.0 -71.0
83.0 -69.0
83.0 -67.0
83.0 -65.0
83.0 -63.0
83.0 -61.0
83.0 -59.0
83.0 -57.0
83.0 -55.0
83.0 -53.0
83.0 -51.0
83.0 -49.0
83.0 -47.0
83.0 -45.0
81.0 -45.0
81.0 -47.0
81.0 -49.0
81.0 -51.0
81.0 -53.0
81.0 -55.0
81.0 -57.0
81.0 -59.0
81.0 -61.0
81.0 -63.0
81.0 -65.0
81.0 -67.0
81.0 -69.0
81.0 -71.0
81.0 -73.0
81.0 -75.0
81.0 -77.0
81.0 -79.0
81.0 -81.0
81.0 -83.0
81.0 -85.0
81.0 -87.0
81.0 -89.0
81.0 -91.0
81.0 -93.0
81.0 -95.0
81.0 -97.0
81.0 -99.0
81.0 -101.0
81.0 -103.0
81.0 -105.0
81.0 -107.0
81.0 -109.0
81.0 -111.0
81.0 -113.0
81.0 -115.0
81.0 -117.0
81.0 -119.0
81.0 -121.0
81.0 -123.0
81.0 -125.0
81.0 -127.0
79.0 -125.0
79.0 -123.0
79.0 -121.0
79.0 -119.0
79.0 -117.0
79.0 -115.0
79.0 -113.0
79.0 -111.0
79.0 -109.0
79.0 -107.0
79.0 -105.0
79.0 -103.0
79.0 -101.0
79.0 -99.0
79.0 -97.0
79.0 -95.0
79.0 -93.0
79.0 -91.0
79.0 -89.0
79.0 -87.0
79.0 -85.0
79.0 -83.0
79.0 -81.0
79.0 -79.0
79.0 -77.0
79.0 -75.0
79.0 -73.0
79.0 -71.0
79.0 -69.0
79.0 -67.0
79.0 -65.0
79.0 -63.0
79.0 -61.0
79.0 -59.0
79.0 -57.0
79.0 -55.0
79.0 -53.0
79.0 -51.0
79.0 -49.0
79.0 -47.0
79.0 -45.0
77.0 -45.0
77.0 -47.0
77.0 -49.0
77.0 -51.0
77.0 -53.0
77.0 -55.0
77.0 -57.0
77.0 -59.0
77.0 -61.0
77.0 -63.0
77.0 -65.0
77.0 -67.0
77.0 -69.0
77.0 -71.0
77.0 -73.0
77.0 -75.0
77.0 -77.0
77.0 -79.0
77.0 -81.0
77.0 -83.0
77.0 -85.0
77.0 -87.0
77.0 -89.0
77.0 -91.0
77.0 -93.0
77.0 -95.0
77.0 -97.0
77.0 -99.0
77.0 -101.0
77.0 -103.0
77.0 -105.0
77.0 -107.0
77.0 -109.0
77.0 -111.0
77.0 -113.0
77.0 -115.0
77.0 -117.0
77.0 -119.0
77.0 -121.0
77.0 -123.0
75.0 -121.0
75.0 -119.0
75.0 -117.0
75.0 -115.0
75.0 -113.0
75.0 -111.0
75.0 -109.0
75.0 -107.0
75.0 -105.0
75.0 -103.0
75.0 -101.0
75.0 -99.0
75.0 -97.0
75.0 -95.0
75.0 -93.0
75.0 -91.0
75.0 -89.0
75.0 -87.0
75.0 -85.0
75.0 -83.0
75.0 -81.0
75.0 -79.0
75.0 -77.0
75.0 -75.0
75.0 -73.0
75.0 -71.0
75.0 -69.0
75.0 -67.0
75.0 -65.0
75.0 -63.0
75.0 -61.0
75.0 -59.0
75.0 -57.0
75.0 -55.0
75.0 -53.0
75.0 -51.0
75.0 -49.0
75.0 -47.0
75.0 -45.0
73.0 -45.0
73.0 -47.0
73.0 -49.0
73.0 -51.0
73.0 -53.0
73.0 -55.0
73.0 -57.0
73.0 -59.0
73.0 -61.0
73.0 -63.0
73.0 -65.0
73.0 -67.0
73.0 -69.0
73.0 -71.0
73.0 -73.0
73.0 -75.0
73.0 -77.0
73.0 -79.0
73.0 -81.0
73.0 -83.0
73.0 -85.0
73.0 -87.0
73.0 -89.0
73.0 -91.0
73.0 -93.0
73.0 -95.0
73.0 -97.0
73.0 -99.0
73.0 -101.0
73.0 -103.0
73.0 -105.0
73.0 -107.0
73.0 -109.0
73.0 -111.0
73.0 -113.0
73.0 -115.0
73.0 -117.0
73.0 -119.0
71.0 -117.0
71.0 -115.0
71.0 -113.0
71.0 -111.0
71.0 -109.0
71.0 -107.0
71.0 -105.0
71.0 -103.0
71.0 -101.0
71.0 -99.0
71.0 -97.0
71.0 -95.0
71.0 -93.0
71.0 -91.0
71.0 -89.0
71.0 -87.0
71.0 -85.0
71.0 -83.0
71.0 -81.0
71.0 -79.0
71.0 -77.0
71.0 -75.0
71.0 -73.0
71.0 -71.0
71.0 -69.0
71.0 -67.0
71.0 -65.0
71.0 -63.0
71.0 -61.0
71.0 -59.0
71.0 -57.0
71.0 -55.0
71.0 -53.0
71.0 -51.0
71.0 -49.0
71.0 -47.0
71.0 -45.0
69.0 -47.0
69.0 -49.0
69.0 -51.0
69.0 -53.0
69.0 -55.0
69.0 -57.0
69.0 -59.0
69.0 -61.0
69.0 -63.0
69.0 -65.0
69.0 -67.0
69.0 -69.0
69.0 -71.0
69.0 -73.0
69.0 -75.0
69.0 -77.0
69.0 -79.0
69.0 -81.0
69.0 -83.0
69.0 -85.0
69.0 -87.0
69.0 -89.0
69.0 -91.0
69.0 -93.0
69.0 -95.0
69.0 -97.0
69.0 -99.0
69.0 -101.0
69.0 -103.0
69.0 -105.0
69.0 -107.0
69.0 -109.0
69.0 -111.0
69.0 -113.0
67.0 -111.0
67.0 -109.0
67.0 -107.0
67.0 -105.0
67.0 -103.0
67.0 -101.0
67.0 -99.0
67.0 -97.0
67.0 -95.0
67.0 -93.0
67.0 -91.0
67.0 -89.0
67.0 -87.0
67.0 -85.0
67.0 -83.0
67.0 -81.0
67.0 -79.0
67.0 -77.0
67.0 -75.0
67.0 -73.0
67.0 -71.0
67.0 -69.0
67.0 -67.0
67.0 -65.0
67.0 -63.0
67.0 -61.0
67.0 -59.0
67.0 -57.0
67.0 -55.0
67.0 -53.0
67.0 -51.0
67.0 -49.0
67.0 -47.0
65.0 -47.0
65.0 -49.0
65.0 -51.0
65.0 -53.0
65.0 -55.0
65.0 -57.0
65.0 -59.0
65.0 -61.0
65.0 -63.0
65.0 -65.0
65.0 -67.0
65.0 -69.0
65.0 -71.0
65.0 -73.0
65.0 -75.0
65.0 -77.0
65.0 -79.0
65.0 -81.0
65.0 -83.0
65.0 -85.0
65.0 -87.0
65.0 -89.0
65.0 -91.0
65.0 -93.0
65.0 -95.0
65.0 -97.0
65.0 -99.0
65.0 -101.0
65.0 -103.0
65.0 -105.0
65.0 -107.0
65.0 -109.0
63.0 -107.0
63.0 -105.0
63.0 -103.0
63.0 -101.0
63.0 -99.0
63.0 -97.0
63.0 -95.0
63.0 -93.0
63.0 -91.0
63.0 -89.0
63.0 -87.0
63.0 -85.0
63.0 -83.0
63.0 -81.0
63.0 -79.0
63.0 -77.0
63.0 -75.0
63.0 -73.0
63.0 -71.0
63.0 -69.0
63.0 -67.0
63.0 -65.0
63.0 -63.0
63.0 -61.0
63.0 -59.0
63.0 -57.0
63.0 -55.0
63.0 -53.0
63.0 -51.0
63.0 -49.0
61.0 -49.0
61.0 -51.0
61.0 -53.0
61.0 -55.0
61.0 -57.0
61.0 -59.0
61.0 -61.0
61.0 -63.0
61.0 -65.0
61.0 -67.0
61.0 -69.0
61.0 -71.0
61.0 -73.0
61.0 -75.0
61.0 -77.0
61.0 -79.0
61.0 -81.0
61.0 -83.0
61.0 -85.0
61.0 -87.0
61.0 -89.0
61.0 -91.0
61.0 -93.0
61.0 -95.0
61.0 -97.0
61.0 -99.0
61.0 -101.0
61.0 -103.0
61.0 -105.0
59.0 -101.0
59.0 -99.0
59.0 -97.0
59.0 -95.0
59.0 -93.0
59.0 -91.0
59.0 -89.0
59.0 -87.0
59.0 -85.0
59.0 -83.0
59.0 -81.0
59.0 -79.0
59.0 -77.0
59.0 -75.0
59.0 -73.0
59.0 -71.0
59.0 -69.0
59.0 -67.0
59.0 -65.0
59.0 -63.0
59.0 -61.0
59.0 -59.0
59.0 -57.0
59.0 -55.0
59.0 -53.0
59.0 -51.0
57.0 -51.0
57.0 -53.0
57.0 -55.0
57.0 -57.0
57.0 -59.0
57.0 -61.0
57.0 -63.0
57.0 -65.0
57.0 -67.0
57.0 -69.0
57.0 -71.0
57.0 -73.0
57.0 -75.0
57.0 -77.0
57.0 -79.0
57.0 -81.0
57.0 -83.0
57.0 -85.0
57.0 -87.0
57.0 -89.0
57.0 -91.0
57.0 -93.0
57.0 -95.0
57.0 -97.0
55.0 -95.0
55.0 -93.0
55.0 -91.0
55.0 -89.0
55.0 -87.0
55.0 -85.0
55.0 -83.0
55.0 -81.0
55.0 -79.0
55.0 -77.0
55.0 -75.0
55.0 -73.0
55.0 -71.0
55.0 -69.0
55.0 -67.0
55.0 -65.0
55.0 -63.0
55.0 -61.0
55.0 -59.0
55.0 -57.0
55.0 -55.0
55.0 -53.0
53.0 -57.0
53.0 -59.0
53.0 -61.0
53.0 -63.0
53.0 -65.0
53.0 -67.0
53.0 -69.0
53.0 -71.0
53.0 -73.0
53.0 -75.0
53.0 -77.0
53.0 -79.0
53.0 -81.0
53.0 -83.0
53.0 -85.0
53.0 -87.0
53.0 -89.0
51.0 -85.0
51.0 -83.0
51.0 -81.0
51.0 -79.0
51.0 -77.0
51.0 -75.0
51.0 -73.0
51.0 -71.0
51.0 -69.0
51.0 -67.0
51.0 -65.0
51.0 -63.0
51.0 -61.0
