70.403
69.036
65.048
58.75
50.837
42.486
35.57
31.545
31.232
34.164
38.53
43.02
46.977
49.889
51.599
52.065
51.606
50.896
50.571
50.895
51.606
52.064
51.599
49.887
46.976
43.02
38.53
34.163
31.232
31.543
35.57
42.486
50.837
58.75
65.048
69.036
70.404
69.486
67.528
62.936
56.082
47.726
39.288
32.546
29.224
30.153
33.709
38.381
42.999
46.997
49.94
51.486
51.717
50.986
49.979
49.427
49.68
50.407
50.853
50.427
48.769
45.94
42.109
37.691
33.682
31.429
32.327
36.729
43.966
52.14
59.593
65.312
68.713
69.486
66.785
64.229
59.024
51.594
42.841
34.275
28.135
26.37
28.528
32.641
37.385
42.054
45.97
48.642
49.793
49.497
48.204
46.869
46.366
46.935
47.945
48.58
48.251
46.746
43.996
40.215
35.931
32.037
30.132
31.394
36.446
43.881
51.718
58.66
63.791
66.608
66.785
62.451
59.284
53.478
45.485
36.355
28.165
23.744
23.74
26.572
30.95
35.71
40.229
43.823
45.936
46.359
45.314
43.588
42.32
42.344
43.455
44.754
45.585
45.391
44.003
41.269
37.412
32.98
29.107
27.363
29.438
35.051
42.327
49.733
56.082
60.631
62.852
62.453
56.751
53.033
46.634
38.223
29.39
22.843
20.421
21.458
24.559
28.827
33.427
37.535
40.509
41.833
41.458
39.896
38.232
37.594
38.302
39.799
41.34
42.307
42.19
40.765
37.848
33.721
29.018
25.17
24.186
27.026
32.67
39.533
46.352
52.081
56.048
57.712
56.751
50.166
45.949
39.285
31.321
24.135
19.72
18.363
19.594
22.564
26.543
30.629
34.09
36.243
36.843
36.088
34.682
33.689
33.765
34.883
36.53
38.116
39.078
38.843
37.159
33.914
29.445
24.87
21.62
21.406
24.348
29.531
35.749
41.868
47.008
50.417
51.601
50.165
43.377
39.208
33.377
27.196
21.997
18.592
17.334
18.188
20.628
24.007
27.422
30.185
31.814
32.3
31.904
31.222
30.941
31.362
32.461
33.981
35.375
36.078
35.525
33.475
30.121
25.905
21.864
19.33
19.217
21.616
25.945
31.331
36.754
41.308
44.294
45.101
43.377
37.943
35.028
31.059
26.569
22.208
18.858
17.048
17.144
18.85
21.525
24.401
26.921
28.725
29.692
30.061
30.079
30.058
30.37
31.12
32.197
33.159
33.484
32.698
30.786
27.833
24.264
20.79
18.311
17.594
18.985
22.274
26.741
31.492
35.618
38.362
39.162
37.943
35.861
34.584
31.863
28.024
23.763
19.926
17.352
16.569
17.556
19.843
22.679
25.475
27.829
29.493
30.389
30.688
30.618
30.585
30.801
31.302
31.836
32.027
31.533
30.104
27.754
24.632
21.201
18.204
16.552
16.823
19.001
22.585
26.799
30.814
33.88
35.603
35.861
36.899
36.36
34.019
30.252
25.78
21.439
18.162
16.709
17.363
19.637
22.738
25.957
28.753
30.781
31.952
32.336
32.171
31.76
31.488
31.535
31.942
32.375
32.279
31.288
29.153
26.009
22.321
18.808
16.316
15.537
16.735
19.665
23.798
28.339
32.467
35.517
36.898
39.031
38.605
36.272
32.385
27.655
22.902
19.18
17.485
18.102
20.545
23.848
27.289
30.307
32.553
33.917
34.354
34.08
33.433
32.847
32.778
33.31
33.929
34.005
32.992
30.737
27.47
23.648
19.901
16.934
15.484
16.101
18.892
23.474
28.832
33.763
37.37
39.031
40.89
40.386
37.919
33.853
28.805
23.748
19.864
18.2
18.974
21.487
24.919
28.504
31.714
34.125
35.595
36.04
35.622
34.816
34.144
34.111
34.743
35.373
35.306
34.142
31.832
28.544
24.756
20.989
17.901
16.279
16.825
19.901
24.942
30.636
35.694
39.267
40.89
41.864
41.264
38.599
34.25
28.89
23.603
19.696
18.232
19.161
21.834
25.399
29.161
32.523
35.092
36.565
36.877
36.241
35.228
34.556
34.615
35.242
35.781
35.609
34.394
32.133
28.999
25.3
21.588
18.547
17.026
17.838
21.238
26.423
32.031
36.952
40.38
41.865
41.815
41.033
38.124
33.476
27.796
22.342
18.59
17.403
18.56
21.417
25.16
29.064
32.571
35.15
36.473
36.498
35.582
34.403
33.783
33.93
34.552
35.036
34.867
33.751
31.639
28.655
25.101
21.44
18.463
17.1
18.21
21.806
26.947
32.396
37.129
40.447
41.815
40.758
39.771
36.595
31.585
25.669
20.254
16.791
15.902
17.325
20.372
24.265
28.28
31.779
34.192
35.228
34.877
33.684
32.468
31.924
32.212
32.873
33.392
33.351
32.422
30.483
27.633
24.104
20.488
17.574
16.384
17.719
21.369
26.425
31.718
36.32
39.515
40.759
38.99
37.797
34.325
29.086
23.137
17.952
14.805
14.185
15.798
18.981
22.958
26.946
30.314
32.421
33.076
32.405
31.083
29.952
29.544
29.946
30.691
31.339
31.443
30.715
28.917
26.115
22.611
18.959
16.102
15.076
16.51
20.123
25.042
30.225
34.754
37.857
38.99
36.942
35.59
31.996
26.776
21.034
16.131
13.205
12.688
14.36
17.574
21.52
25.425
28.484
30.288
30.657
29.855
28.571
27.557
27.262
27.699
28.552
29.337
29.617
29.015
27.323
24.558
21.043
17.42
14.594
13.561
14.927
18.412
23.211
28.358
32.861
35.933
36.942
35.255
33.915
30.431
25.455
19.998
15.286
12.372
11.778
13.341
16.481
20.333
24.037
26.89
28.465
28.746
28.012
26.854
25.914
25.627
26.036
26.946
27.867
28.303
27.834
26.217
23.469
19.964
16.334
13.467
12.304
13.439
16.732
21.44
26.573
31.127
34.236
35.255
34.59
33.427
30.166
25.443
20.203
15.543
12.474
11.633
13.029
16.001
19.72
23.277
26.03
27.588
27.943
27.318
26.291
25.383
25.019
25.383
26.291
27.318
27.943
27.587
26.03
23.277
19.72
16.001
13.029
11.634
12.474
15.544
20.203
25.443
30.167
33.427
34.59
