89.025
87.671
84.056
78.664
71.64
62.885
52.763
42.32
33.944
30.082
30.65
33.332
36.017
37.56
37.833
37.128
35.994
34.979
34.591
34.98
35.995
37.128
37.831
37.56
36.007
33.328
30.65
30.081
33.942
42.317
52.762
62.886
71.641
78.664
84.056
87.671
89.025
87.671
85.821
82.322
77.097
69.653
59.648
47.66
35.857
28.163
26.411
28.595
32.055
34.893
36.508
36.801
36.088
34.925
33.869
33.428
33.78
34.761
35.878
36.599
36.385
34.943
32.634
30.902
31.72
36.453
44.357
53.675
63.04
71.609
78.904
84.395
87.414
87.671
84.057
82.322
78.963
73.208
64.177
51.806
37.602
25.941
20.998
21.749
25.175
28.917
31.787
33.376
33.647
32.931
31.718
30.636
30.167
30.506
31.476
32.597
33.338
33.205
31.913
30.037
29.071
30.644
35.495
43.077
52.171
61.728
70.671
77.976
82.639
84.395
84.056
78.664
77.097
73.208
65.759
54.082
38.885
24.16
15.699
14.234
16.785
20.703
24.388
27.187
28.721
28.955
28.213
26.989
25.903
25.444
25.783
26.734
27.864
28.615
28.495
27.379
25.829
25.333
27.334
32.495
40.419
49.985
59.922
68.725
74.903
77.977
78.905
78.666
71.64
69.653
64.177
54.081
39.387
23.197
11.892
7.7442
8.649
11.923
15.777
19.361
22.049
23.509
23.723
22.954
21.74
20.658
20.204
20.528
21.451
22.54
23.269
23.167
22.12
20.797
20.715
23.393
29.296
37.8
47.697
57.237
64.529
68.725
70.672
71.609
71.641
62.885
59.648
51.806
38.887
23.197
10.475
3.9888
2.6753
4.5048
7.747
11.486
14.976
17.588
18.979
19.146
18.355
17.12
16.023
15.544
15.819
16.677
17.702
18.402
18.302
17.371
16.357
16.95
20.392
26.868
35.477
44.632
52.307
57.237
59.922
61.727
63.041
62.885
52.762
47.662
37.602
24.16
11.891
3.9888
0.49055
0.216
2.0519
5.2273
8.9437
12.379
14.944
16.287
16.364
15.497
14.185
13.025
12.474
12.687
13.507
14.485
15.19
15.179
14.445
13.933
15.097
18.814
25.04
32.545
39.576
44.632
47.696
49.985
52.171
53.675
52.762
42.317
35.857
25.941
15.699
7.7448
2.6752
0.21597
0
1.7712
4.97
8.7277
12.172
14.714
15.949
15.91
14.921
13.49
12.244
11.634
11.821
12.65
13.684
14.485
14.61
14.136
13.896
15.019
18.083
22.867
28.154
32.545
35.476
37.799
40.419
43.077
44.357
42.318
33.944
28.164
20.997
14.235
8.6486
4.5044
2.0519
1.7711
3.6164
6.8931
10.682
14.163
16.632
17.742
17.562
16.438
14.896
13.618
13.03
13.28
14.218
15.39
16.338
16.61
16.157
15.69
16
17.532
20.121
22.867
25.04
26.867
29.296
32.495
35.495
36.453
33.944
30.081
26.41
21.749
16.785
11.922
7.7469
5.2292
4.9699
6.8951
10.231
14.055
17.465
19.847
20.855
20.538
19.328
17.768
16.501
16.003
16.441
17.568
18.938
20.011
20.324
19.714
18.606
17.636
17.249
17.533
18.083
18.814
20.392
23.393
27.334
30.644
31.72
30.081
30.648
28.593
25.174
20.704
15.776
11.487
8.9439
8.7259
10.682
14.054
17.831
21.163
23.434
24.323
23.95
22.708
21.203
20.05
19.721
20.34
21.719
23.278
24.466
24.718
23.817
21.97
19.724
17.636
16.001
15.019
15.099
16.951
20.715
25.333
29.071
30.902
30.648
33.329
32.053
28.917
24.388
19.361
14.976
12.379
12.172
14.163
17.465
21.163
24.407
26.571
27.392
26.995
25.781
24.377
23.392
23.277
24.127
25.694
27.451
28.681
28.854
27.66
25.204
21.97
18.607
15.689
13.896
13.932
16.358
20.797
25.828
30.038
32.634
33.328
36.007
34.892
31.787
27.187
22.049
17.588
14.944
14.714
16.633
19.846
23.434
26.571
28.667
29.497
29.148
28.036
26.775
25.963
26.031
27.089
28.799
30.639
31.893
31.947
30.496
27.66
23.817
19.714
16.157
14.136
14.445
17.371
22.12
27.379
31.913
34.943
36.007
37.56
36.508
33.375
28.72
23.509
18.978
16.287
15.949
17.742
20.855
24.323
27.392
29.496
30.365
30.112
29.141
28.042
27.389
27.588
28.744
30.553
32.395
33.61
33.571
31.947
28.854
24.718
20.325
16.61
14.611
15.178
18.302
23.167
28.495
33.204
36.385
37.56
37.831
36.801
33.647
28.955
23.723
19.146
16.364
15.911
17.563
20.538
23.95
26.995
29.148
30.112
30.002
29.185
28.228
27.687
27.944
29.109
30.87
32.653
33.742
33.61
31.893
28.681
24.466
20.011
16.338
14.485
15.191
18.402
23.269
28.614
33.339
36.599
37.831
37.128
36.088
32.931
28.214
22.954
18.355
15.496
14.921
16.437
19.328
22.708
25.782
28.036
29.141
29.185
28.512
27.617
27.102
27.319
28.414
30.047
31.678
32.653
32.395
30.639
27.451
23.278
18.938
15.41
13.684
14.486
17.702
22.54
27.864
32.596
35.878
37.128
35.994
34.925
31.717
26.989
21.74
17.12
14.184
13.49
14.896
17.767
21.203
24.379
26.775
28.042
28.228
27.618
26.789
26.217
26.291
27.163
28.616
30.047
30.87
30.553
28.8
25.694
21.719
17.569
14.218
12.65
13.506
16.678
21.452
26.734
31.475
34.761
35.994
34.979
33.869
30.636
25.903
20.658
16.023
13.025
12.245
13.618
16.501
20.05
23.392
25.962
27.389
27.686
27.102
26.217
25.514
25.383
26
27.163
28.414
29.109
28.744
27.09
24.127
20.34
16.441
13.28
11.821
12.687
15.82
20.528
25.783
30.506
33.78
34.979
34.59
33.428
30.167
25.443
20.203
15.543
12.474
11.634
13.03
16.002
19.721
23.277
26.03
27.589
27.944
27.319
26.291
25.383
25.019
25.383
26.291
27.319
27.944
27.588
26.03
23.277
19.721
16.002
13.03
11.634
12.476
15.543
20.203
25.443
30.167
33.428
34.59
