0
0.097537
0.47327
1.1113
1.9967
3.1158
4.4569
6.0105
7.7691
9.7264
11.878
14.223
16.757
19.489
22.399
25.499
28.788
32.272
35.951
39.825
43.892
48.151
52.599
57.231
62.042
67.022
72.163
77.456
78.319
73.03
67.888
62.902
58.081
53.432
48.959
44.671
40.567
36.651
32.924
29.387
26.037
22.873
19.888
17.098
14.499
12.092
9.8805
7.8688
6.0621
4.4684
3.0978
1.9619
1.0726
0.44494
0.094912
0.038831
0.29371
0.87537
1.8009
3.0875
4.7517
6.8096
9.2772
12.165
15.487
19.256
23.485
28.182
33.361
39.028
45.19
51.85
59.009
66.663
74.807
78.606
70.173
62.238
54.807
47.882
41.465
35.553
30.141
25.22
20.782
16.815
13.307
10.247
7.6201
5.415
3.6176
2.212
1.1832
0.5135
0.18512
0.18389
0.4926
1.0941
1.9725
3.1122
4.4999
6.1208
7.9673
10.026
12.291
14.756
17.418
20.272
23.323
26.553
29.967
33.565
37.347
41.313
45.462
49.785
54.288
58.963
63.804
68.805
73.957
79.253
80.242
74.933
69.764
64.741
59.872
55.163
50.621
46.25
42.053
38.034
34.191
30.529
27.049
23.746
20.638
17.723
15.004
12.486
10.174
8.0763
6.2031
4.5663
3.1761
2.048
1.196
0.63653
0.38595
0.46141
0.87705
1.6511
2.7998
4.3386
6.284
8.6503
11.449
14.695
18.401
22.578
27.24
32.393
38.05
44.219
50.901
58.098
65.812
74.038
78.269
69.741
61.735
54.253
47.297
40.864
34.952
29.552
24.658
20.259
16.344
12.9
9.9151
7.3766
5.27
3.5838
2.3017
1.4073
0.88655
0.72246
0.89858
1.3993
2.2085
3.3101
4.6866
6.3257
8.2138
10.337
12.685
15.25
18.02
20.993
24.16
27.519
31.072
34.801
38.704
42.788
47.038
51.46
56.048
60.797
65.7
70.753
75.947
76.991
71.766
66.677
61.731
56.935
52.296
47.818
43.504
39.361
35.391
31.6
27.988
24.565
21.342
18.32
15.505
12.906
10.533
8.3955
6.5079
4.8827
3.534
2.4759
1.7267
1.301
1.2146
1.4861
2.1247
3.156
4.5833
6.4294
8.709
11.434
14.615
18.269
22.404
27.035
32.173
37.827
44.003
50.71
57.949
65.724
74.033
78.693
70.073
61.995
54.462
47.473
41.024
35.108
29.719
24.847
20.481
16.609
13.219
10.298
7.8338
5.8131
4.2225
3.0473
2.2733
1.8836
1.8642
2.1989
2.8726
3.8696
5.1743
6.771
8.6424
10.778
13.164
15.785
18.633
21.7
24.969
28.442
32.108
35.968
40.002
44.209
48.586
53.123
57.819
62.666
67.66
72.792
78.055
79.131
73.824
68.645
63.598
58.695
53.94
49.34
44.901
40.631
36.53
32.62
28.902
25.384
22.071
18.976
16.106
13.475
11.094
8.975
7.1337
5.5838
4.3412
3.4212
2.8386
2.6102
2.7497
3.2729
4.1957
5.5298
7.2928
9.4971
12.158
15.283
18.89
22.99
27.594
32.716
38.365
44.55
51.281
58.561
66.395
74.784
71.152
63.008
55.428
48.41
41.948
36.032
30.654
25.803
21.468
17.637
14.295
11.432
9.0346
7.0892
5.583
4.502
3.8314
3.5585
3.6657
4.1407
4.9683
6.1332
7.6205
9.4144
11.5
13.862
16.487
19.364
22.478
25.819
29.376
33.137
37.097
41.253
45.582
50.081
54.744
59.559
64.521
69.622
74.855
80.211
81.287
75.879
70.591
65.432
60.411
55.534
50.813
46.258
41.876
37.68
33.68
29.882
26.301
22.943
19.824
16.95
14.345
12.018
9.9824
8.2529
6.8452
5.7739
5.0543
4.7005
4.7262
5.1467
5.9753
7.2263
8.9132
11.05
13.649
16.724
20.286
24.349
28.926
34.029
39.669
45.857
52.605
59.918
67.804
76.264
72.95
64.752
57.135
50.097
43.629
37.721
32.361
27.539
23.237
19.449
16.158
13.35
11.013
9.1372
7.7075
6.7103
6.1325
5.9603
6.18
6.7779
7.7406
9.0531
10.702
12.68
14.953
17.519
20.362
23.469
26.829
30.422
34.241
38.274
42.508
46.934
51.54
56.315
61.248
66.328
71.548
76.891
82.353
83.404
77.889
72.484
67.211
62.08
57.096
52.27
47.623
43.162
38.903
34.849
31.022
27.429
24.087
21.01
18.206
15.695
13.489
11.602
10.044
8.841
8.0009
7.5374
7.4635
7.7927
8.5369
9.7105
11.326
13.398
15.937
18.96
22.472
26.494
31.036
36.111
41.733
47.914
54.667
62.001
69.925
78.445
75.442
67.203
59.567
52.524
46.064
40.176
34.846
30.059
25.802
22.06
18.822
16.073
13.801
11.994
10.637
9.7178
9.2241
9.1425
9.4606
10.165
11.245
12.692
14.48
16.601
19.041
21.784
24.818
28.127
31.699
35.522
39.576
43.852
48.335
53.014
57.873
62.901
68.084
73.409
78.863
84.436
79.825
74.321
68.952
63.729
58.671
53.783
49.087
44.594
40.319
36.276
32.48
28.945
25.685
22.714
20.046
17.695
15.675
13.993
12.677
11.734
11.174
11.01
11.256
11.921
13.02
14.565
16.57
19.046
22.007
25.466
29.437
33.932
38.967
44.557
50.715
57.457
64.795
72.739
78.603
70.347
62.71
55.682
49.25
43.399
38.113
33.378
29.177
25.494
22.318
19.635
17.432
15.693
14.412
13.567
13.154
13.159
13.561
14.36
15.54
17.088
19
21.247
23.824
26.715
29.908
33.388
37.141
41.153
45.409
49.894
54.593
59.492
64.573
69.824
75.228
80.771
81.71
76.138
70.711
65.449
60.359
55.465
50.78
46.321
42.102
38.139
34.447
31.04
27.931
25.137
22.667
20.53
18.754
17.342
16.308
15.661
15.415
15.58
16.168
17.191
18.663
20.595
23
25.891
29.283
33.188
37.621
42.599
48.136
54.251
60.959
68.276
76.216
74.152
66.539
59.552
53.172
47.381
42.162
37.497
33.369
29.763
26.664
24.057
21.93
20.27
19.063
18.299
17.964
18.045
18.532
19.414
20.681
22.321
24.319
26.67
29.359
32.366
35.684
39.297
43.191
47.353
51.767
56.418
61.29
66.366
71.629
77.062
82.651
83.607
78.02
72.596
67.353
62.31
57.481
52.884
48.534
44.449
40.64
37.123
33.906
31.014
28.454
26.238
24.378
22.885
21.77
21.045
20.719
20.805
21.314
22.257
23.646
25.496
27.816
30.622
33.928
37.747
42.097
46.993
52.455
58.5
65.146
72.414
78.578
71.026
64.111
57.812
52.109
46.982
42.413
38.381
34.871
31.868
29.358
27.32
25.749
24.628
23.947
23.695
23.853
24.419
25.377
26.719
28.432
30.507
32.931
35.694
38.784
42.187
45.892
49.891
54.157
58.682
63.445
68.435
73.635
79.028
80.115
74.775
69.631
64.714
60.035
55.606
51.445
47.565
43.98
40.703
37.747
35.123
32.842
30.916
29.354
28.168
27.368
26.965
26.967
27.389
28.243
29.538
31.288
33.506
36.208
39.405
43.116
47.356
52.145
57.501
63.444
69.998
77.184
76.154
69.345
63.163
57.577
52.573
48.127
44.218
40.829
37.944
35.546
33.621
32.154
31.133
30.546
30.379
30.622
31.268
32.294
33.701
35.475
37.606
40.083
42.895
46.033
49.484
53.236
57.277
61.592
66.167
70.987
76.045
81.31
77.471
72.531
67.827
63.375
59.191
55.287
51.675
48.369
45.381
42.718
40.393
38.416
36.797
35.545
34.672
34.187
34.102
34.428
35.177
36.362
37.995
40.09
42.662
45.727
49.303
53.403
58.053
63.271
69.08
75.504
75.248
69.216
63.788
58.939
54.647
50.893
47.652
44.913
42.652
40.859
39.517
38.612
38.131
38.063
38.394
39.113
40.211
41.675
43.497
45.667
48.174
51.008
54.163
57.619
61.374
65.413
69.722
74.29
79.103
76.303
71.889
67.734
63.853
60.258
56.959
53.967
51.291
48.942
46.929
45.262
43.948
43.001
42.431
42.248
42.465
43.094
44.148
45.641
47.589
50.005
52.909
56.315
60.247
64.723
69.766
75.401
75.978
70.744
66.089
61.989
58.42
55.36
52.793
50.7
49.065
47.868
47.098
46.74
46.781
47.208
48.01
49.176
50.691
52.551
54.747
57.261
60.091
63.223
66.652
70.363
74.35
78.599
77.136
73.326
69.787
66.529
63.563
60.896
58.539
56.501
54.791
53.419
52.397
51.733
51.442
51.537
52.027
52.927
54.256
56.027
58.259
60.97
64.174
67.9
72.164
76.992
78.46
74.038
70.165
66.819
63.975
61.614
59.717
58.264
57.239
56.625
56.407
56.572
57.105
57.993
59.227
60.793
62.682
64.888
67.39
70.192
73.276
76.639
77.133
74.219
71.583
69.229
67.176
65.429
63.998
62.896
62.131
61.719
61.671
62.004
62.731
63.869
65.436
67.451
69.934
72.901
76.38
79.205
76.119
73.527
71.406
69.735
68.493
67.666
67.227
67.169
67.47
68.119
69.102
70.406
72.021
73.932
76.134
78.994
77.214
75.723
74.535
73.662
73.116
72.912
73.067
73.596
74.517
75.85
77.615
79.792
79.182
78.945
79.063
79.517
0.20316
0.70797
1.5457
2.7297
4.2755
6.2004
8.5202
11.249
14.4
17.984
22.015
26.504
31.461
36.894
42.812
49.218
56.114
63.498
71.365
79.708
76.338
68.268
60.669
53.544
46.901
40.737
35.051
29.838
25.09
20.798
16.951
13.537
10.545
7.9617
5.7743
3.9669
2.5233
1.4266
0.65997
0.20639
0.049254
0.17194
0.55779
1.191
2.0577
3.147
4.448
5.9538
7.6572
9.5548
11.644
13.923
16.399
19.056
21.902
24.942
28.179
31.615
35.253
39.092
43.134
47.37
51.806
56.429
61.235
66.218
71.367
76.672
75.978
70.652
65.487
60.493
55.679
51.054
46.626
42.399
38.378
34.567
30.959
27.562
24.372
21.386
18.598
16.005
13.603
11.383
9.3591
7.5284
5.8831
4.4327
3.1791
2.1333
1.2936
0.6799
0.2987
0.16638
0.29862
0.7124
1.4238
2.4502
3.806
5.5117
7.5827
10.035
12.882
16.139
19.816
23.925
28.477
33.483
38.949
44.882
51.286
58.161
65.505
73.311
78.619
70.617
63.063
55.964
49.326
43.15
37.433
32.174
27.364
22.992
19.054
15.53
12.418
9.7
7.3648
5.3945
3.7753
2.4877
1.5167
0.84452
0.45552
0.33257
0.45957
0.82097
1.4048
2.2015
3.201
4.3985
5.788
7.3676
9.1372
11.092
13.247
15.585
18.119
20.853
23.795
26.948
30.313
33.895
37.692
41.704
45.928
50.361
54.996
59.825
64.84
70.029
75.383
80.89
80.436
74.9
69.509
64.287
59.244
54.391
49.737
45.289
41.057
37.044
33.254
29.687
26.342
23.219
20.314
17.624
15.143
12.863
10.782
8.8818
7.1786
5.6655
4.3408
3.2034
2.2602
1.5113
0.96831
0.63802
0.53056
0.65913
1.0389
1.6869
2.6193
3.8527
5.4041
7.288
9.5237
12.126
15.11
18.489
22.274
26.477
31.109
36.176
41.687
47.649
54.062
60.927
68.241
75.996
73.689
66.169
59.084
52.439
46.24
40.479
35.157
30.27
25.805
21.756
18.112
14.861
11.991
9.4877
7.3363
5.5195
4.0215
2.826
1.9166
1.2775
0.89183
0.74404
0.82
1.1094
1.6056
2.2961
3.1813
4.2522
5.5107
6.9578
8.6012
10.43
12.456
14.684
17.124
19.78
22.653
25.756
29.089
32.652
36.447
40.473
44.723
49.19
53.873
58.759
63.84
69.103
74.538
80.123
79.953
74.302
68.823
63.51
58.383
53.455
48.735
44.233
39.956
35.911
32.103
28.532
25.201
22.108
19.25
16.622
14.219
12.033
10.059
8.2865
6.7122
5.3226
4.1304
3.1251
2.3049
1.6736
1.2346
0.99443
0.95986
1.1393
1.5461
2.1892
3.09
4.263
5.7242
7.4888
9.5733
11.994
14.765
17.904
21.422
25.331
29.642
34.365
39.508
45.078
51.08
57.517
64.385
71.682
77.456
69.958
62.873
56.21
49.971
44.156
38.762
33.783
29.212
25.039
21.255
17.848
14.806
12.116
9.762
7.7284
6
4.5604
3.396
2.4885
1.8242
1.3874
1.1664
1.1519
1.338
1.7158
2.2825
3.035
3.9751
5.1095
6.4299
7.9485
9.6705
11.603
13.754
16.135
18.744
21.594
24.688
28.028
31.616
35.45
39.525
43.841
48.382
53.148
58.128
63.309
68.681
74.223
79.938
86.028
80.09
74.305
68.693
63.253
58.008
52.968
48.146
43.55
39.19
35.074
31.206
27.59
24.23
21.124
18.27
15.665
13.302
11.174
9.2754
7.595
6.1256
4.8605
3.7939
2.9114
2.2257
1.7259
1.4115
1.2871
1.3562
1.6264
2.1071
2.8005
3.7263
4.8979
6.3295
8.0373
10.036
12.34
14.965
17.926
21.237
24.914
28.963
33.399
38.226
43.457
49.097
55.151
61.62
68.503
75.795
74.399
67.305
60.613
54.325
48.444
42.964
37.881
33.188
28.878
24.936
21.353
18.121
15.224
12.648
10.378
8.3995
6.6985
5.2601
4.0697
3.1129
2.376
1.8477
1.5223
1.3935
1.4566
1.7037
2.1334
2.7544
3.5771
4.5891
5.8057
7.2338
8.8812
10.757
12.871
15.229
17.842
20.711
23.839
27.231
30.885
34.798
38.967
43.382
48.039
52.931
58.038
63.358
68.86
74.557
80.422
86.44
87.053
80.947
74.996
69.215
63.627
58.229
53.042
48.078
43.349
38.866
34.636
30.668
26.964
23.529
20.365
17.47
14.841
12.474
10.363
8.4995
6.8748
5.479
4.3029
3.34
2.5798
2.0087
1.6412
1.4615
1.4675
1.6608
2.0461
2.6293
3.4155
4.414
5.635
7.0922
8.7998
10.774
13.024
15.566
18.415
21.584
25.087
28.937
33.143
37.716
42.665
47.997
53.72
59.837
66.35
73.257
72.357
65.626
59.281
53.322
47.744
42.544
37.716
33.244
29.128
25.355
21.914
18.792
15.975
13.452
11.207
9.2256
7.4987
6.0111
4.7492
3.7016
2.8599
2.2168
1.768
1.508
1.4347
1.5495
1.869
2.3752
3.0868
4.011
5.1551
6.5289
8.1422
10.006
12.126
14.513
17.171
20.104
23.315
26.804
30.568
34.604
38.906
43.465
48.275
53.323
58.596
64.073
69.76
75.634
81.678
87.876
82.627
76.484
70.512
64.726
59.152
53.783
48.644
43.748
39.099
34.716
30.603
26.768
23.214
19.943
16.959
14.26
11.841
9.6971
7.8228
6.2084
4.8452
3.7221
2.8293
2.1574
1.6981
1.4456
1.3773
1.5156
1.8438
2.3594
3.0638
3.9666
5.0705
6.381
7.908
9.6649
11.664
13.917
16.437
19.236
22.327
25.723
29.435
33.477
37.857
42.584
47.67
53.114
58.93
65.12
71.686
71.234
64.822
58.774
53.088
47.756
42.774
38.133
33.826
29.842
26.174
22.809
19.735
16.939
14.41
12.137
10.109
8.3113
6.7346
5.3679
4.2047
3.239
2.467
1.8853
1.4936
1.3095
1.3104
1.5164
1.9366
2.5774
3.4503
4.5625
5.9279
7.5556
9.4544
11.632
14.096
16.851
19.897
23.237
26.871
30.786
34.986
39.461
44.202
49.199
54.441
59.903
65.591
71.482
77.561
83.81
85.244
78.883
72.69
66.686
60.884
55.311
49.959
44.854
40.007
35.431
31.133
27.122
23.403
19.982
16.861
14.04
11.52
9.294
7.357
5.7032
4.3228
3.206
2.3428
1.7234
1.3325
1.1659
1.2112
1.4633
1.9006
2.5467
3.3846
4.4156
5.6426
7.0699
8.7022
10.548
12.616
14.921
17.47
20.275
23.346
26.696
30.335
34.274
38.525
43.093
47.99
53.224
58.795
64.716
70.987
70.934
64.789
58.981
53.505
48.357
43.53
39.016
34.808
30.897
27.273
23.925
20.843
18.018
15.438
13.096
10.979
9.0777
7.3846
5.8917
4.5991
3.5026
2.6008
1.9093
1.4042
1.1055
1.0205
1.1579
1.5279
2.1409
3.0085
4.1415
5.55
7.2432
9.2293
11.516
14.107
17.007
20.215
23.729
27.546
31.661
36.067
40.756
45.718
50.941
56.402
62.105
68.027
74.153
80.465
86.937
88.932
82.32
75.879
69.624
63.573
57.742
52.153
46.814
41.727
36.915
32.39
28.159
24.232
20.614
17.307
14.316
11.642
9.2821
7.2328
5.4872
4.0379
2.8732
1.9881
1.3698
1.007
0.88886
1.0032
1.3406
1.8925
2.6517
3.6009
4.7597
6.1172
7.6736
9.431
11.392
13.565
15.955
18.574
21.431
24.534
27.896
31.517
35.414
39.595
44.069
48.842
53.922
59.315
65.027
71.063
71.355
65.416
59.785
54.458
49.431
44.696
40.249
36.08
32.183
28.547
25.166
22.031
19.134
16.467
14.022
11.789
9.7626
7.9396
6.3186
4.8986
3.6912
2.6778
1.8713
1.2813
0.91559
0.78366
0.89679
1.266
1.9035
2.819
4.0251
5.5289
7.341
9.4689
11.915
14.686
17.78
21.197
24.924
28.976
33.332
37.986
42.932
48.152
53.63
59.363
65.332
71.52
77.911
84.488
86.979
80.259
73.723
67.391
61.277
55.398
49.776
44.409
39.321
34.523
30.028
25.846
21.98
18.44
15.23
12.351
9.8036
7.5908
5.6972
4.1234
2.8602
1.8991
1.2294
0.84111
0.72096
0.85828
1.2408
1.8585
2.7021
3.7629
5.0249
6.5031
8.1864
10.074
12.166
14.464
16.97
19.691
22.636
25.811
29.225
32.884
36.794
40.963
45.399
50.11
55.1
60.376
65.941
71.801
72.383
66.587
61.062
55.823
50.855
46.158
41.717
37.544
33.611
29.919
26.466
23.242
20.243
17.461
14.89
12.526
10.369
8.42
6.6785
5.1549
3.8372
2.7391
1.8686
1.2347
0.84728
0.71779
0.85835
1.2814
1.9924
3.0144
4.3503
6.0088
7.9967
10.32
12.986
15.985
19.326
23.002
27.009
31.34
35.985
40.935
46.176
51.692
57.472
63.505
69.772
76.257
82.943
85.988
79.146
72.501
66.073
59.878
53.932
48.257
42.853
37.741
32.934
28.445
24.283
20.456
16.97
13.83
11.037
8.5933
6.4949
4.7379
3.3135
2.2155
1.435
0.96269
0.78757
0.89406
1.2736
1.9121
2.798
3.9224
5.2822
6.8588
8.6477
10.654
12.867
15.295
17.932
20.778
23.838
27.114
30.616
34.349
38.314
42.52
46.972
51.674
56.632
61.85
67.332
73.088
73.892
68.178
62.718
57.509
52.548
47.832
43.356
39.116
35.107
31.327
27.771
24.433
21.31
18.397
15.696
13.207
10.931
8.8764
7.038
5.4245
4.0442
2.9054
2.016
1.3869
1.0319
0.95944
1.1878
1.7264
2.586
3.7754
5.3041
7.1768
9.4019
11.982
14.92
18.214
21.858
25.851
30.179
34.838
39.815
45.099
50.67
56.523
62.64
69.006
75.603
82.415
79.108
72.332
65.787
59.488
53.453
47.696
42.235
37.076
32.236
27.727
23.56
19.743
16.282
13.183
10.449
8.081
6.074
4.4262
3.1281
2.1731
1.5524
1.2552
1.272
1.59
2.1955
3.0742
4.2156
5.6095
7.248
9.1238
11.228
13.553
16.095
18.857
21.835
25.022
28.424
32.041
35.876
39.934
44.216
48.726
53.467
58.442
63.655
69.106
74.8
75.791
70.105
64.649
59.422
54.423
49.648
45.096
40.764
36.651
32.756
29.076
25.609
22.356
19.32
16.502
13.908
11.538
9.3999
7.5016
5.8508
4.4545
3.3242
2.4702
1.905
1.643
1.6971
2.0795
2.8008
3.868
5.2921
7.0797
9.2372
11.768
14.671
17.946
21.588
25.59
29.946
34.645
39.678
45.031
50.682
56.632
62.859
69.348
76.083
83.048
80.294
73.36
66.669
60.237
54.084
48.223
42.676
37.439
32.535
27.978
23.777
19.94
16.474
13.386
10.678
8.3515
6.4058
4.8353
3.6361
2.7965
2.3104
2.1676
2.3559
2.8636
3.6777
4.7808
6.1637
7.815
9.7259
11.888
14.292
16.931
19.795
22.887
26.199
29.728
33.472
37.431
41.603
45.992
50.591
55.409
60.442
65.694
71.164
76.854
77.979
72.274
66.78
61.495
56.419
51.552
46.895
42.45
38.216
34.194
30.393
26.801
23.435
20.299
17.39
14.718
12.291
10.118
8.2083
6.5703
5.2148
4.1533
3.3994
2.9678
2.8715
3.1227
3.733
4.7096
6.0628
7.7987
9.9216
12.434
15.336
18.625
22.295
26.342
30.755
35.528
40.648
46.093
51.864
57.939
64.306
70.948
77.848
75.73
68.868
62.278
55.976
49.978
44.311
38.963
33.962
29.321
25.046
21.154
17.65
14.538
11.822
9.5048
7.5843
6.058
4.9212
4.1664
3.7857
3.7689
4.1044
4.7796
5.7793
7.0902
8.6994
10.594
12.765
15.202
17.895
20.836
24.016
27.425
31.066
34.929
39.01
43.305
47.813
52.528
57.449
62.574
67.901
73.428
79.156
80.379
74.619
69.051
63.676
58.497
53.518
48.743
44.176
39.822
35.685
31.77
28.088
24.636
21.425
18.464
15.762
13.328
11.173
9.3087
7.747
6.5005
5.5831
5.0091
4.7917
4.9437
5.4759
6.3971
7.7141
9.4327
11.557
14.087
17.027
20.368
24.105
28.234
32.745
37.631
42.872
48.446
54.365
60.601
67.137
73.958
81.046
79.609
72.55
65.771
59.29
53.122
47.282
41.8
36.661
31.894
27.511
23.522
19.935
16.759
13.995
11.648
9.7198
8.1947
7.0856
6.3816
6.0706
6.147
6.5978
7.4099
8.5697
10.063
11.877
13.998
16.413
19.112
22.081
25.312
28.792
32.51
36.47
40.658
45.066
49.69
54.525
59.562
64.799
70.227
75.841
81.641
87.622
88.956
82.937
77.091
71.426
65.939
60.646
55.552
50.663
45.986
41.528
37.296
33.308
29.556
26.057
22.82
19.856
17.179
14.803
12.736
10.993
9.5915
8.541
7.8592
7.5562
7.6445
8.1357
9.0367
10.356
12.097
14.264
16.856
19.874
23.312
27.164
31.421
36.072
41.107
46.512
52.257
58.358
64.785
71.521
78.551
77.893
70.888
64.192
57.819
51.785
46.118
40.804
35.873
31.335
27.203
23.486
20.194
17.332
14.906
12.917
11.363
10.241
9.5458
9.2686
9.4015
9.9314
10.846
12.131
13.776
15.765
18.085
20.724
23.666
26.895
30.398
34.165
38.186
42.443
46.944
51.668
56.609
61.758
67.105
72.644
78.367
84.264
90.328
91.728
85.614
79.664
73.888
68.298
62.896
57.698
52.711
47.946
43.423
39.134
35.099
31.331
27.835
24.632
21.736
19.163
16.925
15.038
13.514
12.369
11.614
11.262
11.327
11.819
12.747
14.116
15.932
18.194
20.902
24.052
27.636
31.648
36.072
40.902
46.125
51.717
57.686
64.008
70.67
77.652
77.843
70.881
64.253
57.976
52.065
46.544
41.407
36.675
32.36
28.471
25.018
22.009
19.45
17.348
15.703
14.515
13.779
13.488
13.631
14.199
15.178
16.553
18.316
20.444
22.93
25.759
28.911
32.374
36.13
40.165
44.465
49.019
53.803
58.828
64.069
69.517
75.162
80.988
86.99
93.155
94.609
88.392
82.34
76.465
70.779
65.288
60.011
54.97
50.157
45.595
41.298
37.281
33.56
30.152
27.072
24.337
21.964
19.967
18.361
17.162
16.381
16.032
16.127
16.675
17.685
19.162
21.107
23.518
26.39
29.716
33.487
37.696
42.333
47.39
52.845
58.704
64.942
71.545
78.489
79.606
72.67
66.093
59.891
54.087
48.682
43.698
39.144
35.033
31.377
28.174
25.437
23.17
21.38
20.068
19.233
18.868
18.966
19.516
20.507
21.927
23.76
25.992
28.608
31.589
34.919
38.58
42.557
46.832
51.385
56.203
61.27
66.56
72.081
77.808
83.727
89.824
96.088
97.598
91.291
85.152
79.198
73.442
67.911
62.598
57.53
52.724
48.198
43.97
40.058
36.481
33.256
30.401
27.937
25.877
24.241
23.042
22.293
22.006
22.191
22.858
24.005
25.645
27.77
30.373
33.46
37.018
41.039
45.516
50.436
55.787
61.549
67.72
74.278
81.207
76.383
69.836
63.688
57.963
52.659
47.798
43.391
39.449
35.986
33.008
30.519
28.535
27.042
26.049
25.551
25.543
26.016
26.961
28.365
30.215
32.496
35.191
38.281
41.747
45.567
49.725
54.2
58.972
64.023
69.335
74.873
80.646
86.625
92.796
94.349
88.157
82.165
76.398
70.855
65.568
60.558
55.84
51.442
47.383
43.681
40.361
37.44
34.94
32.884
31.274
30.137
29.481
29.316
29.653
30.486
31.841
33.707
36.08
38.96
42.339
46.208
50.551
55.361
60.625
66.321
72.455
78.995
82.135
75.585
69.457
63.781
58.55
53.784
49.491
45.689
42.389
39.602
37.331
35.584
34.361
33.661
33.49
33.821
34.656
35.982
37.786
40.053
42.767
45.906
49.453
53.386
57.675
62.307
67.255
72.499
78.014
83.778
89.761
95.962
97.649
91.462
85.486
79.754
74.29
69.118
64.26
59.743
55.59
51.825
48.47
45.549
43.08
41.083
39.573
38.565
38.065
38.098
38.661
39.763
41.399
43.572
46.277
49.506
53.25
57.496
62.232
67.441
73.11
79.243
83.446
77.289
71.613
66.411
61.697
57.488
53.793
50.626
47.997
45.91
44.374
43.389
42.95
43.061
43.707
44.887
46.575
48.76
51.423
54.547
58.108
62.085
66.453
71.186
76.26
81.646
87.321
93.258
99.431
95.184
89.311
83.721
78.442
73.502
68.929
64.749
60.988
57.671
54.819
52.454
50.592
49.258
48.464
48.224
48.543
49.422
50.865
52.872
55.436
58.554
62.208
66.392
71.097
76.305
82.005
87.261
81.527
76.297
71.587
67.414
63.785
60.71
58.201
56.263
54.902
54.119
53.912
54.279
55.21
56.692
58.714
61.252
64.284
67.787
71.738
76.11
80.879
86.014
91.487
93.888
88.569
83.617
79.062
74.933
71.253
68.05
65.351
63.179
61.557
60.494
60.014
60.12
60.816
62.103
63.982
66.448
69.495
73.109
77.285
82.011
87.268
83.487
79.295
75.682
72.65
70.215
68.383
67.157
66.538
66.524
67.109
68.286
70.043
72.358
75.206
78.569
82.412
86.71
86.216
82.709
79.72
77.275
75.401
74.117
73.437
73.371
73.923
75.1
76.897
79.314
82.341
